-0 0 -0 0 0 -0 
-0.0136291 0.106819 -0.233684 0.126865 0.0136291 -2.13738e-07 
-0.0266344 0.212584 -0.464747 0.252163 0.0266344 -4.2509e-07 
-0.0358961 0.312023 -0.680087 0.368064 0.0358961 -6.22122e-07 
-0.0333034 0.39143 -0.845639 0.454209 0.0333034 -7.73809e-07 
-0.00325838 0.424448 -0.895891 0.471443 0.00325838 -8.20488e-07 
0.0785097 0.362877 -0.713772 0.350895 -0.0785097 -6.55458e-07 
0.216758 0.168029 -0.214761 0.046732 -0.216758 -2.01408e-07 
0.199374 -0.0186673 0.167229 -0.148562 -0.199374 1.48839e-07 
-0.142679 -0.0900101 0.0979993 -0.00798919 0.142679 9.28565e-08 
-0.723184 -0.0210406 -0.419784 0.440824 0.723184 -3.67923e-07 
-1.05633 0.0551003 -0.802565 0.747465 1.05633 -6.29062e-07 
-0.9299 0.0712781 -0.771522 0.700244 0.9299 -4.52055e-07 
-0.618593 0.0556522 -0.554119 0.498467 0.618593 -1.15632e-07 
-0.30435 0.0314873 -0.313775 0.282287 0.30435 2.12668e-07 
-0.00809477 0.00878192 -0.157377 0.148595 0.00809477 1.1417e-06 
0.609608 -0.072285 0.28897 -0.216685 -0.609608 2.85444e-06 
0.440791 -0.135344 0.286203 -0.150859 -0.440791 3.51265e-06 
0.123619 -0.0640606 -0.0001492 0.06421 -0.123619 3.07744e-06 
-0.0160384 0.176557 -0.45559 0.279033 0.0160384 2.09067e-06 
-0.0174015 0.275339 -0.58238 0.307041 0.0174015 1.58966e-08 
0.0434526 0.104825 -0.248325 0.1435 -0.0434526 -1.32037e-06 
0.130169 -0.0497953 0.0131186 0.0366768 -0.130169 -2.79421e-06 
0.198939 -0.136853 0.136596 0.000257381 -0.198939 -3.81017e-06 
0.0526877 0.144227 -0.370402 0.226175 -0.0526877 -9.26354e-07 
-0.0522842 0.321773 -0.684884 0.36311 0.0522842 -6.3424e-07 
-0.0502956 0.281747 -0.606869 0.325123 0.0502956 -3.08062e-06 
0.0426779 0.0966237 -0.25732 0.160696 -0.0426779 -1.78868e-06 
0.14655 -0.068225 0.0385587 0.0296663 -0.14655 7.30866e-07 
0.143145 -0.124903 0.102762 0.0221408 -0.143145 1.61918e-06 
-0.125997 0.0674456 -0.301158 0.233712 0.125997 -1.35287e-06 
-0.0242573 0.227886 -0.500902 0.273016 0.0242573 -1.24268e-06 
0.620997 0.183978 -0.16507 -0.0189075 -0.620997 4.44526e-06 
0.741112 0.100795 0.012076 -0.112871 -0.741112 5.91744e-06 
0.418655 0.0470716 -0.0273806 -0.0196909 -0.418655 3.49247e-06 
0.217404 0.0358354 -0.190099 0.154264 -0.217404 2.0009e-06 
-0.299318 0.00944782 -0.613788 0.60434 0.299318 -3.83016e-06 
0.0808838 0.00713766 -0.512141 0.505003 -0.0808838 -6.15591e-06 
-0.0208339 -0.0314855 -0.508654 0.540141 0.0208339 7.62952e-07 
0.000783439 0.173875 -0.441784 0.267909 -0.000783439 1.54077e-05 
0.00358948 0.201078 -0.474499 0.273421 -0.00358948 2.03231e-05 
-0.00180428 0.261813 -0.744245 0.482432 0.00180428 -2.19306e-05 
-0.000130963 0.363131 -1.0376 0.674467 0.000130963 7.68221e-06 
-2.20332e-05 0.433132 -1.33418 0.901048 2.20332e-05 1.31447e-06 
-1.27249e-05 0.438599 -1.55058 1.11198 1.27249e-05 2.56654e-05 
0.000166695 0.286564 -1.25315 0.966584 -0.000166695 1.63408e-05 
-0.00257245 0.159887 -0.954199 0.794312 0.00257245 1.18514e-06 
-0.00224454 0.0738081 -0.656273 0.582464 0.00224454 -8.08205e-06 
0.108745 0.157979 -0.425879 0.267901 -0.108745 9.05583e-06 
-0.0569917 -0.0560637 -0.255113 0.311176 0.0569917 2.70398e-06 
-0.299767 -0.344426 -0.154215 0.498641 0.299767 -3.03995e-06 
-0.271341 -0.302264 -0.1045 0.406764 0.271341 -3.36685e-06 
-0.15103 -0.160365 -0.0564297 0.216794 0.15103 -1.98159e-06 
-0.0368804 -0.0377288 -0.0141239 0.0518527 0.0368804 -4.93727e-07 
-0.129616 -0.128807 -0.0510219 0.179829 0.129616 -1.75431e-06 
-0.191336 -0.127338 -0.10882 0.236158 0.191336 -2.76241e-06 
0.0506149 0.101867 -0.18935 0.0874845 -0.0506149 5.05717e-07 
0.13439 -0.379118 -0.347804 0.726923 -0.13439 2.70554e-06 
0.0646223 -0.615923 -0.320075 0.935998 -0.0646223 2.33113e-06 
0.0037953 -0.357726 -0.113899 0.471625 -0.0037953 1.25121e-06 
-0.0310862 -0.136539 0.0556396 0.0808991 0.0310862 5.31424e-07 
0.00238787 -0.0816177 0.160088 -0.0784708 -0.00238787 -1.97849e-07 
0.212845 -0.421115 0.0446249 0.37649 -0.212845 -9.71828e-07 
0.452062 -0.935347 -0.194693 1.13004 -0.452062 -1.48628e-06 
0.226673 -0.62397 -0.107604 0.731574 -0.226673 -1.06711e-06 
-0.00282742 -0.298188 0.0313013 0.266888 0.00282742 -5.43229e-07 
-0.0910586 -0.278252 0.105185 0.173067 0.0910586 5.31638e-07 
0.0246876 -0.545684 0.0719823 0.473702 -0.0246876 1.66085e-06 
-0.00517011 -0.728669 0.161453 0.567212 0.00517011 -1.5774e-06 
0.00294326 -0.722954 0.203545 0.519411 -0.00294326 3.13665e-06 
-0.000133867 -0.391598 0.0996087 0.291989 0.000133867 -8.74854e-08 
-4.63327e-05 -0.0332422 0.0151619 0.0180802 4.63327e-05 -3.45774e-08 
-0.000314073 -0.217559 0.158294 0.0592642 0.000314073 -2.50678e-07 
0.000145619 -0.217345 0.372622 -0.155278 -0.000145619 -1.87588e-07 
8.3414e-06 -0.229392 -0.145144 0.374536 -8.3414e-06 -5.73146e-07 
-2.78314e-05 -0.179101 -0.0179195 0.197021 2.78314e-05 1.60956e-08 
4.60087e-07 -0.111774 0.15258 -0.0408059 -4.60087e-07 3.51927e-07 
3.55817e-06 -0.0639084 0.129287 -0.0653785 -3.55817e-06 1.91617e-07 
5.41183e-06 -0.124766 0.281696 -0.15693 -5.41183e-06 8.79935e-08 
-2.49678e-06 -0.214819 0.292931 -0.0781132 2.49678e-06 -6.00175e-07 
-4.15886e-08 -0.241401 -0.163343 0.404745 4.15886e-08 -1.36991e-07 
4.95143e-07 -0.149715 0.0536315 0.0960837 -4.95143e-07 -6.56237e-08 
1.93201e-08 -0.0902052 0.172456 -0.0822509 -1.93201e-08 -6.39332e-08 
-5.19282e-08 -0.04896 0.0990667 -0.0501065 5.19282e-08 8.12921e-10 
-1.16143e-08 -0.00861781 0.015857 -0.0072392 1.16143e-08 4.41371e-09 
-1.00856e-07 -0.0681498 0.10606 -0.03791 1.00856e-07 7.20947e-08 
-2.06458e-07 -0.175129 0.0078908 0.167239 2.06458e-07 5.45715e-07 
-1.59314e-07 -0.29605 -0.225376 0.521427 1.59314e-07 6.98658e-07 
8.52863e-08 -0.237497 0.0406311 0.196867 -8.52863e-08 -3.26997e-07 
1.5737e-07 -0.115531 0.214482 -0.0989505 -1.5737e-07 -5.05733e-07 
7.06266e-08 -0.0468972 0.108586 -0.0616883 -7.06266e-08 -2.26152e-07 
1.75676e-07 -0.175122 0.34729 -0.172168 -1.75676e-07 -5.89531e-07 
-2.86486e-07 -0.313508 0.563084 -0.249579 2.86486e-07 9.48645e-07 
2.03248e-07 -0.452097 0.839117 -0.387018 -2.03248e-07 -7.18218e-07 
2.22772e-07 -0.601517 1.13864 -0.537121 -2.22772e-07 -8.2004e-07 
-3.82138e-08 -0.74653 1.43647 -0.689944 3.82138e-08 1.56415e-07 
-3.63287e-07 -0.886382 1.73183 -0.845438 3.63287e-07 1.54523e-06 
-1.53807e-07 -1.02112 2.02303 -1.0019 1.53807e-07 5.76824e-07 
-4.3151e-07 -0.937927 1.88007 -0.942146 4.3151e-07 2.06384e-06 
-1.79715e-08 -0.789809 1.59675 -0.806935 1.79715e-08 9.44243e-08 
1.23626e-08 -0.651949 1.32675 -0.674797 -1.23626e-08 -5.96615e-08 
-2.16126e-08 -0.507748 1.03799 -0.530239 2.16126e-08 1.22121e-07 
6.54767e-08 -0.412158 0.846852 -0.434694 -6.54767e-08 -3.53345e-07 
7.59085e-08 -0.29071 0.598517 -0.307807 -7.59085e-08 -4.1125e-07 
4.18095e-08 -0.148172 0.305184 -0.157012 -4.18095e-08 -2.26615e-07 
-2.94438e-22 1.03842e-15 -2.13885e-15 1.10043e-15 2.94438e-22 1.59595e-21 
