0 0 0 0 0 0 
0.00811349 -0.196818 0.419556 -0.222738 -0.00811349 3.13078e-08 
0.38041 -0.180467 0.624991 -0.444524 -0.38041 -3.75994e-07 
0.509312 -0.0776998 0.649812 -0.572112 -0.509312 -2.44667e-08 
0.567317 -0.146328 1.14024 -0.993908 -0.567317 1.12894e-07 
0.631059 0.606175 -0.376152 -0.230023 -0.631059 -1.65326e-07 
0.742855 1.02573 -1.06324 0.0375073 -0.742855 -1.28806e-07 
0.951286 1.36934 -1.20459 -0.164747 -0.951286 -1.19818e-08 
1.18516 1.50496 -0.227003 -1.27796 -1.18516 -2.43079e-08 
1.2919 1.80011 -0.147937 -1.65217 -1.2919 -4.32065e-09 
1.12114 1.58273 -0.117629 -1.4651 -1.12114 8.36625e-10 
0.883718 1.25127 -0.0893529 -1.16192 -0.883718 2.09569e-08 
0.242937 0.344432 -0.0214375 -0.322994 -0.242937 5.58055e-08 
0.229604 0.330519 -0.029751 -0.300768 -0.229604 -1.68558e-07 
1.26455 1.81299 -0.144528 -1.66846 -1.26455 -6.50883e-07 
1.16369 1.69768 -0.274789 -1.42289 -1.16369 -1.0633e-07 
1.22754 2.07011 -1.23963 -0.830477 -1.22754 -1.72448e-10 
1.91727 2.38926 -2.07809 -0.311162 -1.91727 -1.80267e-09 
2.53586 2.18046 -1.50124 -0.679213 -2.53586 5.13088e-09 
2.68946 1.61734 -0.245048 -1.37229 -2.68946 3.55271e-15 
