-0.0275202 -0.563321 1.16893 -0.60561 0.0275202 -1.01535e-07 
-0.123911 0.894861 -1.96228 1.06742 0.123911 -4.70152e-07 
-2.4923 -0.523184 -0.336602 0.859786 2.4923 8.68008e-07 
-4.58953 -2.74598 3.25722 -0.511241 4.58953 -2.78083e-06 
-0.0274083 1.44854 -3.42681 1.97827 0.0274083 -2.90574e-06 
0.0825474 -0.495375 1.23664 -0.741268 -0.0825474 4.016e-07 
-0.163738 0.890463 -2.13157 1.24111 0.163738 -1.29784e-07 
0.904111 1.72935 1.76217 -3.4915 -0.904111 -2.78484e-05 
-0.807149 0.0292339 -1.45808 1.42884 0.807149 -1.90767e-06 
-1.85313 -2.82051 0.187327 2.63319 1.85313 1.4152e-07 
-0.218817 -0.302942 0.0275206 0.275422 0.218817 1.78507e-08 
-0.425841 -0.607818 0.0425006 0.565317 0.425841 3.06174e-08 
0.335076 0.473402 -0.045541 -0.427861 -0.335076 -1.85482e-07 
1.41691 2.02497 -0.1487 -1.87627 -1.41691 -3.57196e-07 
-2.08582 -2.989 0.242319 2.74668 2.08582 7.54511e-07 
-2.08328 -2.04343 -3.01596 5.05939 2.08328 -6.73743e-06 
-0.705033 -1.57132 3.62857 -2.05723 0.705033 1.64703e-06 
1.01531 -0.866685 2.99966 -2.13295 -1.01531 1.31466e-05 
-0.220367 -1.43149 2.80832 -1.37681 0.220367 -7.66933e-05 
-0.109606 1.40622 -3 1.59378 0.109606 7.06152e-07 
