-0 -0 0 -0 0 -0 
0.0682729 0.0179908 0.00503381 -0.0230245 -0.0682729 2.57111e-07 
0.917374 0.27019 0.0417097 -0.3119 -0.917374 6.86821e-07 
0.54354 0.130475 0.397211 -0.527686 -0.54354 1.6976e-06 
0.0745561 -0.278236 0.696982 -0.418746 -0.0745561 1.10312e-07 
0.0555762 1.51751 -3.11324 1.59573 -0.0555762 -2.50897e-07 
0.0672952 0.0597406 0.00812129 -0.0678617 -0.0672952 1.48682e-07 
0.365834 0.621974 0.0668566 -0.688831 -0.365834 -5.85234e-07 
0.0410617 0.0556445 0.764111 -0.819756 -0.0410617 -4.44674e-07 
0.0267223 0.122341 0.029879 -0.15222 -0.0267223 -3.04696e-08 
-0.0669776 -0.092368 0.00862468 0.0837433 0.0669776 5.24986e-09 
-0.417093 -0.586404 0.0472245 0.53918 0.417093 3.53489e-08 
-0.652079 -0.926135 0.0647198 0.861416 0.652079 -7.17231e-09 
0.893544 1.28222 -0.106417 -1.1758 -0.893544 -4.58904e-07 
0.301512 0.43007 -0.0241185 -0.405951 -0.301512 -2.26513e-07 
0.119191 0.35009 -0.818001 0.467911 -0.119191 2.88401e-07 
0.102063 0.242009 -0.556654 0.314645 -0.102063 -3.00518e-08 
1.45223 0.00865427 -0.0299916 0.0213336 -1.45223 4.21855e-08 
0.430993 -0.661981 1.61593 -0.953949 -0.430993 -4.21165e-07 
-3.21807e-17 4.12871e-16 -8.80808e-16 4.67937e-16 3.21807e-17 2.07328e-22 
