0 0 0 0 0 0 
-0.018399 -0.0109008 0.0139663 -0.00306548 0.018399 -1.14283e-06 
0.033645 0.023175 -0.0323818 0.00920675 -0.033645 -1.99374e-06 
0.0481398 0.0312105 -0.042215 0.0110045 -0.0481398 -3.96294e-07 
0.0519684 0.0330253 -0.044171 0.0111457 -0.0519684 4.10112e-07 
0.0471676 0.0300035 -0.0401685 0.010165 -0.0471676 3.29171e-07 
0.0316271 0.0201716 -0.0270603 0.00688878 -0.0316271 1.48145e-07 
0.00493475 0.00314413 -0.00423188 0.00108775 -0.00493475 2.07692e-08 
-0.0329095 -0.0210788 0.0283169 -0.00723807 0.0329095 -5.29568e-08 
-0.0819055 -0.0524972 0.0705859 -0.0180887 0.0819055 -7.30328e-08 
-0.142053 -0.0911112 0.122575 -0.0314641 0.142053 -3.94587e-08 
-0.177008 -0.113581 0.152827 -0.0392451 0.177008 8.18557e-09 
-0.144225 -0.092589 0.124517 -0.0319279 0.144225 2.35706e-08 
-0.0441198 -0.0283991 0.0380049 -0.00960581 0.0441198 6.88397e-09 
0.0685417 0.0439023 -0.0592914 0.0153892 -0.0685417 -1.23883e-08 
0.156396 0.100378 -0.135022 0.0346439 -0.156396 -1.41299e-08 
0.219444 0.14103 -0.189188 0.0481585 -0.219444 1.65899e-09 
0.261849 0.168497 -0.225468 0.0569711 -0.261849 2.93804e-08 
0.296067 0.190679 -0.254865 0.064186 -0.296067 5.22978e-08 
0.322929 0.208103 -0.278114 0.0700108 -0.322929 6.92908e-08 
0.342436 0.22077 -0.295216 0.0744457 -0.342436 8.03594e-08 
0.354589 0.22868 -0.306171 0.0774906 -0.354589 8.55036e-08 
0.359387 0.231833 -0.310979 0.0791455 -0.359387 8.47234e-08 
0.356841 0.230279 -0.309594 0.0793151 -0.356841 7.89872e-08 
0.34708 0.224594 -0.301494 0.0769003 -0.34708 7.94626e-08 
0.330142 0.214943 -0.286531 0.0715881 -0.330142 8.93296e-08 
0.306026 0.201326 -0.264704 0.0633784 -0.306026 1.08588e-07 
0.274733 0.183743 -0.236014 0.0522713 -0.274733 1.37239e-07 
0.236261 0.162193 -0.20046 0.0382668 -0.236261 1.7528e-07 
0.190612 0.136677 -0.158042 0.0213649 -0.190612 2.22714e-07 
0.136209 0.106849 -0.109821 0.0029721 -0.136209 2.72891e-07 
0.0664469 0.071254 -0.0602358 -0.0110181 -0.0664469 2.97955e-07 
-0.0194059 0.0297326 -0.00977995 -0.0199526 0.0194059 2.94818e-07 
-0.12135 -0.0177157 0.041547 -0.0238312 0.12135 2.6348e-07 
-0.214039 -0.057725 0.0777039 -0.0199788 0.214039 2.09273e-07 
-0.253105 -0.0668968 0.0706088 -0.0037119 0.253105 1.41529e-07 
-0.23773 -0.0447999 0.0197441 0.0250558 0.23773 6.04207e-08 
-0.171508 0.00635499 -0.0715919 0.0652369 0.171508 -3.23399e-08 
-0.105157 0.055371 -0.156858 0.101487 0.105157 -1.12587e-07 
-0.0550848 0.0921558 -0.220998 0.128842 0.0550848 -1.72504e-07 
-0.0212923 0.116709 -0.264011 0.147301 0.0212923 -2.12091e-07 
-0.00377903 0.129031 -0.285897 0.156866 0.00377903 -2.31346e-07 
0.0117105 0.131759 -0.283384 0.151625 -0.0117105 -2.34069e-07 
0.0427384 0.128141 -0.252441 0.1243 -0.0427384 -2.24939e-07 
0.0893513 0.118186 -0.193056 0.0748699 -0.0893513 -2.03969e-07 
0.151549 0.101894 -0.105229 0.00333567 -0.151549 -1.71157e-07 
0.215944 0.0808771 -0.000762037 -0.080115 -0.215944 -1.1881e-07 
0.235017 0.0608607 0.0784615 -0.139322 -0.235017 -1.96131e-08 
0.204581 0.0423488 0.128752 -0.1711 -0.204581 1.28839e-07 
0.15036 0.0297275 0.143116 -0.172843 -0.15036 2.5521e-07 
0.0988595 0.0275165 0.114348 -0.141864 -0.0988595 2.85985e-07 
0.0504172 0.0347211 0.0470772 -0.0817983 -0.0504172 2.30544e-07 
0.00800948 0.0425169 -0.0176408 -0.0248761 -0.00800948 1.72089e-07 
-0.0276629 0.0488262 -0.0701398 0.0213136 0.0276629 1.30211e-07 
-0.0566 0.0536491 -0.11042 0.0567707 0.0566 1.0491e-07 
-0.0788017 0.0569855 -0.138481 0.0814952 0.0788017 9.61855e-08 
-0.0942681 0.0588354 -0.154323 0.0954872 0.0942681 1.04038e-07 
-0.102999 0.0591988 -0.157945 0.0987465 0.102999 1.28467e-07 
-0.103363 0.0589244 -0.152364 0.0934395 0.103363 1.53836e-07 
-0.0917567 0.0598867 -0.144239 0.0843517 0.0917567 1.45602e-07 
-0.0680488 0.0621536 -0.133809 0.0716559 0.0680488 1.02517e-07 
-0.0322396 0.0657249 -0.121077 0.055352 0.0322396 2.45803e-08 
0.0156706 0.0706007 -0.106041 0.03544 -0.0156706 -8.82068e-08 
0.0756821 0.0767809 -0.0887008 0.01192 -0.0756821 -2.35845e-07 
0.143103 0.0807812 -0.064275 -0.0165062 -0.143103 -4.00272e-07 
0.199418 0.0688526 -0.0138919 -0.0549606 -0.199418 -5.10217e-07 
0.242733 0.0395875 0.06438 -0.103967 -0.242733 -5.58386e-07 
0.249589 0.00497537 0.139185 -0.14416 -0.249589 -5.10419e-07 
0.188176 -0.0187266 0.168005 -0.149278 -0.188176 -3.19726e-07 
0.0604805 -0.0313964 0.151264 -0.119868 -0.0604805 9.45544e-09 
-0.0607113 -0.0319935 0.111274 -0.0792805 0.0607113 3.2571e-07 
-0.139854 -0.0200099 0.0589305 -0.0389207 0.139854 5.55096e-07 
-0.16594 0.00679801 -0.0064295 -0.000368616 0.16594 6.70439e-07 
-0.107806 0.054781 -0.0866824 0.0319012 0.107806 5.9482e-07 
0.027703 0.120978 -0.177812 0.0568336 -0.027703 3.41344e-07 
0.143788 0.168314 -0.234064 0.0657503 -0.143788 1.06978e-07 
0.213625 0.186514 -0.242759 0.056245 -0.213625 -5.36992e-08 
0.237632 0.173772 -0.194109 0.0203368 -0.237632 -1.33762e-07 
0.216203 0.128376 -0.0788308 -0.0495454 -0.216203 -1.2664e-07 
0.158365 0.0617153 0.0753039 -0.137019 -0.158365 -5.44682e-08 
0.0972402 0.0155791 0.166397 -0.181976 -0.0972402 1.54368e-09 
0.0399461 -0.00516852 0.184038 -0.178869 -0.0399461 3.15269e-08 
0.00891345 0.00500556 0.122748 -0.127754 -0.00891345 2.24259e-08 
0.0048866 0.0441333 -0.00998085 -0.0341524 -0.0048866 -2.3074e-08 
0.0046859 0.087995 -0.14251 0.0545148 -0.0046859 -6.46633e-08 
0.00298453 0.131025 -0.258376 0.127351 -0.00298453 -9.30787e-08 
-0.000913781 0.166404 -0.3467 0.180297 0.000913781 -9.80281e-08 
-0.0084014 0.180496 -0.385732 0.205236 0.0084014 -5.89298e-08 
-0.0173111 0.174017 -0.376501 0.202484 0.0173111 9.9973e-09 
-0.0196763 0.150926 -0.324922 0.173996 0.0196763 5.53336e-08 
-0.0127058 0.114159 -0.233349 0.119189 0.0127058 7.74598e-08 
0.0148229 0.0776991 -0.111648 0.0339492 -0.0148229 1.04591e-07 
0.0643048 0.0436968 0.0382542 -0.081951 -0.0643048 1.40515e-07 
0.0971009 0.0195262 0.156691 -0.176217 -0.0971009 1.25656e-07 
0.0860352 0.0114579 0.198858 -0.210316 -0.0860352 2.0838e-08 
0.0308029 0.0378871 0.116313 -0.1542 -0.0308029 -1.28341e-07 
-0.0588338 0.0978123 -0.0828552 -0.014957 0.0588338 -2.946e-07 
-0.112773 0.137294 -0.217887 0.0805932 0.112773 -4.00287e-07 
-0.117532 0.145905 -0.254345 0.10844 0.117532 -4.31061e-07 
-0.076044 0.12518 -0.204084 0.0789033 0.076044 -3.98009e-07 
0.010419 0.0758397 -0.0714609 -0.00437886 -0.010419 -3.04743e-07 
0.0985562 0.0268841 0.0621306 -0.0890148 -0.0985562 -1.71399e-07 
0.158547 -0.0017146 0.140638 -0.138924 -0.158547 -1.18493e-08 
0.172349 -0.00576316 0.144657 -0.138893 -0.172349 1.4259e-07 
0.11753 0.0199514 0.0500599 -0.0700112 -0.11753 2.52985e-07 
0.0350711 0.0640523 -0.0936682 0.029616 -0.0350711 3.3887e-07 
-0.020528 0.111414 -0.22073 0.109317 0.020528 4.26334e-07 
-0.0390896 0.156695 -0.312304 0.15561 0.0390896 4.73761e-07 
0.0137672 0.181626 -0.304216 0.122591 -0.0137672 3.3637e-07 
0.118053 0.190295 -0.220983 0.0306884 -0.118053 8.1331e-08 
0.226074 0.195581 -0.126658 -0.0689227 -0.226074 -1.19276e-07 
0.257612 0.229543 -0.14412 -0.0854231 -0.257612 7.95508e-08 
0.245802 0.295884 -0.245284 -0.0506 -0.245802 2.21096e-07 
0.301371 0.372515 -0.288735 -0.0837796 -0.301371 -1.51784e-06 
0.384037 0.470972 -0.317779 -0.153194 -0.384037 -5.77405e-08 
0.427242 0.568339 -0.350282 -0.218056 -0.427242 -7.79737e-07 
0.462233 0.65657 -0.34199 -0.314579 -0.462233 2.30779e-06 
0.45701 0.696834 -0.284543 -0.412292 -0.45701 1.73689e-06 
0.411008 0.668521 -0.187606 -0.480914 -0.411008 -3.1897e-06 
0.366407 0.627173 -0.0872791 -0.539895 -0.366407 2.83578e-06 
0.321276 0.569371 0.0123148 -0.581685 -0.321276 -1.60195e-06 
0.261179 0.470127 0.0932692 -0.563396 -0.261179 1.37188e-06 
0.207904 0.371395 0.14628 -0.517675 -0.207904 2.26815e-07 
0.157919 0.282555 0.157585 -0.440141 -0.157919 -1.1832e-06 
0.122323 0.197858 0.175909 -0.373768 -0.122323 9.00044e-07 
0.088331 0.187902 0.097567 -0.285469 -0.088331 -8.26032e-07 
0.0603864 0.0884125 0.119243 -0.207655 -0.0603864 -7.08023e-07 
0.0506119 -0.0131849 0.199513 -0.186328 -0.0506119 3.61441e-07 
0.0538618 -0.096675 0.308411 -0.211736 -0.0538618 9.34181e-07 
0.0538428 -0.135441 0.359528 -0.224086 -0.0538428 1.20539e-07 
0.0514358 -0.123247 0.345348 -0.2221 -0.0514358 -8.43009e-07 
0.0526614 -0.0533321 0.28002 -0.226688 -0.0526614 -7.44385e-07 
0.058425 0.0584736 0.187241 -0.245715 -0.058425 2.6673e-07 
0.0653724 0.116587 0.164576 -0.281164 -0.0653724 4.80089e-07 
0.0718981 0.0753791 0.257979 -0.333358 -0.0718981 -3.91607e-07 
0.0821343 0.0709636 0.336117 -0.40708 -0.0821343 6.68554e-07 
0.0905442 0.0640596 0.421522 -0.485581 -0.0905442 8.27834e-07 
0.0933353 0.0307702 0.518315 -0.549086 -0.0933353 -7.3383e-07 
0.0888773 -0.0145222 0.598794 -0.584271 -0.0888773 -8.71878e-08 
0.0712546 -0.0448633 0.558467 -0.513603 -0.0712546 7.25952e-07 
0.0524969 -0.0646823 0.48241 -0.417728 -0.0524969 -2.12497e-08 
0.0384516 -0.0918313 0.446903 -0.355072 -0.0384516 -4.63094e-07 
0.0323847 -0.0923804 0.409666 -0.317285 -0.0323847 -5.39365e-07 
0.0296007 -0.0503928 0.309216 -0.258823 -0.0296007 -3.3112e-07 
0.0265069 -0.0404666 0.270489 -0.230022 -0.0265069 -7.16161e-08 
0.0221837 -0.0888205 0.339248 -0.250427 -0.0221837 8.84431e-08 
0.018289 -0.135903 0.406997 -0.271093 -0.018289 1.17444e-07 
0.0150805 -0.173514 0.459843 -0.286328 -0.0150805 7.6156e-08 
0.0127925 -0.194648 0.48644 -0.291792 -0.0127925 4.88666e-08 
0.0114264 -0.199267 0.486728 -0.287461 -0.0114264 3.60374e-08 
0.0106802 -0.189349 0.462781 -0.273432 -0.0106802 3.44056e-08 
0.00978999 -0.169898 0.419853 -0.249955 -0.00978999 3.57171e-08 
0.00871838 -0.141158 0.358199 -0.217041 -0.00871838 3.95689e-08 
0.00746541 -0.10313 0.277821 -0.17469 -0.00746541 4.59608e-08 
0.00604249 -0.0569077 0.18072 -0.123812 -0.00604249 5.44181e-08 
0.00450419 -0.00771798 0.0764667 -0.0687488 -0.00450419 6.26715e-08 
0.00285764 0.043758 -0.0336919 -0.0100662 -0.00285764 7.04255e-08 
0.00110282 0.0975203 -0.149756 0.0522356 -0.00110282 7.768e-08 
-0.000513764 0.147858 -0.258268 0.110409 0.000513764 8.57689e-08 
-0.00149588 0.183277 -0.332136 0.148859 0.00149588 9.73772e-08 
-0.00182946 0.203451 -0.370592 0.167141 0.00182946 1.12581e-07 
-0.00150577 0.208044 -0.372835 0.164791 0.00150577 1.30977e-07 
-0.000381465 0.191552 -0.325709 0.134157 0.000381465 1.45947e-07 
0.00159401 0.152032 -0.224571 0.072539 -0.00159401 1.55156e-07 
0.00252404 0.113037 -0.124673 0.0116357 -0.00252404 9.07501e-08 
-0.00286504 0.140055 -0.17964 0.0395842 0.00286504 -2.35941e-07 
-0.00900335 0.184111 -0.281608 0.0974969 0.00900335 -5.97665e-07 
-0.00703344 0.165402 -0.253391 0.087989 0.00703344 -6.35103e-07 
-0.000876635 0.11493 -0.152496 0.0375658 0.000876635 -5.01999e-07 
0.0078966 0.0450802 -0.00211165 -0.0429686 -0.0078966 -2.59551e-07 
0.0161841 -0.0237768 0.154698 -0.130922 -0.0161841 -5.01718e-09 
0.022187 -0.0798291 0.292963 -0.213134 -0.022187 2.05206e-07 
0.025819 -0.122818 0.411859 -0.289041 -0.025819 3.70476e-07 
0.0227363 -0.139718 0.469894 -0.330177 -0.0227363 4.58396e-07 
0.010512 -0.123249 0.443886 -0.320637 -0.010512 4.50864e-07 
-0.0104359 -0.0755342 0.340413 -0.264879 0.0104359 3.54424e-07 
-0.0370014 -0.0123266 0.208339 -0.196012 0.0370014 2.17668e-07 
-0.0685526 0.0631687 0.0576047 -0.120773 0.0685526 5.04808e-08 
-0.098462 0.123 -0.0576316 -0.0653677 0.098462 -8.84726e-08 
-0.11391 0.1131 -0.0326161 -0.080484 0.11391 -8.57229e-08 
-0.10989 0.050469 0.0880035 -0.138472 0.10989 1.10635e-08 
-0.0748344 -0.0191311 0.186511 -0.167379 0.0748344 7.6137e-08 
-0.0358828 -0.0576271 0.213813 -0.156186 0.0358828 6.73714e-08 
-0.0153739 -0.0360359 0.13477 -0.0987343 0.0153739 -4.44463e-08 
-0.00524437 0.0185148 0.00273679 -0.0212514 0.00524437 -2.34648e-07 
0.00339009 0.0761364 -0.123504 0.0473679 -0.00339009 -4.76054e-07 
0.00912568 0.13384 -0.233035 0.0991955 -0.00912568 -7.63957e-07 
0.00283152 0.172368 -0.255328 0.0829601 -0.00283152 -1.06794e-06 
-0.0159548 0.188156 -0.183438 -0.00471765 0.0159548 -1.37199e-06 
-0.0348517 0.180096 -0.0775569 -0.102539 0.0348517 -1.56536e-06 
-0.0497394 0.149482 0.0397701 -0.189252 0.0497394 -1.62146e-06 
-0.0525844 0.112033 0.104601 -0.216634 0.0525844 -1.56987e-06 
-0.0416114 0.0708928 0.103195 -0.174087 0.0416114 -1.41954e-06 
-0.0200145 0.0160254 0.0654369 -0.0814624 0.0200145 -1.18628e-06 
0.00679836 -0.0329586 -8.72847e-05 0.0330459 -0.00679836 -4.90312e-07 
0.0152284 0.0375143 -0.0892756 0.0517613 -0.0152284 2.54979e-06 
0.00239268 0.131918 -0.107296 -0.0246228 -0.00239268 4.67618e-06 
-0.00450192 0.0985773 -0.00222939 -0.0963483 0.00450192 3.97968e-06 
0.000121665 -0.00773253 0.101077 -0.0933445 -0.000121665 1.59887e-06 
0.00135116 -0.0314501 0.0518767 -0.0204266 -0.00135116 -2.95248e-07 
0.000530659 -0.0103004 -0.013002 0.0233024 -0.000530659 -6.63085e-07 
-0.000921565 0.023916 -0.0700262 0.0461103 0.000921565 -3.51389e-07 
-0.00198128 0.0487385 -0.111412 0.062674 0.00198128 -1.24865e-07 
-0.00264849 0.0641671 -0.137161 0.0729937 0.00264849 1.64873e-08 
-0.0029232 0.0702018 -0.147271 0.0770693 0.0029232 7.26672e-08 
-0.0028436 0.0677817 -0.143069 0.0752872 0.0028436 5.64633e-08 
-0.00261018 0.0618353 -0.131511 0.0696754 0.00261018 3.49962e-08 
-0.00225201 0.0530766 -0.113604 0.0605278 0.00225201 1.79908e-08 
-0.00176907 0.0415057 -0.08935 0.0478443 0.00176907 5.44705e-09 
-0.00116138 0.0271226 -0.0587475 0.0316249 0.00116138 -2.63499e-09 
-0.000428918 0.00992723 -0.0217969 0.0118697 0.000428918 -6.25535e-09 
0.000428301 -0.0100803 0.0215017 -0.0114214 -0.000428301 -5.41403e-09 
0.00141028 -0.0329001 0.0711485 -0.0382484 -0.00141028 -1.11017e-10 
0.00251702 -0.0585322 0.127143 -0.0686112 -0.00251702 9.65367e-09 
0.00374852 -0.0869764 0.189486 -0.10251 -0.00374852 2.388e-08 
0.00513153 -0.119977 0.261322 -0.141345 -0.00513153 3.74531e-08 
0.00670601 -0.160141 0.347349 -0.187209 -0.00670601 4.27293e-08 
0.00847235 -0.207492 0.447614 -0.240122 -0.00847235 3.96352e-08 
0.0104305 -0.262032 0.562116 -0.300084 -0.0104305 2.81706e-08 
0.0125445 -0.32284 0.688917 -0.366077 -0.0125445 8.75598e-09 
0.01391 -0.366851 0.779402 -0.412551 -0.01391 -8.06605e-09 
0.0141343 -0.384057 0.812472 -0.428415 -0.0141343 -1.77199e-08 
0.0132176 -0.374456 0.788127 -0.413671 -0.0132176 -2.02057e-08 
0.0111599 -0.338048 0.706367 -0.368319 -0.0111599 -1.55233e-08 
0.00818978 -0.28446 0.586325 -0.301864 -0.00818978 -4.95828e-09 
0.00466377 -0.22869 0.457812 -0.229122 -0.00466377 9.4861e-09 
0.000585995 -0.170912 0.321178 -0.150265 -0.000585995 2.77864e-08 
-0.00404353 -0.111128 0.176422 -0.0652933 0.00404353 4.99427e-08 
-0.00870796 -0.0500656 0.0263446 0.0237213 0.00870796 7.21111e-08 
-0.0077243 0.0042664 -0.0982631 0.093997 0.0077243 5.20247e-08 
0.000474212 0.0496598 -0.188913 0.139253 -0.000474212 -2.19688e-08 
0.0149886 0.0829155 -0.239774 0.156859 -0.0149886 -1.42031e-07 
0.0293874 0.0811455 -0.209136 0.12799 -0.0293874 -2.52084e-07 
0.042383 0.0399256 -0.0890187 0.0490931 -0.042383 -3.40936e-07 
0.0478406 -0.0180586 0.0554657 -0.0374073 -0.0478406 -3.65038e-07 
0.040942 -0.0749897 0.173179 -0.0981896 -0.040942 -2.90185e-07 
0.0227239 -0.130393 0.265028 -0.134635 -0.0227239 -1.23556e-07 
-0.00101254 -0.181614 0.336083 -0.154469 0.00101254 9.46859e-08 
-0.0277456 -0.226038 0.384077 -0.158039 0.0277456 3.45615e-07 
-0.0349451 -0.233058 0.366559 -0.133501 0.0349451 4.52873e-07 
-0.0159121 -0.193997 0.271825 -0.0778283 0.0159121 3.64165e-07 
0.0166613 -0.136386 0.146137 -0.00975053 -0.0166613 1.82358e-07 
0.0562612 -0.0734786 0.0129013 0.0605774 -0.0562612 -4.15514e-08 
0.0703978 -0.0494043 -0.0194703 0.0688748 -0.0703978 -9.82617e-08 
0.0471371 -0.0790772 0.0848805 -0.00580301 -0.0471371 7.74785e-08 
0.0135033 -0.115096 0.203069 -0.0879734 -0.0135033 2.15571e-07 
-0.0198524 -0.144707 0.299758 -0.155051 0.0198524 2.20875e-07 
-0.0385269 -0.16105 0.35009 -0.18904 0.0385269 -1.54577e-08 
-0.0448424 -0.168723 0.364851 -0.196128 0.0448424 -5.89418e-07 
-0.0493849 -0.183808 0.38374 -0.199932 0.0493849 -1.77986e-06 
-0.0307337 -0.211674 0.428086 -0.216412 0.0307337 -1.82351e-06 
0.0270294 -0.25334 0.513475 -0.260135 -0.0270294 8.91088e-07 
0.0787215 -0.292774 0.602146 -0.309372 -0.0787215 2.74146e-06 
0.0783885 -0.301069 0.616189 -0.31512 -0.0783885 -7.90421e-07 
0.0713986 -0.265071 0.540049 -0.274978 -0.0713986 -1.76802e-06 
0.0701143 -0.22339 0.455173 -0.231783 -0.0701143 4.30402e-07 
0.0548121 -0.198175 0.403206 -0.205031 -0.0548121 9.74212e-07 
0.0400784 -0.147274 0.29928 -0.152006 -0.0400784 6.93473e-07 
0.0338236 -0.103362 0.209862 -0.1065 -0.0338236 3.92326e-07 
0.0391147 -0.0792032 0.160774 -0.0815706 -0.0391147 2.07325e-07 
0.0644784 -0.0477645 0.0969287 -0.0491642 -0.0644784 -1.60029e-07 
0.10715 -0.00194189 0.00391421 -0.00197271 -0.10715 -6.0555e-07 
0.140558 0.038105 -0.0772875 0.0391822 -0.140558 -5.80063e-07 
0.108884 -0.00474842 0.00966318 -0.00491466 -0.108884 9.08896e-08 
0.0537713 -0.03207 0.0650076 -0.0329376 -0.0537713 1.88703e-07 
0.0214725 -0.0423606 0.0858518 -0.0434913 -0.0214725 2.16529e-07 
0.0148801 -0.036781 0.0745591 -0.0377782 -0.0148801 2.19191e-07 
0.0210341 -0.043903 0.0889755 -0.0450726 -0.0210341 2.1602e-07 
0.0331495 -0.078685 0.159386 -0.0807006 -0.0331495 2.17137e-07 
0.0513563 -0.139254 0.281984 -0.14273 -0.0513563 1.9838e-07 
0.079167 -0.175024 0.354004 -0.17898 -0.079167 -4.92871e-07 
0.116528 -0.207202 0.4183 -0.211097 -0.116528 -6.47216e-07 
0.144756 -0.254822 0.51365 -0.258829 -0.144756 1.12536e-06 
0.189622 -0.296522 0.596327 -0.299806 -0.189622 1.41282e-07 
0.252593 -0.347107 0.696079 -0.348972 -0.252593 -1.30884e-06 
0.337804 -0.39397 0.787208 -0.393239 -0.337804 6.93705e-07 
0.434347 -0.415122 0.825796 -0.41067 -0.434347 1.50284e-06 
0.489873 -0.374093 0.740509 -0.366416 -0.489873 -4.03773e-06 
0.539639 -0.325103 0.640352 -0.315249 -0.539639 8.51555e-07 
0.590414 -0.275495 0.540031 -0.264536 -0.590414 1.86511e-07 
0.641268 -0.2253 0.439664 -0.214363 -0.641268 9.62368e-08 
0.691129 -0.174583 0.33935 -0.164771 -0.691129 -1.16001e-06 
0.738455 -0.123367 0.239046 -0.115674 -0.738455 -2.57909e-06 
0.78163 -0.0717506 0.13872 -0.0669712 -0.78163 1.35082e-06 
0.81887 -0.0198681 0.038368 -0.0185037 -0.81887 1.47662e-06 
0.803261 0.0299484 -0.0578486 0.0278998 -0.803261 -1.86024e-06 
0.705012 0.062939 -0.12171 0.0587731 -0.705012 9.92188e-07 
0.606223 0.0794141 -0.153803 0.0743874 -0.606223 1.65049e-07 
0.509559 0.0896885 -0.174082 0.0843955 -0.509559 2.28418e-07 
0.410657 0.073678 -0.143139 0.0694617 -0.410657 -1.44174e-07 
0.328923 0.0833476 -0.162337 0.0789886 -0.328923 2.02143e-07 
0.240881 0.0793496 -0.154756 0.0754059 -0.240881 2.06026e-08 
0.170663 0.0375783 -0.0733157 0.0357374 -0.170663 -2.95813e-08 
0.119309 -0.0163443 0.0318833 -0.0155387 -0.119309 -2.42008e-08 
0.0845349 -0.0526008 0.102622 -0.0500211 -0.0845349 -9.19072e-09 
0.0674933 -0.0338003 0.0659389 -0.0321383 -0.0674933 1.53792e-08 
0.0614544 0.0073145 -0.0142965 0.00698217 -0.0614544 2.03466e-08 
0.0629847 0.0530314 -0.10353 0.0504988 -0.0629847 1.82875e-09 
0.0685135 0.0839689 -0.163949 0.0799795 -0.0685135 -2.78065e-08 
0.0874643 0.109773 -0.214571 0.104798 -0.0874643 -2.61383e-07 
0.131253 0.144563 -0.283296 0.138733 -0.131253 -8.32857e-07 
0.165348 0.175192 -0.344563 0.169371 -0.165348 -1.70561e-09 
0.181277 0.218973 -0.431612 0.21264 -0.181277 1.33031e-06 
0.206052 0.26114 -0.516628 0.255487 -0.206052 -3.38174e-07 
0.224269 0.309797 -0.615078 0.30528 -0.224269 -4.31534e-09 
0.236126 0.357632 -0.712831 0.3552 -0.236126 -3.17478e-07 
0.240846 0.405378 -0.811199 0.405821 -0.240846 -1.61489e-06 
0.239149 0.452501 -0.909099 0.456597 -0.239149 8.83843e-07 
0.2325 0.500408 -1.00931 0.508904 -0.2325 1.06546e-06 
0.193746 0.476944 -0.96555 0.488606 -0.193746 -2.72309e-06 
0.153624 0.427452 -0.86802 0.440567 -0.153624 2.8932e-06 
0.122238 0.379855 -0.773352 0.393497 -0.122238 -2.25607e-06 
0.0966022 0.331877 -0.677154 0.345279 -0.0966022 1.9843e-06 
0.0768918 0.291368 -0.595734 0.304364 -0.0768918 -5.05086e-08 
0.0633955 0.249031 -0.509425 0.260394 -0.0633955 -2.04535e-07 
0.0506565 0.221346 -0.453788 0.232443 -0.0506565 4.95529e-08 
0.0404702 0.204898 -0.421288 0.21639 -0.0404702 4.0629e-08 
0.0328612 0.177628 -0.365625 0.187997 -0.0328612 -1.8819e-09 
0.0257901 0.129632 -0.266415 0.136783 -0.0257901 -8.90263e-09 
0.0192437 0.0798396 -0.163341 0.0835016 -0.0192437 -7.7322e-09 
0.0136911 0.036852 -0.0743392 0.0374872 -0.0136911 -3.71126e-09 
0.012033 0.0334105 -0.0674576 0.0340471 -0.012033 -6.03049e-10 
0.0147651 0.07511 -0.154325 0.0792147 -0.0147651 9.49389e-10 
0.0191875 0.134103 -0.277109 0.143006 -0.0191875 1.47556e-09 
0.0223445 0.179901 -0.372491 0.19259 -0.0223445 1.55523e-09 
0.0242344 0.212487 -0.440439 0.227952 -0.0242344 1.18868e-09 
0.0250028 0.232335 -0.481913 0.249578 -0.0250028 6.24384e-10 
0.0248458 0.240087 -0.498212 0.258125 -0.0248458 1.96851e-10 
0.0237644 0.235744 -0.48934 0.253596 -0.0237644 -9.2129e-11 
0.0217586 0.219307 -0.455299 0.235992 -0.0217586 -2.42556e-10 
0.0188323 0.190825 -0.396191 0.205366 -0.0188323 -2.54906e-10 
0.0156736 0.158835 -0.329774 0.170939 -0.0156736 -2.11052e-10 
0.0127867 0.129598 -0.269073 0.139474 -0.0127867 -1.71034e-10 
0.0101717 0.103114 -0.214086 0.110972 -0.0101717 -1.34855e-10 
0.00782857 0.0793821 -0.164814 0.0854321 -0.00782857 -1.02512e-10 
0.00575737 0.0584027 -0.121257 0.0628543 -0.00575737 -7.40066e-11 
0.00395808 0.0401759 -0.0834147 0.0432388 -0.00395808 -4.93384e-11 
0.00243069 0.0247017 -0.0512872 0.0265855 -0.00243069 -2.85074e-11 
0.0011752 0.01198 -0.0248745 0.0128944 -0.0011752 -1.15137e-11 
0.000191612 0.00201093 -0.00417659 0.00216566 -0.000191612 1.64278e-12 
-0.000520076 -0.00520562 0.0108065 -0.00560089 0.000520076 1.09621e-11 
-0.000959863 -0.00966961 0.0200748 -0.0104052 0.000959863 1.64441e-11 
-0.00112775 -0.011381 0.0236283 -0.0122473 0.00112775 1.80889e-11 
-0.00102373 -0.0103399 0.021467 -0.0111271 0.00102373 1.58965e-11 
-0.000647817 -0.00654624 0.0135909 -0.00704466 0.000647817 9.86686e-12 
3.46945e-18 -5.55112e-17 -1.11022e-16 -5.55112e-17 -3.46945e-18 -5.16988e-26 
0 0 0 0 0 0 
