-0.676394 -0.427104 0.569097 -0.141993 0.676394 -8.79812e-06 
0.309915 0.209977 -0.29091 0.0809337 -0.309915 -1.39653e-05 
0.326897 0.203175 -0.268151 0.0649756 -0.326897 8.35408e-06 
0.0796193 0.0407724 -0.0469407 0.00616829 -0.0796193 1.30026e-05 
-0.00335926 -0.00462501 0.00798112 -0.00335611 0.00335926 3.0598e-06 
-0.0992395 -0.0620876 0.0821439 -0.0200563 0.0992395 -2.07004e-06 
-0.210303 -0.133749 0.17895 -0.0452013 0.210303 -1.53572e-06 
-0.321367 -0.205411 0.275757 -0.0703463 0.321367 -1.00141e-06 
-0.432431 -0.277072 0.372564 -0.0954913 0.432431 -4.67097e-07 
-0.543495 -0.348734 0.46937 -0.120636 0.543495 6.72152e-08 
-0.654559 -0.420396 0.566177 -0.145781 0.654559 6.01528e-07 
-0.0111362 -0.00756583 0.00994709 -0.00238126 0.0111362 3.14213e-07 
0.664117 0.425704 -0.573834 0.148129 -0.664117 -7.76601e-09 
1.24555 0.798868 -1.07638 0.277514 -1.24555 -2.79232e-07 
0.998491 0.641262 -0.861609 0.220346 -0.998491 -1.04641e-07 
0.751433 0.483656 -0.646835 0.163179 -0.751433 6.99499e-08 
0.504374 0.32605 -0.432061 0.106011 -0.504374 2.44541e-07 
0.377402 0.244601 -0.323377 0.0787759 -0.377402 2.57741e-07 
0.304153 0.197223 -0.262156 0.0649327 -0.304153 1.98738e-07 
0.230904 0.149845 -0.200934 0.0510895 -0.230904 1.39736e-07 
0.157655 0.102467 -0.139713 0.0372464 -0.157655 8.07334e-08 
0.0844062 0.0550888 -0.078492 0.0234032 -0.0844062 2.17309e-08 
0.0111573 0.00771072 -0.0172708 0.00956005 -0.0111573 -3.72716e-08 
-0.0614642 -0.0368659 0.0464877 -0.00962178 0.0614642 -4.20315e-08 
-0.132949 -0.0763662 0.114844 -0.0384778 0.132949 5.15016e-08 
-0.204434 -0.115866 0.1832 -0.0673338 0.204434 1.45035e-07 
-0.275919 -0.155367 0.251557 -0.0961898 0.275919 2.38568e-07 
-0.347403 -0.194867 0.319913 -0.125046 0.347403 3.32101e-07 
-0.418888 -0.234367 0.388269 -0.153902 0.418888 4.25634e-07 
-0.490373 -0.273867 0.456625 -0.182758 0.490373 5.19167e-07 
-0.614649 -0.324981 0.489488 -0.164508 0.614649 3.90044e-07 
-0.774901 -0.384008 0.498164 -0.114156 0.774901 1.09187e-07 
-0.935154 -0.443035 0.506839 -0.0638042 0.935154 -1.71671e-07 
-1.09541 -0.502062 0.515514 -0.0134525 1.09541 -4.52528e-07 
-0.660163 -0.24705 0.147293 0.0997567 0.660163 -6.08125e-07 
-0.117971 0.0643621 -0.288617 0.224255 0.117971 -7.41226e-07 
0.424221 0.375774 -0.724527 0.348753 -0.424221 -8.74327e-07 
0.741869 0.549069 -0.954386 0.405317 -0.741869 -9.00442e-07 
0.57974 0.427255 -0.743982 0.316727 -0.57974 -6.97965e-07 
0.417611 0.305441 -0.533578 0.228138 -0.417611 -4.95487e-07 
0.255483 0.183626 -0.323175 0.139548 -0.255483 -2.9301e-07 
0.0933542 0.0618122 -0.112771 0.0509586 -0.0933542 -9.05326e-08 
0.231407 -0.00447576 0.166545 -0.162069 -0.231407 3.19648e-08 
0.386622 -0.0675891 0.449801 -0.382212 -0.386622 1.49889e-07 
0.541836 -0.130702 0.733057 -0.602354 -0.541836 2.67814e-07 
0.697051 -0.193816 1.01631 -0.822497 -0.697051 3.85739e-07 
0.43648 -0.20684 0.933082 -0.726242 -0.43648 7.42651e-07 
-0.0565817 -0.191856 0.644928 -0.453072 0.0565817 1.2332e-06 
-0.549643 -0.176872 0.356773 -0.179901 0.549643 1.72374e-06 
-0.526462 -0.0738604 -0.0717231 0.145584 0.526462 7.82549e-07 
-0.499347 0.0298214 -0.501289 0.471467 0.499347 -1.69548e-07 
-0.455887 0.0850421 -0.705388 0.620345 0.455887 -6.64711e-07 
-0.388809 0.070238 -0.583696 0.513457 0.388809 -4.99619e-07 
-0.32173 0.055434 -0.462003 0.406569 0.32173 -3.34527e-07 
-0.254651 0.0406299 -0.340311 0.299681 0.254651 -1.69435e-07 
-0.187573 0.0258258 -0.218619 0.192793 0.187573 -4.34334e-09 
-0.120494 0.0110218 -0.0969268 0.085905 0.120494 1.60748e-07 
-0.0534154 -0.00378231 0.0247654 -0.0209831 0.0534154 3.2584e-07 
0.0553354 0.00308861 0.0694522 -0.0725408 -0.0553354 9.15348e-08 
0.175854 0.0160801 0.0923942 -0.108474 -0.175854 -2.55553e-07 
0.296372 0.0290716 0.115336 -0.144408 -0.296372 -6.02641e-07 
0.41689 0.0420632 0.138278 -0.180341 -0.41689 -9.49728e-07 
0.537408 0.0550547 0.16122 -0.216274 -0.537408 -1.29682e-06 
0.657927 0.0680462 0.184162 -0.252208 -0.657927 -1.6439e-06 
0.625593 -0.0324723 0.362901 -0.330429 -0.625593 -1.4026e-06 
0.496119 -0.205129 0.640652 -0.435523 -0.496119 -7.87349e-07 
0.366644 -0.377785 0.918404 -0.540618 -0.366644 -1.72103e-07 
-0.270785 -0.290834 0.517194 -0.22636 0.270785 1.18714e-06 
-0.952458 -0.181271 0.0568459 0.124425 0.952458 2.61119e-06 
-1.41636 -0.0685948 -0.336752 0.405346 1.41636 3.58223e-06 
-0.997589 0.0567003 -0.459784 0.403084 0.997589 2.71708e-06 
-0.578814 0.181995 -0.582817 0.400822 0.578814 1.85193e-06 
0.150161 0.370509 -0.724528 0.354019 -0.150161 2.21081e-07 
1.00778 0.585239 -0.873985 0.288746 -1.00778 -1.7273e-06 
1.3864 0.616506 -0.797036 0.18053 -1.3864 -2.70104e-06 
0.925821 0.326343 -0.323419 -0.00292408 -0.925821 -1.96717e-06 
0.465346 0.0357122 0.15273 -0.188442 -0.465346 -1.2315e-06 
0.012835 -0.289502 0.816298 -0.526795 -0.012835 -3.63218e-07 
-0.439676 -0.614716 1.47987 -0.865149 0.439676 5.05069e-07 
-0.607639 -0.580927 1.26806 -0.687131 0.607639 6.75698e-07 
-0.609865 -0.338035 0.546382 -0.208347 0.609865 4.39972e-07 
-0.456963 -0.0568773 -0.213174 0.270051 0.456963 1.13955e-07 
-0.16116 0.259529 -1.00762 0.748094 0.16116 -2.95234e-07 
0.00547394 0.440971 -1.40286 0.96189 -0.00547394 -4.79798e-07 
-0.00947157 0.432686 -1.23691 0.804223 0.00947157 -3.48597e-07 
-0.0244171 0.424402 -1.07096 0.646555 0.0244171 -2.17395e-07 
-0.0565044 0.248239 -0.637202 0.388963 0.0565044 1.67194e-07 
-0.0926374 0.032455 -0.140244 0.107788 0.0926374 6.11585e-07 
-0.0597291 -0.149029 0.305471 -0.156442 0.0597291 5.93024e-07 
0.0126183 -0.310919 0.721913 -0.410994 -0.0126183 3.10006e-07 
0.163412 -0.375082 1.06939 -0.694306 -0.163412 2.24213e-07 
0.384919 -0.351151 1.35469 -1.00354 -0.384919 3.16203e-07 
0.544949 -0.315487 1.54507 -1.22958 -0.544949 3.13407e-07 
0.108299 -0.165954 0.814009 -0.648054 -0.108299 -6.09372e-07 
-0.329595 0.0585943 -0.114595 0.0560007 0.329595 -1.3462e-06 
-0.770548 0.467834 -1.52957 1.06174 0.770548 -1.62521e-06 
-0.783196 0.54752 -1.84016 1.29264 0.783196 -1.42978e-06 
-0.291185 0.2389 -0.849474 0.610574 0.291185 -6.75331e-07 
0.187429 -0.0626991 0.0870623 -0.0243633 -0.187429 2.84782e-08 
0.638941 -0.350099 0.914069 -0.56397 -0.638941 6.2985e-07 
1.01794 -0.58893 1.60476 -1.01583 -1.01794 1.19749e-06 
0.737621 -0.386191 1.05617 -0.669982 -0.737621 1.4585e-06 
0.457308 -0.183451 0.507582 -0.324131 -0.457308 1.7195e-06 
-0.203927 0.107813 -0.4507 0.342887 0.203927 1.31933e-06 
-0.887979 0.40438 -1.43352 1.02914 0.887979 8.7956e-07 
-0.688795 0.455813 -1.35002 0.894211 0.688795 8.62582e-07 
-0.418653 0.487552 -1.18086 0.693306 0.418653 8.79569e-07 
0.156207 0.35737 -0.442922 0.0855515 -0.156207 -3.86633e-07 
0.896619 0.139217 0.604025 -0.743243 -0.896619 -2.34999e-06 
1.09803 0.0537973 0.945813 -0.999613 -1.09803 -2.44354e-06 
0.799836 0.152545 0.544747 -0.697292 -0.799836 -4.46485e-07 
-0.0739145 0.515451 -0.783793 0.268344 0.0739145 3.44983e-06 
-0.0109512 0.765229 -1.02477 0.259548 0.0109512 -3.92554e-06 
0.963455 0.87256 -0.129193 -0.743373 -0.963455 -1.94575e-05 
0.403414 0.983233 -0.529627 -0.453612 -0.403414 5.45867e-05 
0.529972 0.970516 -0.0548693 -0.915614 -0.529972 -6.19822e-05 
0.0899347 0.622737 0.332808 -0.955589 -0.0899347 1.14664e-05 
-0.241421 0.118576 0.787943 -0.906441 0.241421 0.000122102 
-0.474089 -0.383711 0.998549 -0.614874 0.474089 4.84134e-06 
-0.415795 -0.441112 0.999371 -0.55822 0.415795 2.23338e-05 
-0.618806 -0.953458 0.944656 0.00875652 0.618806 -2.6066e-05 
-0.565274 -0.973767 0.643194 0.330551 0.565274 -3.75959e-05 
-0.511582 -0.953061 0.341975 0.611089 0.511582 5.55884e-06 
-0.409788 -0.895603 0.193457 0.70214 0.409788 2.8018e-06 
-0.373896 -0.43778 -0.428762 0.866552 0.373896 2.26756e-06 
-0.3221 -0.47308 -0.421154 0.894237 0.3221 -1.34475e-05 
-0.188027 -1.06957 0.565388 0.504176 0.188027 8.42579e-06 
-0.0224657 -0.936712 0.989314 -0.052605 0.0224657 9.1515e-06 
0.0364788 -0.643454 0.908178 -0.264723 -0.0364788 -3.60712e-07 
-0.023772 -0.130717 0.149089 -0.0183687 0.023772 -1.21446e-05 
-0.0197272 0.382173 -0.422878 0.0407068 0.0197272 -6.3819e-06 
0.0441384 1.01043 -0.878352 -0.132081 -0.0441384 8.34634e-06 
0.0677244 1.18335 -0.941005 -0.242355 -0.0677244 1.09059e-05 
0.0685903 -0.185094 0.662547 -0.477451 -0.0685903 -8.92341e-06 
0.072707 -0.41748 1.00926 -0.591778 -0.072707 -3.12242e-06 
0.121785 0.129226 0.749121 -0.878343 -0.121785 1.63752e-05 
0.0409478 -0.302725 0.958372 -0.655651 -0.0409478 -1.47847e-05 
0.00681744 -0.33696 0.90227 -0.565324 -0.00681744 -9.93509e-06 
-0.124938 -0.52048 0.399759 0.120753 0.124938 2.0817e-05 
-0.178515 -0.0538831 -0.956172 1.01002 0.178515 -7.06345e-06 
-0.174702 -0.284406 -0.534052 0.818455 0.174702 -6.49815e-06 
-0.0987554 -0.166537 -0.299142 0.465686 0.0987554 -2.4943e-06 
-0.0382642 0.19665 -0.628776 0.43213 0.0382642 7.49301e-07 
-0.0214834 0.504209 -1.13071 0.626505 0.0214834 3.01854e-06 
-0.0401393 -0.306495 0.359323 -0.0528286 0.0401393 2.15039e-06 
-0.0413401 -0.490263 0.707133 -0.216871 0.0413401 9.49425e-07 
-0.0362355 -0.447554 0.64232 -0.194767 0.0362355 -3.71764e-07 
-0.027377 -0.292718 0.395908 -0.10319 0.027377 -3.43788e-07 
-0.0181957 -0.128239 0.133877 -0.00563831 0.0181957 -1.99775e-07 
-0.00901443 0.0362405 -0.128154 0.0919136 0.00901443 -5.57619e-08 
-0.00796299 0.147465 -0.33429 0.186824 0.00796299 4.12602e-10 
-0.00976925 0.239971 -0.520777 0.280806 0.00976925 2.5711e-08 
-0.0115755 0.332477 -0.707265 0.374788 0.0115755 5.10095e-08 
-0.0133818 0.424982 -0.893752 0.46877 0.0133818 7.63079e-08 
-0.0147811 0.478507 -1.00887 0.530366 0.0147811 8.46847e-08 
-0.0158593 0.501276 -1.06769 0.566411 0.0158593 7.97107e-08 
-0.0169375 0.524046 -1.1265 0.602455 0.0169375 7.47367e-08 
-0.0180158 0.546815 -1.18532 0.6385 0.0180158 6.97627e-08 
-0.0130106 0.428662 -0.91201 0.483348 0.0130106 9.77051e-08 
-0.00655167 0.27683 -0.559334 0.282504 0.00655167 1.33514e-07 
-9.27134e-05 0.124998 -0.206658 0.0816593 9.27134e-05 1.69323e-07 
0.00695868 -0.0495854 0.200395 -0.15081 -0.00695868 1.77776e-07 
0.0154357 -0.27892 0.7383 -0.45938 -0.0154357 1.20401e-07 
0.0239128 -0.508254 1.27621 -0.767951 -0.0239128 6.30265e-08 
-0.0206608 -0.0788063 0.268706 -0.1899 0.0206608 -1.89229e-06 
-0.0866813 0.61697 -1.36356 0.74659 0.0866813 -4.61489e-06 
-0.0201863 0.12222 -0.36138 0.23916 0.0201863 -1.96594e-06 
0.0480182 -0.404397 0.754654 -0.350258 -0.0480182 7.72657e-07 
0.0746158 -0.600929 1.25502 -0.654093 -0.0746158 1.87857e-06 
0.0939131 -0.749524 1.65405 -0.904526 -0.0939131 2.75561e-06 
0.0711605 -0.622 1.46936 -0.847359 -0.0711605 2.31431e-06 
0.0484079 -0.494476 1.28467 -0.790191 -0.0484079 1.87302e-06 
0.0148211 -0.334463 0.996488 -0.662025 -0.0148211 1.35092e-06 
-0.076223 -0.00214665 0.159481 -0.157334 0.076223 4.00302e-07 
-0.167267 0.33017 -0.677526 0.347357 0.167267 -5.50316e-07 
-0.239744 0.56831 -1.22243 0.654123 0.239744 -1.21045e-06 
-0.289399 0.690686 -1.40827 0.717589 0.289399 -1.51352e-06 
-0.339053 0.813062 -1.59412 0.781055 0.339053 -1.81659e-06 
-0.22748 0.255458 -0.462473 0.207016 0.22748 -6.92549e-07 
-0.0802264 -0.452634 0.960743 -0.508109 0.0802264 7.47319e-07 
0.192238 -0.669676 1.11936 -0.449689 -0.192238 8.35985e-07 
0.479766 -0.682602 0.801465 -0.118864 -0.479766 4.25861e-07 
0.29609 -0.0841794 -0.257647 0.341826 -0.29609 -6.00458e-07 
0.112414 0.514243 -1.31676 0.802517 -0.112414 -1.62678e-06 
0.093412 0.558661 -1.28628 0.727616 -0.093412 -2.14932e-06 
0.0785732 0.589072 -1.22825 0.639174 -0.0785732 -2.65913e-06 
0.00538793 0.496428 -0.719535 0.223108 -0.00538793 -2.97456e-06 
-0.130758 0.270996 0.275495 -0.546492 0.130758 -3.08024e-06 
-0.204118 0.0399513 0.965299 -1.00525 0.204118 -2.6243e-06 
-0.17228 -0.200499 1.14369 -0.943194 0.17228 -1.22736e-06 
-0.0985296 -0.358939 0.988484 -0.629545 0.0985296 1.5217e-08 
0.0418605 -0.386985 0.302856 0.08413 -0.0418605 1.01237e-06 
0.166699 -0.463898 -0.237253 0.701152 -0.166699 1.93248e-06 
0.263479 -0.628974 -0.514819 1.1438 -0.263479 2.7136e-06 
0.192483 0.042948 -0.788525 0.745577 -0.192483 1.78163e-05 
-0.0242718 1.07473 -0.744181 -0.330554 0.0242718 3.36042e-05 
-0.179449 0.609962 0.404053 -1.01402 0.179449 8.11434e-06 
0.0421193 -1.27406 1.68871 -0.414644 -0.0421193 -2.19877e-05 
0.0278546 -0.603882 0.0994179 0.504467 -0.0278546 -2.26753e-05 
0.00129141 0.00703916 -0.637247 0.630209 -0.00129141 -1.17636e-05 
-0.0164176 0.387547 -0.645789 0.258242 0.0164176 3.52838e-06 
-0.0125085 0.293991 -0.490046 0.196055 0.0125085 2.68013e-06 
-0.00859944 0.200435 -0.334304 0.133869 0.00859944 1.83188e-06 
-0.00469037 0.106879 -0.178562 0.071683 0.00469037 9.83633e-07 
-0.000781306 0.0133233 -0.02282 0.00949676 0.000781306 1.35384e-07 
0.00170335 -0.0452182 0.0834999 -0.0382817 -0.00170335 -2.36013e-07 
0.00294588 -0.0732258 0.146722 -0.0734962 -0.00294588 -1.91578e-07 
0.0041884 -0.101233 0.209944 -0.108711 -0.0041884 -1.47143e-07 
0.00543093 -0.129241 0.273166 -0.143925 -0.00543093 -1.02708e-07 
0.00667345 -0.157249 0.336388 -0.17914 -0.00667345 -5.82734e-08 
0.00791597 -0.185256 0.39961 -0.214354 -0.00791597 -1.38385e-08 
0.0091585 -0.213264 0.462832 -0.249568 -0.0091585 3.05964e-08 
0.010401 -0.241271 0.526054 -0.284783 -0.010401 7.50313e-08 
0.0116435 -0.269279 0.589276 -0.319997 -0.0116435 1.19466e-07 
0.0128861 -0.297286 0.652498 -0.355212 -0.0128861 1.63901e-07 
0.0147252 -0.364205 0.785872 -0.421668 -0.0147252 9.42286e-08 
0.016636 -0.435791 0.927663 -0.491872 -0.016636 1.0866e-08 
0.0185467 -0.507377 1.06945 -0.562076 -0.0185467 -7.24966e-08 
0.0204575 -0.578964 1.21124 -0.632281 -0.0204575 -1.55859e-07 
0.0192807 -0.571808 1.18706 -0.615256 -0.0192807 -2.03229e-07 
0.00791658 -0.304837 0.615256 -0.310419 -0.00791658 -1.3184e-07 
-0.00344754 -0.0378674 0.0434484 -0.00558082 0.00344754 -6.04507e-08 
-0.0148117 0.229103 -0.528359 0.299257 0.0148117 1.09385e-08 
-0.0261758 0.496073 -1.10017 0.604095 0.0261758 8.23277e-08 
-0.0323689 0.545438 -1.23945 0.694009 0.0323689 1.24654e-07 
-0.0378639 0.565424 -1.32033 0.754906 0.0378639 1.63056e-07 
-0.0433589 0.585411 -1.40121 0.815804 0.0433589 2.01458e-07 
-0.048854 0.605397 -1.4821 0.876702 0.048854 2.39861e-07 
-0.0261306 0.585616 -1.41009 0.824479 0.0261306 6.8392e-08 
0.0457237 0.496594 -1.0719 0.575304 -0.0457237 -4.68481e-07 
0.117578 0.407572 -0.733702 0.326129 -0.117578 -1.00535e-06 
0.15028 0.179217 -0.141581 -0.0376372 -0.15028 -1.20084e-06 
0.136522 -0.214474 0.751853 -0.537381 -0.136522 -9.91238e-07 
0.115883 -0.582722 1.57226 -0.989542 -0.115883 -7.32789e-07 
-0.00717564 -0.572234 1.30564 -0.733411 0.00717564 2.52721e-07 
-0.130235 -0.561746 1.03902 -0.477279 0.130235 1.23823e-06 
-0.213399 -0.533 0.807282 -0.274282 0.213399 1.94754e-06 
-0.259394 -0.487243 0.608034 -0.120791 0.259394 2.39951e-06 
-0.204927 -0.305013 0.219501 0.0855122 0.204927 2.06508e-06 
0.0615239 0.165185 -0.568438 0.403254 -0.0615239 7.13176e-08 
0.284043 0.540092 -1.19626 0.656167 -0.284043 -1.5664e-06 
0.364768 0.607434 -1.30727 0.699838 -0.364768 -2.05493e-06 
0.343315 0.535992 -1.07734 0.541349 -0.343315 -1.88522e-06 
-0.0617344 -0.0564701 0.432547 -0.376077 0.0617344 7.55635e-07 
-0.313239 -0.379609 1.24424 -0.864632 0.313239 1.86187e-06 
-0.356694 -0.337819 1.10989 -0.772076 0.356694 8.88726e-07 
-0.264206 -0.231271 0.740934 -0.509663 0.264206 -1.11178e-06 
-0.107762 -0.0942579 0.261598 -0.16734 0.107762 -3.5956e-06 
-0.0501924 -0.107437 0.153032 -0.0455948 0.0501924 -8.68395e-06 
-0.0402872 -0.19302 0.223201 -0.0301818 0.0402872 -1.50279e-05 
0.428557 -0.365192 0.674004 -0.308815 -0.428557 1.55058e-05 
0.664291 -0.442021 0.993164 -0.551146 -0.664291 3.59093e-05 
0.231366 -0.300936 0.628594 -0.327656 -0.231366 -1.41818e-05 
-0.206366 0.177045 -0.420334 0.243293 0.206366 -5.00499e-05 
0.0140213 0.464136 -0.950348 0.486206 -0.0140213 1.85847e-05 
-0.0775278 0.322059 -0.657127 0.335069 0.0775278 1.63945e-05 
-0.169663 0.33708 -0.692432 0.355358 0.169663 -4.86216e-07 
-0.112643 0.558346 -1.13752 0.579176 0.112643 -3.8277e-06 
-0.0119444 0.316313 -0.643545 0.327231 0.0119444 -2.17069e-06 
0.145641 0.254634 -0.517087 0.262451 -0.145641 -2.50517e-06 
0.359566 0.371575 -0.754614 0.383035 -0.359566 -4.81196e-06 
0.460016 0.560368 -1.1368 0.576429 -0.460016 -2.94537e-06 
-0.0115452 -0.135003 0.274385 -0.139378 0.0115452 5.53353e-06 
-0.513495 -0.378439 0.767189 -0.388749 0.513495 3.38183e-06 
-0.451253 -0.184985 0.374649 -0.189665 0.451253 4.04789e-07 
-0.192089 -0.0199881 0.0405354 -0.0205478 0.192089 1.49469e-07 
0.0316035 0.066806 -0.13525 0.068444 -0.0316035 -5.29371e-08 
0.0909746 -0.208666 0.422403 -0.213737 -0.0909746 -1.02263e-08 
0.150346 -0.484137 0.980056 -0.495918 -0.150346 3.24845e-08 
0.221316 -0.59255 1.19832 -0.605772 -0.221316 -2.08005e-06 
0.332629 -0.119925 0.236197 -0.116264 -0.332629 -1.16886e-05 
0.376095 -0.488262 0.978541 -0.490286 -0.376095 9.6086e-06 
0.310498 -0.425748 0.849137 -0.423399 -0.310498 8.76642e-06 
0.569496 -0.47036 0.929891 -0.459525 -0.569496 -2.21849e-05 
0.698177 -0.471439 0.923574 -0.452139 -0.698177 2.43417e-05 
0.961719 -0.413792 0.795241 -0.381446 -0.961719 -6.27074e-05 
0.860513 0.0764163 -0.191864 0.115377 -0.860513 2.35536e-05 
0.489297 0.483797 -0.99436 0.51056 -0.489297 2.3729e-05 
0.502078 0.490868 -0.998124 0.507391 -0.502078 -0.000121979 
0.507745 0.497083 -0.99963 0.502564 -0.507745 -5.80807e-06 
0.503431 0.502523 -0.999288 0.496843 -0.503431 8.77733e-06 
0.486573 0.5077 -0.998975 0.491267 -0.486573 2.61488e-05 
0.453919 0.512258 -0.998971 0.48668 -0.453919 -9.44386e-05 
0.401082 0.515905 -0.999495 0.483812 -0.401082 -0.000125365 
0.296972 0.517237 -0.999155 0.481865 -0.296972 4.38528e-05 
-1.0063 0.419967 -0.811625 0.391707 1.0063 -3.88421e-05 
-0.978046 0.254026 -0.493135 0.239059 0.978046 -3.97866e-05 
-0.995681 0.0837301 -0.164555 0.0808281 0.995681 4.76929e-05 
-0.906339 0.0644328 -0.128674 0.0642792 0.906339 -2.73598e-05 
-0.992742 -0.232837 0.451295 -0.218495 0.992742 9.06137e-06 
-0.764949 0.211346 -0.41547 0.204127 0.764949 -1.37915e-06 
-0.83464 -0.248168 0.482869 -0.234694 0.83464 -1.38716e-06 
-0.589475 -0.517791 1.01011 -0.492311 0.589475 1.17168e-08 
-0.433416 -0.556263 1.0853 -0.52903 0.433416 9.5456e-08 
-0.255508 -0.0779881 0.152155 -0.0741667 0.255508 2.08508e-07 
-0.104835 0.348555 -0.680136 0.331579 0.104835 1.90669e-07 
-0.0154502 0.470388 -0.918031 0.44764 0.0154502 -9.17251e-08 
0.0360272 0.386462 -0.754484 0.368019 -0.0360272 -2.42817e-07 
0.0740977 0.229766 -0.448958 0.219192 -0.0740977 -3.47471e-07 
0.329472 0.313035 -0.616139 0.303106 -0.329472 -4.83088e-06 
0.445079 0.313077 -0.623357 0.310286 -0.445079 -1.98044e-06 
0.15365 0.415497 -0.824304 0.408812 -0.15365 2.4284e-05 
0.225009 0.40865 -0.818777 0.410121 -0.225009 -8.99025e-06 
0.2263 0.469545 -0.947719 0.478154 -0.2263 -3.15592e-06 
0.156999 0.484895 -0.985917 0.501039 -0.156999 -8.82944e-06 
0.0795728 0.477891 -0.980271 0.502392 -0.0795728 1.49758e-05 
0.0136558 0.47186 -0.976379 0.504515 -0.0136558 2.76692e-05 
-0.0468616 0.464546 -0.969159 0.504545 0.0468616 -0.000126124 
-0.0614536 0.540541 -1.12955 0.589007 0.0614536 5.41857e-05 
-0.440895 -0.475038 0.929324 -0.45425 0.440895 -7.60979e-05 
-0.358893 -0.494895 0.980184 -0.485288 0.358893 -2.81031e-05 
-0.273092 -0.473032 0.946176 -0.473116 0.273092 3.2986e-05 
-0.240142 -0.460497 0.923194 -0.462729 0.240142 -4.5502e-06 
-0.158878 -0.419159 0.850139 -0.430987 0.158878 -1.2611e-05 
-0.117108 -0.393559 0.803644 -0.410058 0.117108 5.15096e-06 
-0.126302 -0.186246 0.366126 -0.179883 0.126302 5.11741e-07 
-0.0784679 -0.153278 0.305844 -0.152574 0.0784679 -6.21889e-07 
-0.0730908 -0.389904 0.802879 -0.412978 0.0730908 -2.24861e-07 
-0.0677989 -0.503275 1.04152 -0.538248 0.0677989 -5.5834e-09 
-0.0625956 -0.488505 1.01153 -0.523028 0.0625956 2.88966e-08 
-0.0383743 -0.259059 0.535369 -0.276308 0.0383743 3.87026e-08 
0.00534792 0.19051 -0.398297 0.207787 -0.00534792 2.32082e-08 
0.0490701 0.64008 -1.33196 0.691882 -0.0490701 7.71391e-09 
0.0377499 0.521895 -1.08654 0.56465 -0.0377499 3.01537e-09 
0.0251313 0.390317 -0.813317 0.422999 -0.0251313 -1.42854e-09 
0.0125128 0.25874 -0.540088 0.281348 -0.0125128 -5.87244e-09 
0.00303962 0.137421 -0.287653 0.150232 -0.00303962 -4.94783e-09 
-0.00616682 0.0169726 -0.0369818 0.0200091 0.00616682 -3.56796e-09 
-0.0153733 -0.103476 0.21369 -0.110214 0.0153733 -2.18808e-09 
-0.0245797 -0.223925 0.464361 -0.240436 0.0245797 -8.08201e-10 
-0.0328131 -0.332298 0.689913 -0.357614 0.0328131 4.55863e-10 
-0.0301052 -0.304885 0.632998 -0.328113 0.0301052 4.17647e-10 
-0.0273973 -0.277471 0.576083 -0.298611 0.0273973 3.79431e-10 
-0.0246894 -0.250058 0.519168 -0.26911 0.0246894 3.41215e-10 
-0.0219814 -0.222645 0.462253 -0.239608 0.0219814 3.03e-10 
-0.0192735 -0.195231 0.405338 -0.210106 0.0192735 2.64784e-10 
-0.0165656 -0.167818 0.348423 -0.180605 0.0165656 2.26568e-10 
-0.0138577 -0.140405 0.291508 -0.151103 0.0138577 1.88352e-10 
-0.0111497 -0.112991 0.234593 -0.121601 0.0111497 1.50136e-10 
-0.00844182 -0.0855779 0.177678 -0.0920996 0.00844182 1.11921e-10 
-0.0057339 -0.0581646 0.120763 -0.062598 0.0057339 7.37048e-11 
-0.00302597 -0.0307512 0.0638476 -0.0330964 0.00302597 3.5489e-11 
-0.000318051 -0.00333789 0.0069326 -0.00359471 0.000318051 -2.7268e-12 
0.00238987 0.0240755 -0.0499824 0.0259069 -0.00238987 -4.09426e-11 
0.0050978 0.0514888 -0.106897 0.0554086 -0.0050978 -7.91584e-11 
0.00780572 0.0789022 -0.163812 0.0849102 -0.00780572 -1.17374e-10 
0 0 0 0 0 0 
