0 0 0 0 0 0 
-0.00175238 -0.00108253 0.00142373 -0.000341198 0.00175238 -5.30341e-08 
-0.00094243 -0.000421531 0.00042651 -4.97852e-06 0.00094243 -2.30924e-07 
0.00332835 0.00241474 -0.00346098 0.00104624 -0.00332835 -3.51006e-07 
0.00842397 0.00567782 -0.00784411 0.00216629 -0.00842397 -3.41958e-07 
0.0134811 0.00889 -0.0121399 0.00324995 -0.0134811 -3.00355e-07 
0.0175303 0.0114692 -0.0155965 0.00412726 -0.0175303 -2.76841e-07 
0.0194592 0.0127 -0.0172488 0.00454884 -0.0194592 -2.68809e-07 
0.0181481 0.0118598 -0.016121 0.00426119 -0.0181481 -2.70874e-07 
0.0124771 0.00822614 -0.0112369 0.0030108 -0.0124771 -2.77648e-07 
0.00132664 0.00107653 -0.00162067 0.000544138 -0.00132664 -2.83745e-07 
-0.0152559 -0.00956199 0.0126935 -0.00313155 0.0152559 -2.85048e-07 
-0.0319506 -0.0202767 0.027108 -0.00683122 0.0319506 -2.83183e-07 
-0.0419513 -0.0267006 0.0357384 -0.00903781 0.0419513 -2.81396e-07 
-0.0405177 -0.0257898 0.0344892 -0.00869943 0.0405177 -2.81819e-07 
-0.0290172 -0.0184138 0.0245533 -0.0061395 0.0290172 -2.83297e-07 
-0.00994069 -0.0061616 0.008096 -0.0019344 0.00994069 -2.84069e-07 
0.0143173 0.00943897 -0.0128025 0.00336351 -0.0143173 -2.82506e-07 
0.0423888 0.0275111 -0.0369689 0.0094578 -0.0423888 -2.78356e-07 
0.0735268 0.0475716 -0.0637784 0.0162067 -0.0735268 -2.72202e-07 
0.106993 0.0691429 -0.0926137 0.0234708 -0.106993 -2.64639e-07 
0.142048 0.0917473 -0.122858 0.0311103 -0.142048 -2.56263e-07 
0.177955 0.114907 -0.153893 0.0389858 -0.177955 -2.47667e-07 
0.213974 0.138145 -0.185102 0.0469566 -0.213974 -2.39435e-07 
0.249374 0.161015 -0.215839 0.0548236 -0.249374 -2.31559e-07 
0.283434 0.183115 -0.245418 0.0623026 -0.283434 -2.23164e-07 
0.315433 0.204047 -0.27315 0.0691028 -0.315433 -2.13306e-07 
0.34465 0.223412 -0.298346 0.0749332 -0.34465 -2.01043e-07 
0.370364 0.240813 -0.320316 0.0795029 -0.370364 -1.85431e-07 
0.391855 0.255851 -0.338372 0.0825209 -0.391855 -1.65529e-07 
0.408371 0.268121 -0.351845 0.0837244 -0.408371 -1.40524e-07 
0.41868 0.277112 -0.36039 0.0832782 -0.41868 -1.11629e-07 
0.421176 0.282232 -0.363913 0.081681 -0.421176 -8.16331e-08 
0.414244 0.282885 -0.362325 0.0794405 -0.414244 -5.33679e-08 
0.396987 0.278855 -0.355995 0.0771403 -0.396987 -2.95139e-08 
0.373079 0.272337 -0.348183 0.0758464 -0.373079 -1.17902e-08 
0.347981 0.266467 -0.343281 0.0768133 -0.347981 -1.53954e-09 
0.327122 0.264363 -0.345648 0.0812848 -0.327122 -8.56233e-11 
0.313368 0.267564 -0.357294 0.0897296 -0.313368 -7.53177e-09 
0.30546 0.275073 -0.376441 0.101368 -0.30546 -2.20148e-08 
0.301762 0.285661 -0.400967 0.115306 -0.301762 -4.14934e-08 
0.300639 0.298101 -0.428752 0.130651 -0.300639 -6.39261e-08 
0.300909 0.311247 -0.45757 0.146322 -0.300909 -8.73919e-08 
0.303512 0.324349 -0.484709 0.16036 -0.303512 -1.10535e-07 
0.310013 0.336769 -0.507313 0.170544 -0.310013 -1.32168e-07 
0.321977 0.347871 -0.522526 0.174656 -0.321977 -1.511e-07 
0.340682 0.357053 -0.527746 0.170693 -0.340682 -1.65978e-07 
0.363736 0.364157 -0.523603 0.159447 -0.363736 -1.73339e-07 
0.38622 0.369326 -0.512958 0.143633 -0.38622 -1.68268e-07 
0.404017 0.372857 -0.498948 0.126091 -0.404017 -1.48187e-07 
0.416507 0.375644 -0.485661 0.110018 -0.416507 -1.20217e-07 
0.423966 0.378718 -0.477365 0.0986477 -0.423966 -9.38271e-08 
0.426843 0.382608 -0.47599 0.0933819 -0.426843 -7.37517e-08 
0.4258 0.387206 -0.480499 0.0932929 -0.4258 -5.87135e-08 
0.421513 0.392363 -0.489666 0.0973029 -0.421513 -4.7048e-08 
0.414659 0.39793 -0.502264 0.104334 -0.414659 -3.70908e-08 
0.405914 0.403757 -0.517067 0.113309 -0.405914 -2.71774e-08 
0.395954 0.409696 -0.532846 0.123151 -0.395954 -1.56432e-08 
0.385497 0.415618 -0.548455 0.132837 -0.385497 -1.23208e-09 
0.3756 0.421572 -0.563365 0.141793 -0.3756 1.40927e-08 
0.367476 0.427688 -0.577344 0.149656 -0.367476 2.68411e-08 
0.36234 0.434097 -0.590159 0.156062 -0.36234 3.35135e-08 
0.361407 0.44093 -0.601581 0.160651 -0.361407 3.06108e-08 
0.365892 0.448319 -0.611377 0.163058 -0.365892 1.46335e-08 
0.376914 0.456322 -0.619219 0.162897 -0.376914 -1.75481e-08 
0.394219 0.463979 -0.623376 0.159397 -0.394219 -6.37758e-08 
0.416526 0.469568 -0.621075 0.151507 -0.416526 -1.17942e-07 
0.441807 0.471718 -0.61048 0.138762 -0.441807 -1.72785e-07 
0.464358 0.470936 -0.594671 0.123735 -0.464358 -2.15658e-07 
0.47732 0.468326 -0.578284 0.109958 -0.47732 -2.32236e-07 
0.476956 0.465038 -0.565 0.0999619 -0.476956 -2.14682e-07 
0.466535 0.462322 -0.556351 0.0940296 -0.466535 -1.69735e-07 
0.450539 0.461494 -0.553595 0.0921009 -0.450539 -1.06759e-07 
0.436075 0.464405 -0.558144 0.0937389 -0.436075 -4.15998e-08 
0.431665 0.473176 -0.571454 0.0982784 -0.431665 6.36057e-09 
0.440662 0.487943 -0.59253 0.104587 -0.440662 2.82519e-08 
0.458993 0.506001 -0.616867 0.110866 -0.458993 3.03101e-08 
0.482028 0.524362 -0.639357 0.114995 -0.482028 2.01691e-08 
0.505193 0.539805 -0.653618 0.113813 -0.505193 6.36624e-09 
0.524116 0.549291 -0.653545 0.104255 -0.524116 -2.81269e-09 
0.53695 0.552967 -0.640804 0.0878372 -0.53695 -5.27169e-09 
0.543707 0.553253 -0.622572 0.0693191 -0.543707 -3.33599e-09 
0.545911 0.552979 -0.606503 0.0535236 -0.545911 -2.83523e-10 
0.546453 0.555282 -0.600476 0.0451936 -0.546453 -1.42398e-10 
0.546946 0.561923 -0.608271 0.0463484 -0.546946 -4.65745e-09 
0.547344 0.572926 -0.628537 0.0556114 -0.547344 -1.26871e-08 
0.547477 0.588023 -0.659306 0.071283 -0.547477 -2.26298e-08 
0.547039 0.60562 -0.696495 0.0908748 -0.547039 -3.08832e-08 
0.545715 0.623568 -0.735133 0.111565 -0.545715 -3.32856e-08 
0.543797 0.640017 -0.770697 0.13068 -0.543797 -2.97679e-08 
0.542043 0.653378 -0.799016 0.145638 -0.542043 -2.30331e-08 
0.541963 0.66299 -0.816576 0.153586 -0.541963 -1.39705e-08 
0.545764 0.669062 -0.820479 0.151417 -0.545764 -1.72143e-09 
0.554234 0.67211 -0.810078 0.137967 -0.554234 1.24169e-08 
0.563796 0.673496 -0.791497 0.118001 -0.563796 2.04376e-08 
0.570032 0.67563 -0.774485 0.0988557 -0.570032 1.52748e-08 
0.568651 0.682363 -0.772504 0.0901404 -0.568651 -6.10539e-09 
0.559622 0.694426 -0.788435 0.0940087 -0.559622 -4.16259e-08 
0.547655 0.708899 -0.81294 0.104041 -0.547655 -8.39644e-08 
0.537558 0.72275 -0.83665 0.1139 -0.537558 -1.26093e-07 
0.5339 0.733072 -0.851147 0.118075 -0.5339 -1.61872e-07 
0.539607 0.738059 -0.851154 0.113095 -0.539607 -1.85996e-07 
0.55275 0.739152 -0.840514 0.101361 -0.55275 -1.95415e-07 
0.569934 0.738528 -0.825368 0.0868395 -0.569934 -1.88487e-07 
0.585062 0.738992 -0.814767 0.075775 -0.585062 -1.68258e-07 
0.592509 0.743179 -0.817083 0.073904 -0.592509 -1.38552e-07 
0.593013 0.751961 -0.833009 0.0810479 -0.593013 -1.00149e-07 
0.58951 0.765545 -0.86044 0.0948946 -0.58951 -5.37843e-08 
0.587616 0.782714 -0.892272 0.109558 -0.587616 -1.14624e-08 
0.594113 0.801446 -0.918863 0.117418 -0.594113 9.41983e-09 
0.611585 0.820758 -0.936065 0.115307 -0.611585 6.08037e-09 
0.636663 0.841791 -0.948475 0.106684 -0.636663 2.14189e-10 
0.661977 0.867935 -0.967695 0.0997601 -0.661977 1.94646e-08 
0.688586 0.901432 -0.995338 0.0939057 -0.688586 -2.94462e-08 
0.723654 0.943721 -1.02534 0.0816169 -0.723654 -1.90641e-07 
0.764205 0.995925 -1.05936 0.0634365 -0.764205 -9.51754e-08 
0.809284 1.05773 -1.09442 0.0366943 -0.809284 -1.40501e-07 
0.855665 1.12601 -1.12622 0.000205322 -0.855665 -1.48504e-07 
0.899384 1.19491 -1.15006 -0.04485 -0.899384 -8.39766e-08 
0.938362 1.26 -1.16386 -0.0961436 -0.938362 -1.22296e-07 
0.973055 1.32049 -1.16759 -0.152903 -0.973055 -1.8036e-08 
1.00222 1.37264 -1.16204 -0.210605 -1.00222 -1.42495e-08 
1.02571 1.41488 -1.14981 -0.265072 -1.02571 3.01013e-09 
1.04399 1.44765 -1.1344 -0.313245 -1.04399 -3.99178e-08 
1.05804 1.47135 -1.11707 -0.354278 -1.05804 -5.01415e-08 
1.06857 1.49062 -1.10323 -0.387397 -1.06857 -2.92821e-08 
1.07591 1.50489 -1.0931 -0.411791 -1.07591 -1.22922e-07 
1.08135 1.50856 -1.07745 -0.431108 -1.08135 -1.40216e-07 
1.08653 1.50281 -1.05194 -0.450874 -1.08653 -6.77367e-08 
1.092 1.49073 -1.01775 -0.472979 -1.092 -3.1426e-09 
1.09728 1.47731 -0.981873 -0.495441 -1.09728 -4.37792e-08 
1.10245 1.46792 -0.950094 -0.517828 -1.10245 -1.35848e-07 
1.10801 1.46806 -0.926603 -0.541455 -1.10801 -1.61342e-07 
1.11423 1.4781 -0.910402 -0.5677 -1.11423 -1.05686e-07 
1.12112 1.48804 -0.889563 -0.598474 -1.12112 -1.03578e-07 
1.12881 1.49491 -0.859502 -0.635407 -1.12881 -1.06677e-07 
1.13758 1.50216 -0.821642 -0.680519 -1.13758 1.96218e-09 
1.14684 1.50691 -0.774354 -0.73256 -1.14684 2.42874e-09 
1.1561 1.50794 -0.717905 -0.790031 -1.1561 -7.04514e-08 
1.16418 1.50455 -0.658688 -0.845859 -1.16418 -1.41838e-08 
1.17039 1.49926 -0.60678 -0.892477 -1.17039 2.10652e-08 
1.1749 1.4913 -0.560318 -0.930979 -1.1749 -6.61077e-09 
1.1784 1.48175 -0.517064 -0.964686 -1.1784 -5.96957e-08 
1.1815 1.47424 -0.480397 -0.99384 -1.1815 -1.05547e-07 
1.18433 1.47036 -0.452545 -1.01781 -1.18433 -1.25037e-07 
1.18677 1.46395 -0.422106 -1.04185 -1.18677 -1.23148e-07 
1.1888 1.45264 -0.384587 -1.06805 -1.1888 -1.11701e-07 
1.19047 1.43697 -0.34085 -1.09612 -1.19047 -1.02081e-07 
1.19186 1.41834 -0.293122 -1.12522 -1.19186 -9.59251e-08 
1.19307 1.39843 -0.244044 -1.15439 -1.19307 -9.17835e-08 
1.19418 1.37883 -0.196207 -1.18262 -1.19418 -8.82849e-08 
1.19521 1.36072 -0.151738 -1.20898 -1.19521 -8.47857e-08 
1.19614 1.34502 -0.112519 -1.2325 -1.19614 -8.10272e-08 
1.19695 1.33268 -0.0804316 -1.25225 -1.19695 -7.67545e-08 
1.19763 1.3246 -0.0573171 -1.26729 -1.19763 -7.17213e-08 
1.19816 1.32134 -0.0443557 -1.27698 -1.19816 -6.58387e-08 
1.19853 1.32313 -0.0421588 -1.28097 -1.19853 -5.91524e-08 
1.19873 1.3302 -0.0513194 -1.27888 -1.19873 -5.17126e-08 
1.19875 1.34264 -0.0720667 -1.27057 -1.19875 -4.35335e-08 
1.19865 1.35939 -0.102004 -1.25738 -1.19865 -3.43688e-08 
1.19848 1.37893 -0.137581 -1.24135 -1.19848 -2.3858e-08 
1.1983 1.39973 -0.175233 -1.2245 -1.1983 -1.1644e-08 
1.1982 1.41999 -0.210755 -1.20923 -1.1982 2.3071e-09 
1.19825 1.43743 -0.238834 -1.19859 -1.19825 1.74721e-08 
1.1985 1.45031 -0.255362 -1.19495 -1.1985 3.16553e-08 
1.19854 1.46243 -0.269269 -1.19316 -1.19854 2.66535e-08 
1.19788 1.47921 -0.293465 -1.18574 -1.19788 -1.78256e-08 
1.19701 1.49723 -0.321326 -1.17591 -1.19701 -8.21871e-08 
1.19659 1.51147 -0.342124 -1.16935 -1.19659 -1.40204e-07 
1.19693 1.51965 -0.350272 -1.16938 -1.19693 -1.7929e-07 
1.19816 1.52062 -0.342457 -1.17816 -1.19816 -1.92202e-07 
1.2001 1.51531 -0.319827 -1.19548 -1.2001 -1.8178e-07 
1.20253 1.50502 -0.284249 -1.22077 -1.20253 -1.52479e-07 
1.20505 1.49156 -0.239278 -1.25228 -1.20505 -1.10067e-07 
1.20679 1.47807 -0.192699 -1.28538 -1.20679 -6.36189e-08 
1.20686 1.46789 -0.152851 -1.31504 -1.20686 -2.26212e-08 
1.20452 1.46338 -0.125145 -1.33823 -1.20452 6.35512e-09 
1.19926 1.46583 -0.111638 -1.35419 -1.19926 2.00721e-08 
1.19077 1.47571 -0.112718 -1.36299 -1.19077 1.70818e-08 
1.17998 1.48816 -0.118444 -1.36971 -1.17998 7.12662e-09 
1.1685 1.4965 -0.115664 -1.38083 -1.1685 3.44572e-09 
1.15897 1.49811 -0.101646 -1.39646 -1.15897 8.14255e-09 
1.15356 1.49375 -0.0806578 -1.41309 -1.15356 1.62096e-08 
1.15115 1.48855 -0.0622674 -1.42628 -1.15115 1.82229e-08 
1.15012 1.48764 -0.055411 -1.43223 -1.15012 4.64014e-09 
1.15004 1.49237 -0.0615229 -1.43084 -1.15004 -3.06121e-08 
1.15073 1.50298 -0.0798427 -1.42314 -1.15073 -9.25983e-08 
1.15145 1.51855 -0.105197 -1.41335 -1.15145 -1.84479e-07 
1.15086 1.53684 -0.127845 -1.40899 -1.15086 -3.07283e-07 
1.14828 1.55553 -0.141098 -1.41443 -1.14828 -4.55926e-07 
1.14398 1.57222 -0.142904 -1.42931 -1.14398 -6.16981e-07 
1.13872 1.58537 -0.13508 -1.45029 -1.13872 -7.78038e-07 
1.13388 1.59461 -0.124171 -1.47044 -1.13388 -9.28905e-07 
1.13071 1.59912 -0.115472 -1.48364 -1.13071 -1.06039e-06 
1.13011 1.59768 -0.111961 -1.48572 -1.13011 -1.15763e-06 
1.1314 1.59691 -0.116372 -1.48054 -1.1314 -1.07172e-06 
1.13244 1.60569 -0.127194 -1.47849 -1.13244 -6.87912e-07 
1.13215 1.61884 -0.133772 -1.48507 -1.13215 -2.28056e-07 
1.13196 1.62267 -0.127291 -1.49538 -1.13196 5.07075e-08 
1.13206 1.62022 -0.119078 -1.50114 -1.13206 1.06349e-07 
1.13217 1.61778 -0.117113 -1.50067 -1.13217 4.47109e-08 
1.13214 1.61854 -0.121412 -1.49713 -1.13214 -5.50775e-09 
1.13199 1.62227 -0.130652 -1.49162 -1.13199 -2.87053e-08 
1.13176 1.62802 -0.143262 -1.48476 -1.13176 -3.34336e-08 
1.13147 1.63484 -0.157673 -1.47717 -1.13147 -2.8245e-08 
1.13118 1.64182 -0.172337 -1.46948 -1.13118 -2.14627e-08 
1.13091 1.64835 -0.186176 -1.46217 -1.13091 -1.69084e-08 
1.13066 1.65414 -0.198535 -1.45561 -1.13066 -1.42855e-08 
1.13046 1.65891 -0.208777 -1.45014 -1.13046 -1.31462e-08 
1.13031 1.66238 -0.216265 -1.44612 -1.13031 -1.30423e-08 
1.13023 1.66427 -0.220362 -1.4439 -1.13023 -1.3526e-08 
1.13023 1.66428 -0.22043 -1.44385 -1.13023 -1.41492e-08 
1.13032 1.66215 -0.215832 -1.44632 -1.13032 -1.44639e-08 
1.13052 1.65758 -0.20593 -1.45165 -1.13052 -1.40221e-08 
1.13083 1.6503 -0.190087 -1.46021 -1.13083 -1.23759e-08 
1.13128 1.63997 -0.167571 -1.4724 -1.13128 -9.23011e-09 
1.13187 1.62597 -0.137132 -1.48883 -1.13187 -5.13454e-09 
1.13263 1.60757 -0.0973401 -1.51023 -1.13263 -9.29421e-10 
1.13358 1.58406 -0.046766 -1.53729 -1.13358 2.54479e-09 
1.13473 1.55471 0.0160048 -1.57072 -1.13473 4.45089e-09 
1.13607 1.51986 0.0902017 -1.61007 -1.13607 4.42555e-09 
1.13748 1.48194 0.170602 -1.65254 -1.13748 3.07099e-09 
1.13887 1.44364 0.25144 -1.69508 -1.13887 1.10696e-09 
1.1401 1.40764 0.326951 -1.73459 -1.1401 -7.46776e-10 
1.14108 1.37636 0.391934 -1.7683 -1.14108 -1.80839e-09 
1.14173 1.35058 0.444423 -1.79501 -1.14173 -1.61334e-09 
1.142 1.3305 0.483599 -1.8141 -1.142 2.25651e-10 
1.14183 1.31633 0.508649 -1.82498 -1.14183 4.09576e-09 
1.14117 1.30825 0.518791 -1.82704 -1.14117 1.03372e-08 
1.14029 1.30602 0.514896 -1.82092 -1.14029 1.70205e-08 
1.13986 1.3088 0.500194 -1.809 -1.13986 1.89805e-08 
1.14061 1.31565 0.478184 -1.79383 -1.14061 1.09244e-08 
1.14285 1.32421 0.454896 -1.77911 -1.14285 -9.03812e-09 
1.14646 1.33062 0.439188 -1.76981 -1.14646 -3.89941e-08 
1.1511 1.33171 0.437728 -1.76944 -1.1511 -7.52653e-08 
1.15566 1.32703 0.449431 -1.77646 -1.15566 -1.08989e-07 
1.15892 1.31669 0.471625 -1.78832 -1.15892 -1.30352e-07 
1.16005 1.30099 0.501971 -1.80296 -1.16005 -1.32181e-07 
1.15858 1.2804 0.538414 -1.81881 -1.15858 -1.09955e-07 
1.15521 1.25695 0.576762 -1.83372 -1.15521 -6.81924e-08 
1.15246 1.23517 0.609393 -1.84456 -1.15246 -2.56769e-08 
1.15243 1.21852 0.63047 -1.84899 -1.15243 2.17158e-09 
1.15607 1.20799 0.638392 -1.84639 -1.15607 9.35113e-09 
1.16277 1.20232 0.636794 -1.83912 -1.16277 1.1309e-10 
1.16889 1.19616 0.639345 -1.83551 -1.16889 -1.97157e-09 
1.17197 1.18638 0.653914 -1.84029 -1.17197 1.35585e-08 
1.17156 1.17324 0.679491 -1.85273 -1.17156 3.72504e-08 
1.1685 1.15777 0.71252 -1.87029 -1.1685 4.96501e-08 
1.16427 1.14124 0.748469 -1.88971 -1.16427 2.38064e-08 
1.15953 1.12362 0.785993 -1.90961 -1.15953 -8.98127e-08 
1.1551 1.10391 0.826361 -1.93027 -1.1551 -2.97422e-07 
1.15475 1.08062 0.873378 -1.954 -1.15475 -3.60173e-07 
1.16048 1.05306 0.929761 -1.98282 -1.16048 -1.28742e-07 
1.16873 1.02282 0.991856 -2.01468 -1.16873 -2.5527e-09 
1.17604 0.994119 1.05042 -2.04454 -1.17604 -1.94482e-07 
1.18321 0.969706 1.10016 -2.06986 -1.18321 -2.61669e-07 
1.18957 0.948548 1.14324 -2.09179 -1.18957 -1.76366e-07 
1.19429 0.93097 1.17898 -2.10995 -1.19429 -8.93081e-08 
1.19791 0.91859 1.20413 -2.12272 -1.19791 -3.61881e-08 
1.20144 0.909476 1.22263 -2.13211 -1.20144 -5.79776e-09 
1.20646 0.903003 1.23577 -2.13877 -1.20646 -1.4852e-09 
1.21501 0.900342 1.24117 -2.14151 -1.21501 -4.19252e-08 
1.22787 0.902799 1.23618 -2.13898 -1.22787 -1.08891e-07 
1.24079 0.904572 1.23259 -2.13716 -1.24079 -1.30254e-07 
1.24886 0.902566 1.23666 -2.13922 -1.24886 -1.14258e-07 
1.25242 0.898691 1.24451 -2.1432 -1.25242 -9.36989e-08 
1.25404 0.89461 1.25278 -2.14739 -1.25404 -7.16301e-08 
1.25579 0.890791 1.26053 -2.15132 -1.25579 -4.98163e-08 
1.25846 0.884868 1.27253 -2.15739 -1.25846 -2.81057e-08 
1.26265 0.874077 1.29438 -2.16846 -1.26265 -6.24812e-09 
1.26911 0.857902 1.32712 -2.18502 -1.26911 -1.29601e-08 
1.27888 0.839057 1.3652 -2.20425 -1.27888 -8.791e-08 
1.29207 0.815814 1.41208 -2.2279 -1.29207 -6.58203e-08 
1.30862 0.788172 1.46774 -2.25591 -1.30862 2.56375e-08 
1.33074 0.75584 1.53267 -2.28851 -1.33074 -6.44303e-08 
1.36013 0.718619 1.60718 -2.3258 -1.36013 -3.52619e-09 
1.39893 0.677632 1.6889 -2.36653 -1.39893 -3.422e-08 
1.4456 0.637726 1.76809 -2.40582 -1.4456 -8.6255e-08 
1.49727 0.602618 1.83742 -2.44004 -1.49727 1.98568e-08 
1.554 0.57246 1.89668 -2.46914 -1.554 -5.52015e-11 
1.61584 0.547313 1.94587 -2.49318 -1.61584 -1.94541e-09 
1.68275 0.527232 1.98498 -2.51221 -1.68275 -3.28746e-08 
1.75455 0.51227 2.01402 -2.52629 -1.75455 -2.44877e-08 
1.83091 0.502471 2.03298 -2.53545 -1.83091 -6.78277e-09 
1.91132 0.49787 2.04187 -2.53974 -1.91132 -1.09724e-07 
1.99421 0.498453 2.04075 -2.5392 -1.99421 -2.38615e-08 
2.06993 0.503253 2.03147 -2.53472 -2.06993 -3.70551e-08 
2.13579 0.510556 2.01734 -2.52789 -2.13579 -8.70504e-08 
2.19172 0.519042 2.00088 -2.51993 -2.19172 4.82575e-09 
2.23799 0.527492 1.98447 -2.51197 -2.23799 -2.14027e-08 
2.27485 0.534849 1.97016 -2.50501 -2.27485 -6.98505e-09 
2.30353 0.543408 1.95348 -2.49689 -2.30353 4.29088e-09 
2.32397 0.549528 1.94154 -2.49107 -2.32397 2.52953e-09 
2.3384 0.550627 1.9394 -2.49002 -2.3384 -2.40945e-10 
2.34848 0.546715 1.94703 -2.49374 -2.34848 -2.0151e-09 
2.35598 0.541991 1.95625 -2.49824 -2.35598 -1.71353e-09 
2.36238 0.540559 1.95904 -2.4996 -2.36238 3.17334e-10 
2.36859 0.543681 1.95294 -2.49662 -2.36859 1.54382e-09 
2.37516 0.55069 1.93926 -2.48995 -2.37516 3.27545e-10 
2.38276 0.560329 1.92043 -2.48076 -2.38276 -1.00886e-08 
2.39363 0.573089 1.89546 -2.46855 -2.39363 -6.68327e-08 
2.40877 0.589047 1.86412 -2.45317 -2.40877 -1.31229e-07 
2.42606 0.608869 1.8251 -2.43397 -2.42606 -3.15248e-08 
2.44551 0.632901 1.77764 -2.41054 -2.44551 9.3598e-09 
2.46716 0.661546 1.72087 -2.38241 -2.46716 1.52611e-09 
2.49034 0.695056 1.6542 -2.34926 -2.49034 -4.09176e-08 
2.51434 0.733369 1.57768 -2.31105 -2.51434 -1.25161e-07 
2.53849 0.776443 1.49131 -2.26776 -2.53849 -1.57512e-09 
2.56218 0.824226 1.39512 -2.21935 -2.56218 -1.08561e-07 
2.58391 0.874206 1.29413 -2.16833 -2.58391 -2.49299e-08 
2.60128 0.919619 1.20205 -2.12167 -2.60128 -6.99331e-08 
2.61505 0.960134 1.11967 -2.0798 -2.61505 -1.18765e-07 
2.62602 0.995867 1.04684 -2.04271 -2.62602 -7.86543e-08 
2.63466 1.02712 0.982993 -2.01012 -2.63466 2.4903e-08 
2.64167 1.05423 0.927557 -1.98179 -2.64167 -1.67081e-09 
2.64741 1.07765 0.879601 -1.95725 -2.64741 -5.22549e-09 
2.65195 1.09902 0.835737 -1.93475 -2.65195 3.06289e-10 
2.65562 1.11842 0.795813 -1.91423 -2.65562 1.918e-09 
2.65856 1.13394 0.763879 -1.89782 -2.65856 1.19086e-09 
2.66082 1.14445 0.742328 -1.88677 -2.66082 3.26742e-10 
2.66245 1.15011 0.730793 -1.88091 -2.66245 -2.56144e-10 
2.66371 1.15326 0.724459 -1.87772 -2.66371 -4.59725e-10 
2.66502 1.15833 0.714109 -1.87244 -2.66502 -4.29319e-10 
2.66673 1.16895 0.692221 -1.86117 -2.66673 -3.03827e-10 
2.66883 1.18482 0.659378 -1.8442 -2.66883 -1.47934e-10 
2.67118 1.20463 0.618336 -1.82297 -2.67118 -6.44324e-12 
2.67366 1.22707 0.571818 -1.79888 -2.67366 8.35069e-11 
2.67617 1.25088 0.522401 -1.77328 -2.67617 1.23577e-10 
2.67861 1.27487 0.472611 -1.74748 -2.67861 1.27676e-10 
2.68091 1.29782 0.424975 -1.7228 -2.68091 1.09714e-10 
2.68295 1.31851 0.38202 -1.70053 -2.68295 8.36018e-11 
2.68468 1.33604 0.345621 -1.68166 -2.68468 6.02407e-11 
2.68611 1.3505 0.315604 -1.6661 -2.68611 4.10902e-11 
2.68726 1.36216 0.291395 -1.65355 -2.68726 2.57653e-11 
2.68816 1.3713 0.27242 -1.64372 -2.68816 1.38805e-11 
2.68884 1.37819 0.258106 -1.6363 -2.68884 5.05052e-12 
2.68933 1.38312 0.247878 -1.631 -2.68933 -1.10986e-12 
2.68964 1.38635 0.241163 -1.62752 -2.68964 -4.98598e-12 
2.68982 1.38817 0.237388 -1.62556 -2.68982 -6.96313e-12 
2.68989 1.38885 0.235977 -1.62483 -2.68989 -7.42659e-12 
2.68987 1.38867 0.236358 -1.62503 -2.68987 -6.76166e-12 
2.68979 1.3879 0.237956 -1.62585 -2.68979 -5.35363e-12 
2.68969 1.38682 0.240198 -1.62702 -2.68969 -3.5878e-12 
2.68958 1.3857 0.24251 -1.62821 -2.68958 -1.84947e-12 
2.68949 1.38483 0.244317 -1.62915 -2.68949 -5.23918e-13 
2.68946 1.38448 0.245048 -1.62953 -2.68946 3.55271e-15 
2.68946 1.38448 0.245048 -1.62953 -2.68946 3.55271e-15 
