1.13194 1.5976 -0.119028 -1.47857 -1.13194 3.55271e-15 
0.399279 0.692908 -0.304449 -0.388458 -0.399279 -1.35528e-08 
-0.0160081 0.233241 -0.447865 0.214623 0.0160081 -1.38768e-07 
0.484798 0.463204 -0.627458 0.164254 -0.484798 -3.56953e-08 
0.573381 0.863866 -0.987492 0.123626 -0.573381 -7.97408e-09 
1.0134 1.47521 -1.17079 -0.304417 -1.0134 -3.47663e-09 
1.16099 1.51424 -0.112405 -1.40184 -1.16099 -6.63363e-08 
1.1503 1.66464 -0.219184 -1.44545 -1.1503 -1.38541e-07 
1.16093 1.22165 0.608982 -1.83063 -1.16093 -5.36943e-08 
1.2508 0.848615 1.34585 -2.19446 -1.2508 -3.42418e-08 
1.43649 0.619374 1.81388 -2.43325 -1.43649 -8.46371e-08 
1.51099 0.590184 1.91723 -2.50742 -1.51099 3.68041e-10 
1.57526 0.6162 2.02044 -2.63664 -1.57526 3.7229e-10 
1.74902 0.685369 2.29835 -2.98372 -1.74902 -3.17584e-09 
1.3039 0.459665 1.55902 -2.01868 -1.3039 4.99291e-09 
-0.569363 -0.43038 -1.53123 1.96161 0.569363 1.518e-08 
-0.85431 -0.573215 -2.09773 2.67094 0.85431 -6.46121e-08 
-0.604249 -0.499191 -2.04114 2.54033 0.604249 -3.04521e-07 
-9.8001e-07 -0.6901 -1.66408 2.35418 9.8001e-07 -4.75084e-08 
7.85313e-09 -1.38448 -0.245048 1.62953 -7.85313e-09 -6.664e-08 
