-1.12024 -1.37992 -0.285519 1.66544 1.12024 -2.74215e-08 
-0.0496217 -0.108294 0.0155727 0.0927209 0.0496217 9.28723e-08 
-0.0436621 -0.950307 -0.749763 1.70007 0.0436621 -4.69271e-07 
-2.64551 -0.766651 0.127055 0.639596 2.64551 -2.05406e-06 
3.42167 -0.1386 -2.09511 2.23371 -3.42167 -1.00334e-05 
-0.395741 -1.07013 2.98087 -1.91092 0.395741 9.50548e-06 
-0.206626 0.965884 -2.28847 1.32259 0.206626 3.0057e-06 
-0.217153 -3.81962 7.32232 -3.5027 0.217153 -4.82626e-06 
0.0115296 -1.63856 2.95831 -1.31974 -0.0115296 -2.15094e-06 
0.546225 -0.74624 1.49164 -0.745388 -0.546225 -1.96803e-06 
0.383498 0.351794 0.565995 -0.917788 -0.383498 2.94011e-06 
-1.2901 -0.514712 -2.0689 2.58361 1.2901 -1.28882e-08 
0.110153 0.0456366 0.177061 -0.222698 -0.110153 -3.25993e-09 
-0.294191 -0.141994 -0.48487 0.626864 0.294191 3.14314e-09 
-1.50581 -0.698987 -2.4687 3.16768 1.50581 2.80645e-08 
1.51588 0.713569 2.43421 -3.14778 -1.51588 -1.78076e-07 
-0.0324423 -0.0248962 -0.124429 0.149325 0.0324423 2.21837e-06 
1.58541 0.488658 1.63816 -2.12678 -1.58541 1.45467e-05 
-0.0052878 -1.41107 2.9058 -1.49479 0.0052878 -9.07301e-06 
-2.09478e-07 1.44119 -3 1.55881 2.09478e-07 1.14707e-06 
