-0.00138427 -1.38275 2.91628 -1.53353 0.00138427 -2.61579e-07 
0.00162516 1.62896 -3.44183 1.81287 -0.00162516 6.1477e-07 
-0.00959978 -1.56473 2.18939 -0.62467 0.00959978 -1.00102e-05 
-0.000106383 0.576859 2.73179 -3.30864 0.000106383 0.000272387 
3.82347e-05 2.23078 -4.78267 2.55189 -3.82347e-05 -9.26076e-05 
-8.01275e-06 0.978396 -2.04964 1.07124 8.01275e-06 1.94176e-05 
1.05368e-06 -0.13044 0.271782 -0.141343 -1.05368e-06 -2.55358e-06 
-8.97326e-07 0.461923 -0.993483 0.53156 8.97326e-07 2.17441e-06 
-5.40666e-06 1.87179 -4.00102 2.12923 5.40666e-06 1.31031e-05 
1.88511e-06 -1.25284 2.67895 -1.42611 -1.88511e-06 -4.56846e-06 
7.33219e-07 -1.45392 3.08507 -1.63115 -7.33219e-07 -1.77697e-06 
-7.92336e-07 1.42328 -3.05516 1.63188 7.92336e-07 1.92022e-06 
-8.68345e-05 -0.560253 1.69579 -1.13554 8.68345e-05 0.000210439 
1.67715e-06 0.169811 2.99648 -3.16629 -1.67715e-06 -4.10855e-06 
-2.2902e-06 -1.06632 0.901795 0.164516 2.2902e-06 5.70427e-06 
2.48691e-06 2.9987 -3.07554 0.0768354 -2.48691e-06 -7.42968e-06 
6.21232e-06 -1.94874 2.0327 -0.0838983 -6.21232e-06 -2.17175e-05 
7.24299e-06 0.881739 -1.73239 0.850688 -7.24299e-06 -3.4571e-05 
-7.73527e-09 0.191949 -0.39265 0.200701 7.73527e-09 3.6619e-08 
4.26234e-09 0.334695 -0.685935 0.35124 -4.26234e-09 -2.34533e-08 
