0 0 0 0 0 0 
-0.00188139 0.045978 -0.0977517 0.0517737 0.00188139 -9.19263e-08 
-0.00292689 0.162784 -0.344225 0.181441 0.00292689 -3.19121e-07 
0.0116724 0.202367 -0.420294 0.217927 -0.0116724 -3.70718e-07 
-0.0444861 0.169349 -0.37877 0.209421 0.0444861 -4.02366e-07 
0.201611 0.270404 -0.467597 0.197193 -0.201611 -1.80031e-07 
0.425661 0.362934 -0.534662 0.171728 -0.425661 1.46556e-08 
0.313611 0.355697 -0.538665 0.182969 -0.313611 -2.02301e-07 
0.442655 0.485263 -0.729618 0.244354 -0.442655 -2.5184e-07 
0.696874 0.656976 -0.877864 0.220888 -0.696874 -1.19317e-07 
0.770136 0.662472 -0.81948 0.157008 -0.770136 1.54724e-08 
0.859991 0.749436 -0.881646 0.13221 -0.859991 -3.72446e-08 
1.09465 1.14382 -1.12884 -0.0149844 -1.09465 -8.41235e-08 
1.18799 1.36322 -1.14023 -0.222993 -1.18799 -2.09431e-08 
1.19475 1.41282 -1.17351 -0.239309 -1.19475 -4.78133e-08 
1.20198 1.44734 -1.18478 -0.262565 -1.20198 3.48439e-09 
1.21846 1.45984 -1.1271 -0.332739 -1.21846 -1.38019e-08 
1.22249 1.48921 -1.14102 -0.348192 -1.22249 1.97204e-08 
1.22515 1.49555 -1.13493 -0.360621 -1.22515 -4.61784e-08 
1.22923 1.48635 -1.10474 -0.381609 -1.22923 -1.18464e-07 
1.23175 1.53473 -1.14441 -0.39032 -1.23175 -2.20641e-08 
1.23887 1.5448 -1.11724 -0.427562 -1.23887 -2.70731e-08 
1.24211 1.54675 -1.10219 -0.444553 -1.24211 -3.14894e-08 
1.24369 1.5919 -1.13857 -0.453336 -1.24369 1.05411e-08 
1.25826 1.57377 -1.03365 -0.540119 -1.25826 -5.56782e-08 
1.2626 1.62046 -1.05004 -0.570416 -1.2626 2.2212e-08 
1.27765 1.61416 -0.933858 -0.6803 -1.27765 -1.3722e-07 
1.28019 1.6365 -0.934451 -0.70205 -1.28019 1.75335e-09 
1.29083 1.64529 -0.847562 -0.79773 -1.29083 -4.13094e-08 
1.29952 1.59736 -0.711334 -0.88603 -1.29952 4.68159e-10 
1.30083 1.6281 -0.72839 -0.899707 -1.30083 -3.63671e-08 
1.30568 1.55584 -0.560969 -0.994875 -1.30568 -6.85558e-08 
1.32473 1.44474 -0.32008 -1.12466 -1.32473 2.92522e-09 
1.21339 1.49322 -0.322365 -1.17085 -1.21339 -1.01415e-08 
1.14856 1.57964 -0.352104 -1.22754 -1.14856 -4.79131e-08 
1.1238 1.65 -0.368098 -1.2819 -1.1238 -4.14846e-07 
1.12386 1.68448 -0.381703 -1.30278 -1.12386 -2.84191e-08 
1.13143 1.60375 -0.136104 -1.46765 -1.13143 -9.20639e-07 
1.13171 1.60467 -0.129115 -1.47555 -1.13171 -8.17444e-07 
1.13205 1.62123 -0.126407 -1.49482 -1.13205 9.4573e-09 
1.13121 1.64086 -0.169392 -1.47146 -1.13121 -5.43589e-09 
1.13488 1.55134 0.0232406 -1.57458 -1.13488 3.80276e-09 
1.13668 1.50508 0.12187 -1.62695 -1.13668 2.62692e-09 
1.1418 1.33262 0.478418 -1.81104 -1.1418 1.25335e-09 
1.14478 1.32926 0.442232 -1.77149 -1.14478 -2.5462e-08 
1.1535 1.24479 0.595412 -1.8402 -1.1535 -4.42704e-08 
1.16853 1.1582 0.711668 -1.86987 -1.16853 5.01274e-08 
1.1751 0.997638 1.04325 -2.04089 -1.1751 -1.70496e-07 
1.20975 0.901208 1.23941 -2.14062 -1.20975 -1.32244e-08 
1.28238 0.832919 1.37758 -2.2105 -1.28238 -1.0351e-07 
1.45524 0.630527 1.78234 -2.41286 -1.45524 -1.51296e-07 
1.87577 0.499237 2.03923 -2.53847 -1.87577 -1.01431e-07 
2.26854 0.533319 1.97314 -2.50646 -2.26854 -1.09889e-08 
2.32706 0.550106 1.94041 -2.49052 -2.32706 2.10779e-09 
2.37018 0.545389 1.94961 -2.495 -2.37018 2.5584e-09 
2.50323 0.715128 1.61415 -2.32928 -2.50323 -5.86716e-08 
2.62681 0.998629 1.0412 -2.03983 -2.62681 -6.21406e-08 
2.66458 1.1607 0.709042 -1.86974 -2.66458 -4.74637e-10 
2.68137 1.30175 0.416839 -1.71859 -2.68137 1.34028e-10 
2.68946 1.38448 0.245048 -1.62953 -2.68946 3.55271e-15 
