-0.0286772 0.678547 -1.44308 0.764535 0.0286772 -1.3582e-06 
-0.0118393 0.601186 -1.27179 0.670605 0.0118393 -1.18031e-06 
0.24073 -0.559236 1.29758 -0.738345 -0.24073 1.48805e-06 
-1.13417 -0.602295 0.702746 -0.100451 1.13417 -7.6367e-07 
3.13946 1.3012 -1.17458 -0.126616 -3.13946 2.82023e-06 
-0.680482 -0.260516 0.326828 -0.0663116 0.680482 -7.0506e-07 
-3.14453 -1.04595 0.935692 0.11026 3.14453 -3.53016e-06 
2.84321 1.80481 -3.01332 1.20852 -2.84321 8.02022e-07 
1.57126 0.855948 -0.180016 -0.675931 -1.57126 1.07086e-05 
-1.16656 -1.65843 2.35441 -0.695984 1.16656 7.10536e-06 
-0.615869 -0.024009 -0.559134 0.583143 0.615869 9.27041e-08 
0.987605 -0.374555 3.45194 -3.07737 -0.987605 -2.61134e-05 
-1.43298 -1.83455 2.78981 -0.955218 1.43298 0.000104174 
-0.58103 0.616841 -2.86458 2.24774 0.58103 6.81531e-07 
0.103546 -0.383498 0.863525 -0.480026 -0.103546 7.08336e-07 
0.0776644 0.152637 0.267195 -0.419821 -0.0776644 -8.57249e-06 
-0.389741 1.44913 -3.32348 1.87436 0.389741 9.89358e-07 
0.0723959 -0.611708 1.03304 -0.421337 -0.0723959 -1.42279e-06 
-0.0441703 0.0641314 -0.2877 0.223569 0.0441703 9.05236e-07 
0.0893067 -0.0866287 0.535827 -0.449198 -0.0893067 -3.62354e-07 
0.1327 -0.99256 1.77317 -0.780614 -0.1327 -4.34929e-06 
-0.115587 0.425639 -1.05058 0.624945 0.115587 6.65937e-07 
-0.020957 0.412379 -0.532898 0.120519 0.020957 4.27878e-07 
0.301445 -0.899376 2.64476 -1.74539 -0.301445 -1.60634e-06 
-0.223567 1.87541 -3.2622 1.38678 0.223567 3.02576e-06 
0.0963754 -0.0626198 0.772555 -0.709932 -0.0963754 -5.42476e-06 
-0.157605 0.774154 -1.95691 1.18275 0.157605 2.8136e-06 
0.221901 -1.31133 3.10549 -1.79415 -0.221901 -5.73441e-06 
-0.0174258 -1.25517 1.22754 0.0276307 0.0174258 -5.54799e-07 
-0.140152 1.91211 -3.22292 1.31081 0.140152 1.49793e-06 
0.0863899 -1.41788 2.48986 -1.07198 -0.0863899 -1.41978e-06 
0.263809 -0.439581 0.769951 -0.330371 -0.263809 4.3265e-07 
-1.20101 1.61012 -2.60322 0.993105 1.20101 5.89885e-07 
3.15035 -2.0165 2.54208 -0.525579 -3.15035 -1.06016e-05 
-0.282168 -2.08604 3.48547 -1.39939 0.282168 -1.55861e-05 
-0.115443 0.900705 -3.03505 2.13435 0.115443 5.18135e-05 
0.0686269 -0.866326 2.347 -1.48067 -0.0686269 -1.12614e-05 
-0.094151 0.936402 -3.02581 2.08941 0.094151 8.41002e-06 
0.0837186 0.166146 2.18592 -2.35207 -0.0837186 3.02789e-05 
-0.0494208 1.41367 -2.72561 1.31194 0.0494208 5.98734e-06 
0.0535487 -1.31088 2.79468 -1.4838 -0.0535487 -4.55994e-07 
-0.043127 1.06919 -2.29126 1.22207 0.043127 -3.88592e-09 
0.0467104 -1.33901 2.81473 -1.47572 -0.0467104 -7.61013e-08 
-0.16513 2.40967 -5.6843 3.27463 0.16513 7.37225e-07 
0.465908 -1.39497 3.89257 -2.4976 -0.465908 -3.2044e-06 
0.554314 1.03759 -2.76905 1.73146 -0.554314 -2.11944e-06 
-0.873384 -0.851646 2.34225 -1.4906 0.873384 -2.60647e-05 
0.224575 0.455489 -0.95739 0.501885 -0.224575 3.16758e-05 
1.52338 1.40194 -2.84609 1.44413 -1.52338 -1.61119e-05 
0.921848 -1.73054 3.48043 -1.74991 -0.921848 4.33973e-05 
1.46176 1.46239 -2.99916 1.53648 -1.46176 0.000451881 
0.981792 1.54824 -2.99405 1.44531 -0.981792 0.00022636 
-2.374 0.422245 -0.832371 0.410124 2.374 -1.13508e-06 
0.367517 -0.0770668 0.150301 -0.0732329 -0.367517 -1.25308e-07 
1.88896 4.66864 -9.11883 4.45017 -1.88896 -6.11747e-06 
0.024082 1.32171 -2.73601 1.41424 -0.024082 -9.74705e-05 
-0.753898 -1.48954 2.99026 -1.50083 0.753898 -3.17027e-05 
-0.124625 0.339916 -0.73909 0.399178 0.124625 1.67642e-07 
-0.0876116 -0.785221 1.62803 -0.842805 0.0876116 -3.34599e-09 
-0.12066 -1.2422 2.57947 -1.33728 0.12066 2.34211e-09 
