-0 0 -0 0 0 -0 
-0.00935281 0.24503 -0.520611 0.275581 0.00935281 -4.88758e-07 
0.0186277 0.318533 -0.661433 0.342899 -0.0186277 -5.83093e-07 
-0.0419388 -0.100198 0.190071 -0.0898738 0.0419388 1.22148e-07 
0.0605224 0.0430343 -0.0604396 0.0174054 -0.0605224 1.97276e-08 
0.965678 0.38354 -0.310649 -0.0728906 -0.965678 8.92834e-07 
0.12255 0.0783673 -0.018403 -0.0599643 -0.12255 1.59387e-08 
-0.291582 0.0964983 -0.308725 0.212226 0.291582 -8.94992e-07 
0.944762 0.480059 -0.362939 -0.11712 -0.944762 1.33245e-06 
0.358205 0.101893 0.12195 -0.223843 -0.358205 7.78694e-07 
0.0686417 0.00871912 0.0519922 -0.0607113 -0.0686417 -3.13793e-08 
0.583895 0.770858 -0.694434 -0.076425 -0.583895 -2.09674e-06 
0.501187 1.09882 -0.369751 -0.729071 -0.501187 -4.38636e-06 
0.0645477 0.181148 0.0205369 -0.201685 -0.0645477 3.48257e-07 
0.0537703 -0.0747046 0.303046 -0.228342 -0.0537703 -5.38109e-07 
-0.0200027 0.328763 -0.456713 0.127951 0.0200027 4.26271e-07 
0.0611414 -0.120853 0.417466 -0.296613 -0.0611414 5.01012e-08 
-0.000990834 0.0994579 -0.114603 0.015145 0.000990834 -6.8369e-08 
0.00602653 -0.0111053 0.0418504 -0.0307452 -0.00602653 -1.18124e-07 
0.030251 -0.0696096 0.225447 -0.155837 -0.030251 -4.7744e-07 
-0.0121341 0.252519 -0.326957 0.0744383 0.0121341 4.14512e-07 
0.0278183 -0.0675496 0.21642 -0.14887 -0.0278183 -1.17954e-07 
-0.00079658 0.0426637 -0.0480873 0.00542349 0.00079658 4.13518e-08 
0.0367243 0.1205 0.0876293 -0.208129 -0.0367243 6.0464e-08 
0.0103897 0.022255 0.0437871 -0.0660419 -0.0103897 -2.86449e-08 
0.0465212 0.0292685 0.283888 -0.313157 -0.0465212 -7.65845e-08 
0.0323664 -0.169686 0.416157 -0.246471 -0.0323664 3.44597e-07 
0.00592447 0.142622 -0.0788473 -0.0637743 -0.00592447 -4.34478e-08 
0.0287851 0.00477011 0.278148 -0.282918 -0.0287851 5.86468e-07 
0.00456546 0.0338485 0.027677 -0.0615255 -0.00456546 4.63382e-08 
0.0222813 -0.126845 0.324979 -0.198133 -0.0222813 -5.50579e-07 
0.0105061 -0.189679 0.453481 -0.263803 -0.0105061 5.84749e-07 
-0.0205365 -0.244673 0.57404 -0.329366 0.0205365 -8.18258e-08 
-0.278326 0.268655 -0.263561 -0.00509458 0.278326 -8.24837e-07 
-0.232042 0.200199 0.105498 -0.305696 0.232042 2.14774e-06 
-0.00679063 0.186377 -0.163294 -0.0230833 0.00679063 -2.22322e-06 
0.0131725 -0.114506 0.405088 -0.290582 -0.0131725 -8.96469e-07 
0.018064 -0.214518 0.602107 -0.387589 -0.018064 -2.75844e-06 
-0.00388929 0.180392 -0.206717 0.0263242 0.00388929 5.21966e-06 
-0.0055676 0.112778 -0.273684 0.160906 0.0055676 -5.94786e-07 
0.00790564 -0.187732 0.408428 -0.220696 -0.00790564 9.10281e-08 
0.00537611 -0.135143 0.289001 -0.153857 -0.00537611 -1.47716e-09 
0.0119152 -0.313131 0.66549 -0.352358 -0.0119152 -1.11644e-08 
0.00146479 -0.381723 0.721666 -0.339943 -0.00146479 6.16853e-08 
0.0735201 0.072498 -0.168692 0.0961944 -0.0735201 -5.95023e-07 
-0.0519591 -0.407342 0.609832 -0.20249 0.0519591 7.99039e-07 
-0.0960448 -0.428429 0.924774 -0.496344 0.0960448 -4.15704e-08 
0.12181 -0.468457 0.954411 -0.485954 -0.12181 -3.65731e-06 
0.141773 -0.0543333 0.11023 -0.0558975 -0.141773 -6.14461e-07 
0.173724 -0.304502 0.614444 -0.309941 -0.173724 -3.4072e-07 
0.864216 -0.630975 1.2478 -0.616821 -0.864216 -3.94908e-06 
1.38755 -0.0734422 0.141891 -0.0684433 -1.38755 -3.86617e-06 
0.526866 0.118208 -0.2301 0.11189 -0.526866 3.55358e-07 
0.095414 0.0167098 -0.0326026 0.0158929 -0.095414 -1.77069e-08 
0.221538 0.211541 -0.412977 0.201435 -0.221538 1.23249e-10 
0.426715 0.683253 -1.36475 0.681502 -0.426715 -1.3224e-06 
0.174102 0.603055 -1.23068 0.627624 -0.174102 3.6046e-06 
0.0461477 0.218436 -0.448137 0.229701 -0.0461477 -9.66302e-10 
0.0421456 0.425262 -0.882889 0.457627 -0.0421456 -4.45103e-10 
4.50077e-17 4.63356e-16 -9.62178e-16 4.98822e-16 -4.50077e-17 -8.73639e-25 
