-0 0 -0 0 0 -0 
-6.62051e-10 -7.49832e-09 2.16092e-08 -1.41109e-08 6.62051e-10 -6.78452e-14 
-6.55259e-10 -7.5017e-09 2.14296e-08 -1.39279e-08 6.55259e-10 -6.72156e-14 
-6.40374e-10 -7.39175e-09 2.09744e-08 -1.35826e-08 6.40374e-10 -6.57387e-14 
-6.18741e-10 -7.18729e-09 2.02895e-08 -1.31022e-08 6.18741e-10 -6.35553e-14 
-5.91545e-10 -6.90494e-09 1.94153e-08 -1.25103e-08 5.91545e-10 -6.07896e-14 
-5.59825e-10 -6.55924e-09 1.8387e-08 -1.18278e-08 5.59825e-10 -5.75503e-14 
-5.24482e-10 -6.1628e-09 1.72355e-08 -1.10727e-08 5.24482e-10 -5.39316e-14 
-4.86288e-10 -5.72643e-09 1.59868e-08 -1.02604e-08 4.86288e-10 -5.00144e-14 
-4.45896e-10 -5.25928e-09 1.46634e-08 -9.40409e-09 4.45896e-10 -4.58672e-14 
-4.03851e-10 -4.76899e-09 1.32837e-08 -8.51467e-09 4.03851e-10 -4.15469e-14 
-3.606e-10 -4.26181e-09 1.18629e-08 -7.60108e-09 3.606e-10 -3.71003e-14 
-3.16501e-10 -3.74274e-09 1.04132e-08 -6.67049e-09 3.16501e-10 -3.25649e-14 
-2.71831e-10 -3.2157e-09 8.94419e-09 -5.72849e-09 2.71831e-10 -2.79698e-14 
-2.26802e-10 -2.68361e-09 7.46288e-09 -4.77927e-09 2.26802e-10 -2.33371e-14 
-1.81563e-10 -2.14859e-09 5.97444e-09 -3.82585e-09 1.81563e-10 -1.86824e-14 
-1.36215e-10 -1.61205e-09 4.4823e-09 -2.87025e-09 1.36215e-10 -1.40163e-14 
-9.08209e-11 -1.07485e-09 2.98856e-09 -1.91371e-09 9.08209e-11 -9.34532e-15 
-4.54117e-11 -5.37441e-10 1.49432e-09 -9.56882e-10 4.54117e-11 -4.67279e-15 
1.56429e-25 1.85131e-24 -5.14746e-24 3.29615e-24 -1.56429e-25 1.60963e-29 
