0 0 0 0 0 0 
1.1383 1.67193 -0.327791 -1.34414 -1.1383 -3.48038e-07 
1.13769 1.665 -0.307908 -1.35709 -1.13769 -4.10429e-07 
1.13709 1.65811 -0.288323 -1.36979 -1.13709 -4.71837e-07 
1.13651 1.65138 -0.269267 -1.38211 -1.13651 -5.31546e-07 
1.13595 1.64487 -0.250933 -1.39394 -1.13595 -5.88962e-07 
1.13542 1.63866 -0.233479 -1.40518 -1.13542 -6.436e-07 
1.13492 1.63278 -0.217034 -1.41575 -1.13492 -6.95066e-07 
1.13445 1.62729 -0.201697 -1.4256 -1.13445 -7.4305e-07 
1.13402 1.62222 -0.18755 -1.43467 -1.13402 -7.87307e-07 
1.13363 1.61759 -0.174651 -1.44294 -1.13363 -8.27653e-07 
1.13328 1.61343 -0.163045 -1.45038 -1.13328 -8.63951e-07 
1.13297 1.60973 -0.152764 -1.45697 -1.13297 -8.96102e-07 
1.13269 1.60652 -0.143831 -1.46269 -1.13269 -9.24038e-07 
1.13246 1.6038 -0.13626 -1.46754 -1.13246 -9.47715e-07 
1.13228 1.60157 -0.130059 -1.47151 -1.13228 -9.67105e-07 
1.13213 1.59983 -0.125234 -1.4746 -1.13213 -9.82193e-07 
1.13202 1.59859 -0.121786 -1.47681 -1.13202 -9.92973e-07 
1.13196 1.59785 -0.119718 -1.47813 -1.13196 -9.99441e-07 
1.13194 1.5976 -0.119028 -1.47857 -1.13194 -1.0016e-06 
