-0.0609918 1.39342 -2.96456 1.57114 0.0609918 -2.79184e-06 
2.44467e-18 -7.24946e-17 -2.73752e-17 9.987e-17 -2.44467e-18 1.67628e-22 
1.20022e-17 6.13471e-17 -3.52723e-16 2.91376e-16 -1.20022e-17 1.16823e-21 
2.0014e-17 1.73542e-16 -6.25451e-16 4.51909e-16 -2.0014e-17 2.00701e-21 
2.66563e-17 2.66561e-16 -8.51564e-16 5.85004e-16 -2.66563e-17 2.70242e-21 
3.20951e-17 3.42724e-16 -1.0367e-15 6.9398e-16 -3.20951e-17 3.27182e-21 
3.64852e-17 4.04202e-16 -1.18615e-15 7.81945e-16 -3.64852e-17 3.73143e-21 
3.9971e-17 4.53016e-16 -1.30481e-15 8.51791e-16 -3.9971e-17 4.09637e-21 
4.26861e-17 4.91038e-16 -1.39723e-15 9.06194e-16 -4.26861e-17 4.38062e-21 
4.47535e-17 5.1999e-16 -1.46761e-15 9.4762e-16 -4.47535e-17 4.59707e-21 
4.62855e-17 5.41443e-16 -1.51976e-15 9.78316e-16 -4.62855e-17 4.75745e-21 
4.73836e-17 5.56821e-16 -1.55714e-15 1.00032e-15 -4.73836e-17 4.87242e-21 
4.81386e-17 5.67394e-16 -1.58284e-15 1.01545e-15 -4.81386e-17 4.95147e-21 
4.86309e-17 5.74288e-16 -1.5996e-15 1.02531e-15 -4.86309e-17 5.003e-21 
4.89298e-17 5.78474e-16 -1.60977e-15 1.0313e-15 -4.89298e-17 5.03429e-21 
4.90942e-17 5.80775e-16 -1.61537e-15 1.03459e-15 -4.90942e-17 5.0515e-21 
4.91721e-17 5.81867e-16 -1.61802e-15 1.03616e-15 -4.91721e-17 5.05966e-21 
4.92011e-17 5.82273e-16 -1.61901e-15 1.03674e-15 -4.92011e-17 5.0627e-21 
4.92078e-17 5.82366e-16 -1.61924e-15 1.03687e-15 -4.92078e-17 5.0634e-21 
4.92082e-17 5.82372e-16 -1.61925e-15 1.03688e-15 -4.92082e-17 5.06344e-21 
