-0 -0 0 -0 0 -0 
0.055312 -0.123708 0.295273 -0.171565 -0.055312 2.08828e-07 
1.03215 0.220717 0.191462 -0.412179 -1.03215 1.05822e-07 
-0.435457 -0.0393472 -0.0250245 0.0643717 0.435457 -1.06314e-06 
0.0150939 -0.27001 0.830791 -0.560781 -0.0150939 -3.89941e-07 
-0.0119546 -0.0277424 0.106545 -0.078803 0.0119546 4.35005e-07 
0.0675472 1.24409 -2.46162 1.21753 -0.0675472 -1.26259e-07 
0.0483468 -0.0697211 0.225365 -0.155644 -0.0483468 -3.14119e-08 
0.244681 0.477125 -0.530856 0.0537306 -0.244681 6.59651e-07 
0.194854 0.324108 0.0517191 -0.375827 -0.194854 -1.29957e-07 
0.0178542 -0.269956 1.00784 -0.737884 -0.0178542 -4.79986e-07 
-0.000685168 0.305069 -0.289342 -0.0157286 0.000685168 -1.19103e-07 
-0.0205009 -0.212194 0.642737 -0.430542 0.0205009 5.58202e-07 
0.0299047 0.118747 -0.238005 0.119258 -0.0299047 6.83006e-07 
0.0255251 -0.86162 1.61885 -0.757225 -0.0255251 4.93734e-07 
0.525425 -0.932212 1.83805 -0.905832 -0.525425 5.86285e-06 
0.697936 0.158876 -0.294326 0.135449 -0.697936 -6.48111e-07 
0.296015 0.766982 -1.52624 0.759263 -0.296015 2.71214e-08 
0.0160274 0.0704946 -0.142968 0.0724735 -0.0160274 -3.40667e-07 
1.30573e-16 9.44693e-16 -1.94041e-15 9.95716e-16 -1.30573e-16 1.34604e-21 
