-0.00906041 1.28764 -0.991721 -0.295926 0.00906041 4.14591e-05 
-0.0915709 2.32938 -4.81641 2.48703 0.0915709 4.46082e-06 
0.00515969 -0.132063 0.271783 -0.139719 -0.00515969 -2.82822e-07 
0.0117401 -0.281329 0.609063 -0.327734 -0.0117401 9.99267e-08 
0.0599335 -1.55513 3.30479 -1.74966 -0.0599335 -2.17742e-07 
-0.0565451 0.893934 -2.05241 1.15847 0.0565451 1.77997e-07 
0.0524667 1.79349 -3.97459 2.1811 -0.0524667 -8.34716e-07 
-0.362705 -1.70558 3.19151 -1.48593 0.362705 3.55787e-06 
0.621876 1.53096 -2.58326 1.0523 -0.621876 -4.18333e-06 
-0.372825 -0.760069 1.99049 -1.23042 0.372825 -1.14996e-05 
-1.24803 -1.09929 6.89928 -5.79997 1.24803 2.63943e-06 
0.437123 -0.863627 1.37434 -0.510718 -0.437123 -2.0579e-05 
1.53361 -1.58099 2.98682 -1.40568 -1.53361 0.000124437 
-0.882252 0.901714 -1.37793 -0.330629 0.875855 -0.80689 
-0.752083 1.2894 -3.25633 3.6501 0.765428 1.68316 
0.0792511 1.09737 -3.27936 4.65161 -0.0596715 2.46962 
-0.0448513 -1.0013 2.98884 -4.2361 0.0270242 -2.24857 
-0.0485029 0.35057 -1.00611 1.36126 0.0540979 0.705713 
-0.0503418 0.518993 -1.50486 2.06195 0.0588732 1.07608 
0.00698513 -0.0606775 0.175377 -0.239388 -0.00797368 -0.124688 
0.00702199 -0.0453689 0.130196 -0.176192 -0.00774634 -0.0913647 
0.00709507 -0.00388091 0.00773096 -0.00485959 -0.00710308 -0.00100946 
0.00720471 0.0858559 -0.257192 0.365842 -0.00566263 0.194506 
0.00735135 0.256828 -0.761987 1.07228 -0.00285512 0.567119 
0.00753561 0.552941 -1.63631 2.29594 0.00207792 1.21258 
0.00775826 1.02472 -3.02995 4.24784 0.0100443 2.24261 
0.00470816 0.61805 -1.94181 2.97783 0.0128654 1.65408 
0.00486388 0.0141479 -0.328528 1.09983 0.0124187 0.785447 
0.00503239 -0.902455 2.14179 -1.82945 0.0105133 -0.590119 
0.00224766 -2.04378 5.31039 -5.81286 0.00566328 -2.54625 
0.00230689 -1.93995 5.11011 -5.7758 0.0132389 -2.60564 
-0.00391996 -0.609154 1.78298 -2.47291 0.0253405 -1.29909 
-0.00411501 0.423826 -0.916951 0.518371 0.0320775 0.0252464 
-0.00429607 1.06188 -2.59179 2.39335 0.0336382 0.863453 
0.0341743 0.708238 -2.06915 2.77499 0.113653 1.41408 
0.0357918 1.9547 -4.0417 1.76516 -0.0687089 -0.321837 
0.00522467 0.657294 1.73485 -10.4448 -0.640753 -8.05262 
0.00535093 -0.42322 2.88524 -7.55062 -0.416225 -5.08861 
-0.0330377 -0.634313 -0.710745 6.69413 0.356844 5.34907 
-0.0345226 -0.341286 -1.05263 6.001 0.333729 4.60709 
0.0861564 -0.524073 -1.49496 8.75938 0.351596 6.74035 
0.049235 0.463376 1.37644 -7.95042 -0.446089 -6.11061 
0.299858 -0.114367 -0.277863 1.72909 -0.213035 1.33686 
2.98555 0.168758 -1.20694 3.52678 -2.82393 2.4886 
-2.46586 -0.655755 1.19274 -0.537294 2.46584 -0.000324387 
0.493316 1.39015 -2.7301 1.34007 -0.493317 4.64733e-06 
-1.35222 -1.55905 2.92967 -1.37055 1.35222 0.00040178 
-0.20686 -0.784734 1.5858 -0.801057 0.20686 8.45248e-06 
-0.0719481 -0.33131 0.672831 -0.341519 0.0719481 -4.21327e-06 
-0.181649 -1.31422 2.69943 -1.38521 0.181649 2.15684e-06 
