-0 0 -0 -0 0 0 
-0.00314072 0.054954 -0.153041 0.0980869 0.00314072 -8.14648e-07 
-1.80035e-05 0.00103393 -0.00122761 0.000193676 1.80035e-05 2.32241e-08 
0.00122485 -0.0288722 0.0633102 -0.0344381 -0.00122485 2.90078e-08 
0.0156613 -0.383126 0.822709 -0.439584 -0.0156613 1.03047e-08 
0.0140173 -0.464016 0.961173 -0.497157 -0.0140173 -4.38857e-09 
-0.0103204 0.0226851 -0.188399 0.165714 0.0103204 6.25145e-08 
0.0746791 -0.13406 0.306112 -0.172052 -0.0746791 -5.2625e-07 
0.091405 -0.128751 0.0391 0.0896509 -0.091405 -2.9544e-08 
-0.066679 -0.265957 0.58673 -0.320773 0.066679 -3.05981e-07 
0.193087 -0.20665 0.0427942 0.163856 -0.193087 3.02934e-06 
0.0601721 -0.234176 0.478329 -0.244152 -0.0601721 -2.46305e-06 
0.327182 -0.702615 1.39146 -0.688852 -0.327182 2.69832e-06 
0.311592 -0.29367 0.562391 -0.269702 -0.3116 -0.000977449 
0.069171 -0.0980673 0.240199 -0.255069 -0.0700664 -0.112936 
0.0696904 0.126716 -0.419788 0.661896 -0.0667663 0.368823 
0.0451256 -0.10349 0.278658 -0.346511 -0.046484 -0.171343 
0.0275998 -0.292449 0.848063 -1.16211 -0.0324081 -0.606492 
0.00904271 -0.0851963 0.246636 -0.337296 -0.0104369 -0.175856 
0.0013628 -0.0120725 0.0349072 -0.0476706 -0.0015597 -0.0248359 
0.00398313 -0.0324995 0.0938084 -0.127843 -0.00451063 -0.0665341 
0.00662403 -0.0428151 0.122864 -0.166265 -0.00730757 -0.0862155 
0.00929912 -0.0294303 0.0819558 -0.106794 -0.00972937 -0.0542682 
0.0120222 0.0315475 -0.0994657 0.149308 -0.0113769 0.0813903 
0.0148071 0.178402 -0.534445 0.760268 -0.0116023 0.404225 
0.0176682 0.467886 -1.39057 1.96067 -0.0094388 1.03798 
0.0196432 0.777005 -2.32421 3.31354 -0.00486216 1.76634 
0.0214342 0.904214 -2.77347 4.10654 -8.93064e-05 2.23729 
0.0232859 0.748598 -2.46326 4.00577 0.00425263 2.29111 
0.0243196 0.187331 -1.03646 2.52403 0.00726849 1.6749 
0.0251721 -0.650061 1.15866 0.0715572 0.00985905 0.580153 
0.0256053 -1.16908 2.54425 -1.54296 0.0176959 -0.167793 
0.0241011 -1.19025 2.67124 -1.87056 0.0286209 -0.389568 
0.0225266 -0.901052 1.98565 -1.29411 0.0410639 -0.209517 
0.0259596 -0.55879 1.09373 -0.324779 0.0642805 0.210165 
0.0390346 -0.0275453 -0.182288 0.785211 0.0837087 0.575379 
0.0487352 0.594725 -0.927757 -0.583113 -0.0466533 -0.916144 
0.0507155 0.54044 0.439117 -5.11208 -0.295358 -4.13252 
0.0403216 0.276378 0.69629 -4.30345 -0.25338 -3.33078 
0.027659 0.0935789 0.306022 -1.7107 -0.112808 -1.3111 
0.0590337 -0.00914377 0.0277297 -0.0490389 -0.0610115 -0.0304531 
0.0844621 -0.0922957 -0.208027 1.33527 -0.0172475 1.03494 
0.153702 0.0287661 0.174442 -0.8278 -0.194266 -0.62459 
0.69952 -0.00860051 0.00452374 0.0344957 -0.697545 0.030422 
0.679005 0.17121 -0.315034 0.143823 -0.679005 -7.65847e-07 
0.362413 0.453751 -0.858746 0.404992 -0.362413 1.47397e-06 
0.33612 0.82281 -1.63305 0.81024 -0.33612 -2.31273e-06 
0.0809989 0.360441 -0.731526 0.371086 -0.0809989 -2.57342e-06 
0.0597796 0.418338 -0.858694 0.440357 -0.0597796 -3.30441e-07 
-1.40381e-16 -1.01565e-15 2.08616e-15 -1.07051e-15 1.40381e-16 1.66683e-21 
