1.13194 1.5976 -0.119028 -1.47857 -1.13194 -1.0016e-06 
1.13223 1.61743 -0.117243 -1.50018 -1.13223 3.48461e-08 
1.13071 1.65274 -0.195274 -1.45746 -1.13071 -1.47695e-08 
1.13082 1.65031 -0.189837 -1.46047 -1.13082 -9.67331e-09 
1.13329 1.59073 -0.0612976 -1.52944 -1.13329 2.3562e-09 
1.14035 1.39978 0.343239 -1.74302 -1.14035 -1.82813e-09 
1.14049 1.30409 0.518226 -1.82232 -1.14049 1.61591e-08 
1.15624 1.32527 0.453343 -1.77861 -1.15624 -1.12905e-07 
1.15601 1.20786 0.638926 -1.84678 -1.15601 1.08322e-08 
1.16682 1.15078 0.72672 -1.8775 -1.16682 3.68492e-08 
1.16865 1.06859 0.863198 -1.93179 -1.16865 -2.53147e-07 
1.18981 0.994491 1.0046 -1.99909 -1.18981 -1.22655e-07 
1.2505 0.826162 1.33999 -2.16615 -1.2505 -1.0943e-07 
1.3941 0.622295 1.73732 -2.35914 -1.39409 0.000476214 
1.46769 0.555839 1.87191 -2.44449 -1.46782 -0.0167493 
1.48891 0.552718 1.86661 -2.41335 -1.48886 0.00598042 
1.51071 0.576773 1.78194 -2.27269 -1.51003 0.0860194 
1.52437 0.485614 2.04322 -2.62566 -1.52514 -0.0968272 
1.53125 0.41376 2.25158 -2.91119 -1.5332 -0.245847 
1.53219 0.40513 2.27655 -2.94531 -1.53428 -0.263633 
1.53319 0.396612 2.30116 -2.97889 -1.53542 -0.281117 
1.53518 0.382036 2.34313 -3.03591 -1.53764 -0.31075 
1.53815 0.367474 2.38454 -3.09132 -1.54084 -0.33931 
1.54214 0.365883 2.38713 -3.09158 -1.54483 -0.338566 
1.54716 0.401729 2.27867 -2.93559 -1.54918 -0.255195 
1.55324 0.517138 1.93477 -2.44927 -1.55322 0.00262969 
1.56025 0.755013 1.22641 -1.44678 -1.55592 0.534647 
1.56794 1.0767 0.253565 -0.0362037 -1.55684 1.29406 
1.57631 1.39671 -0.75531 1.51619 -1.55604 2.1576 
1.58525 1.58498 -1.44666 2.78399 -1.55383 2.9223 
1.59451 1.49611 -1.41864 3.26606 -1.55072 3.34353 
1.60408 1.14061 -0.687997 2.95323 -1.54572 3.40585 
1.61338 0.687015 0.319576 2.2795 -1.53713 3.28609 
1.62211 0.288189 1.21064 1.66538 -1.5241 3.1642 
1.63057 0.0253936 1.76737 1.36563 -1.5057 3.1584 
1.64272 -0.0992424 1.96212 1.46178 -1.47594 3.32466 
1.65963 0.0229603 1.68273 1.65114 -1.4618 3.35684 
1.67824 0.24649 1.58549 0.534125 -1.52918 2.3661 
1.69556 0.399793 1.83986 -1.38064 -1.64012 0.859013 
1.7083 0.465582 2.03102 -2.49647 -1.70829 0.000141096 
1.72448 0.488489 2.11479 -2.94843 -1.74689 -0.345156 
1.75201 0.457491 2.0463 -2.50511 -1.75209 -0.00132579 
1.79237 0.450162 2.05192 -2.48222 -1.79108 0.0198607 
1.9203 0.443742 2.07133 -2.51669 -1.92041 -0.00161436 
2.28085 0.486637 1.9925 -2.47913 -2.28085 1.9802e-07 
2.42436 0.577556 1.8227 -2.40026 -2.42436 -2.53458e-08 
2.57988 0.842582 1.30743 -2.15001 -2.57988 -1.56432e-07 
2.6457 1.05362 0.883717 -1.93734 -2.6457 -1.26987e-07 
2.66834 1.17605 0.633897 -1.80995 -2.66834 7.85708e-09 
2.68055 1.26353 0.454262 -1.71779 -2.68055 -1.13484e-07 
