-0.0287799 0.657508 -1.39888 0.741368 0.0287799 -1.31737e-06 
0.108253 0.0484339 -0.0478497 -0.000584214 -0.108253 8.88867e-08 
-0.941434 0.152082 -0.791025 0.638943 0.941434 -1.87938e-06 
-1.98219 -0.610949 0.420231 0.190718 1.98219 -2.15218e-06 
1.89302 0.0766803 0.617814 -0.694494 -1.89302 2.14124e-06 
-2.04366 0.164829 -1.0454 0.880574 2.04366 -2.41066e-06 
-1.37019 -0.31158 -0.184928 0.496508 1.37019 5.79674e-07 
1.24395 0.889674 -1.22801 0.338339 -1.24395 -1.84379e-06 
0.894138 0.0800687 0.311282 -0.39135 -0.894138 -1.95589e-06 
2.50056 -1.15438 3.08323 -1.92884 -2.50056 6.94824e-06 
0.929617 -1.52601 6.16475 -4.63874 -0.929617 2.91209e-05 
1.89186 0.776654 1.79783 -2.57449 -1.89186 3.16911e-05 
-0.668524 -2.12404 2.94473 -0.820624 0.668524 -0.000183606 
-0.237561 1.35148 -4.06057 2.70909 0.237561 -5.47842e-08 
0.421067 -3.25654 7.02681 -3.77027 -0.421067 1.41857e-05 
0.100927 0.328447 -0.697367 0.36892 -0.100927 1.25192e-06 
-0.0105015 -1.97341 1.84829 0.125133 0.0105015 3.48116e-05 
-0.0321023 -0.651846 1.19656 -0.544713 0.0321023 -3.26145e-06 
-0.044776 -0.557126 1.49056 -0.933429 0.044776 -4.84461e-06 
-0.071667 0.0800248 1.55039 -1.63042 0.071667 2.18037e-05 
0.0373339 -0.902618 2.06069 -1.15807 -0.0373339 2.31422e-06 
0.0142896 -0.76664 1.52155 -0.754906 -0.0142896 -6.31396e-08 
0.505097 -0.744519 2.49175 -1.74723 -0.505097 -3.73864e-06 
0.71112 1.21418 -2.42625 1.21207 -0.71112 -3.99242e-06 
0.934102 0.934223 -3.65738 2.72315 -0.934102 2.26579e-05 
0.562022 -1.31896 2.31964 -1.00069 -0.562022 -1.34806e-05 
-0.243516 1.50808 -3.24438 2.28574 0.247873 0.549611 
-0.21165 2.54949 -7.34873 9.98678 0.252778 5.18753 
-0.0278479 -0.529229 1.58263 -2.24773 0.018379 -1.19433 
-0.0310812 0.68541 -2.00677 2.78132 0.042656 1.45996 
-0.0322747 -0.515376 1.53842 -2.17977 0.0231039 -1.15673 
0.00354202 0.0724706 -0.215806 0.304948 -0.00226073 0.161612 
0.00357834 0.127868 -0.379375 0.53387 -0.00133971 0.282363 
0.00364021 0.210028 -0.625862 0.88756 0.000251025 0.471726 
0.00372782 0.239173 -0.734118 1.08872 0.00199308 0.593774 
0.0038415 0.144822 -0.510618 0.899129 0.00353949 0.533333 
0.0039817 -0.173715 0.32178 -0.0240033 0.00435384 0.124061 
0.00414892 -0.839844 2.10274 -2.10081 0.00377872 -0.837907 
0.00434257 -1.14683 2.95712 -3.18392 0.00965155 -1.37362 
0.00456222 -0.446679 1.16852 -1.31507 0.0293247 -0.593229 
0.00480876 1.00141 -2.55524 2.64388 0.0610944 1.09005 
0.00507682 1.14405 -2.44497 1.33443 -0.0387419 0.0335074 
0.0241966 0.588568 1.19557 -8.09669 -0.485516 -6.31256 
0.0265979 -0.541135 1.04108 -0.189063 -0.0574723 0.310879 
0.014523 -0.430348 -1.28861 7.42162 0.355837 5.70267 
0.234448 0.129561 0.429204 -2.39012 -0.353386 -1.83135 
-0.420057 0.820666 -1.52006 0.716948 0.4212 0.0175591 
-0.0166696 1.37577 -2.85944 1.48371 0.0166696 -1.58515e-05 
-0.331911 -1.49611 3.03855 -1.54247 0.331911 4.66385e-05 
-0.194657 -1.40834 2.89274 -1.48441 0.194657 2.3113e-06 
