-0.12147 0.95089 -2.08032 1.12943 0.12147 -1.90275e-06 
-0.120725 0.949631 -2.07719 1.12756 0.120725 -1.8999e-06 
-0.109549 0.930746 -2.03025 1.0995 0.109549 -1.85715e-06 
-0.0611206 0.848911 -1.82685 0.977937 0.0611206 -1.67191e-06 
0.0692636 0.628586 -1.27923 0.650648 -0.0692636 -1.17317e-06 
0.344188 0.164014 -0.124548 -0.0394665 -0.344188 -1.21552e-07 
0.844118 -0.680775 1.97516 -1.29439 -0.844118 1.79074e-06 
1.40881 -1.96406 5.03981 -3.07575 -1.40881 4.58542e-06 
-0.293516 -1.60853 3.19892 -1.59038 0.293516 2.93631e-06 
-3.19344 -0.638893 -0.703554 1.34245 3.19344 -5.7502e-07 
-5.89328 0.647628 -5.14494 4.49731 5.89328 -4.58429e-06 
-4.28061 0.839847 -4.6146 3.77475 4.28061 -3.19215e-06 
1.62947 0.153789 0.52168 -0.675469 -1.62947 2.33255e-06 
3.8635 -0.221415 2.747 -2.52558 -3.8635 4.30477e-06 
4.08393 -0.33685 3.1957 -2.85885 -4.08393 4.10419e-06 
3.88063 -0.318094 2.12566 -1.80757 -3.88063 1.20019e-05 
6.83078 -1.07827 5.14665 -4.06838 -6.83078 2.16583e-05 
-6.2072 -0.124545 -3.19452 3.31907 6.2072 -3.0859e-06 
-2.37669 1.372 -3.12368 1.75168 2.37669 -1.2012e-05 
-0.516672 1.40646 -2.06676 0.660303 0.516672 -1.26383e-05 
0.0214602 -0.0206252 0.365864 -0.345239 -0.0214602 -8.17088e-06 
0.0865975 0.355782 -0.703739 0.347957 -0.0865975 -5.28587e-06 
0.489188 -0.527522 0.855428 -0.327905 -0.489188 -1.15121e-05 
1.01695 -1.85504 3.15069 -1.29564 -1.01695 -1.68464e-05 
0.119197 -0.388234 0.652068 -0.263834 -0.119197 1.34182e-08 
-0.723357 1.32015 -2.38917 1.06902 0.723357 1.48994e-05 
-0.795377 1.4937 -2.67135 1.17765 0.795377 1.1374e-05 
-0.364468 0.666159 -1.15332 0.48716 0.364468 -4.27802e-06 
0.0617234 0.173544 -0.389867 0.216325 -0.0617234 -2.69207e-05 
1.00217 -2.12779 3.61396 -1.48618 -1.00217 1.2649e-05 
1.27924 -2.69701 4.49313 -1.79612 -1.27924 4.05792e-05 
-0.916755 1.53249 -2.29611 0.763622 0.916755 -1.22556e-05 
-0.835781 1.43784 -2.2074 0.769561 0.835781 -1.48903e-05 
-0.0925173 -0.185766 0.497627 -0.311861 0.0925173 1.62854e-06 
0.0799089 -0.520479 1.07033 -0.549855 -0.0799089 4.16521e-06 
0.0432523 -0.399259 0.883144 -0.483885 -0.0432523 2.07953e-06 
-0.042709 1.25635 -2.99128 1.73493 0.042709 -3.53422e-06 
1.19922 -1.832 2.01934 -0.187336 -1.19922 3.56648e-05 
-0.596801 0.789385 -0.520219 -0.269167 0.596801 -2.1998e-05 
-1.24988 2.80306 -4.37168 1.56862 1.24988 -3.27908e-05 
0.402328 -0.952985 1.22496 -0.271976 -0.402328 2.52438e-05 
0.58254 -0.19822 -1.06355 1.26177 -0.58254 3.55526e-05 
0.653395 -1.16365 0.941788 0.221859 -0.653395 4.12977e-05 
-0.409815 -1.41478 3.79985 -2.38508 0.409815 -3.91706e-05 
0.186058 -0.977628 1.02356 -0.0459213 -0.186058 -0.000146266 
-0.678263 2.96178 -4.41053 1.44874 0.678263 -6.77644e-05 
-0.36783 1.34762 -1.6835 0.33588 0.36783 8.60273e-05 
0.0272529 -0.527745 1.21457 -0.686822 -0.0272529 0.00012583 
0.114797 0.420928 -1.80817 1.38725 -0.114797 0.000243645 
-0.122555 1.45221 -3.45601 2.00379 0.122555 -0.00155064 
0.0460616 0.680972 -2.66301 1.98204 -0.0460616 0.00201688 
0.00876162 0.590088 -2.82284 2.23275 -0.00876162 0.00147572 
0.000941423 0.208655 -2.88156 2.673 -0.000941423 -0.00115133 
-0.00692444 -1.44514 2.92704 -1.48189 0.00692444 0.000280875 
-0.0997165 -1.18966 2.90221 -1.71267 0.0997165 -0.000797971 
-0.605584 -1.10447 2.79742 -1.69296 0.605584 -0.000760623 
-4.58245 -3.09964 3.83663 -0.736962 4.58245 1.42518e-05 
5.58257 3.05447 0.423954 -3.47844 -5.58257 1.20952e-05 
1.65183 0.895709 0.0145321 -0.910247 -1.65183 6.28962e-06 
-1.07837 -0.694462 0.985742 -0.291279 1.07837 -6.86077e-06 
-1.47653 -0.841621 0.919015 -0.0773926 1.47653 -8.75251e-06 
-1.37435 -0.73374 0.763752 -0.0300106 1.37435 -8.24545e-06 
1.31512 0.647759 -0.65461 0.00684868 -1.31512 8.0887e-06 
0.077825 -0.269877 0.269846 3.13046e-05 -0.077825 2.06843e-06 
-2.04167 -2.15031 1.626 0.524314 2.04167 -7.00844e-07 
-1.33555 -3.58491 0.756749 2.82816 1.33555 4.20794e-05 
1.80972 1.26101 -2.15168 0.890666 -1.80972 -5.62813e-06 
-0.0564338 3.9445 -0.143373 -3.80111 0.0564338 -0.00010019 
-0.168101 1.95214 -0.355511 -1.59663 0.168101 -8.46072e-05 
-0.10579 -0.347254 -1.9027 2.24995 0.10579 -1.37476e-05 
0.0962645 -5.70506 -4.78805 10.4931 -0.0962645 0.000156266 
0.0427212 0.0857786 1.29693 -1.3827 -0.0427212 8.45551e-05 
-0.0286448 4.40469 4.90077 -9.30544 0.0286448 -2.69264e-05 
-0.00996619 1.4792 0.879388 -2.3586 0.00996619 -8.60221e-05 
0.00925785 -1.29269 -1.57588 2.86854 -0.00925785 -0.000134553 
0.000740106 -0.892441 2.48413 -1.59168 -0.000740106 6.0836e-05 
-0.00311391 -2.50895 4.53177 -2.02278 0.00311391 0.000173266 
0.00114193 2.59736 -6.22181 3.62443 -0.00114193 -6.34783e-05 
-0.000183537 0.284053 4.41447 -4.69851 0.000183537 1.63235e-05 
-4.3837e-05 -0.329616 0.69194 -0.362326 4.3837e-05 -2.17252e-06 
8.98015e-06 0.477906 -0.648965 0.171055 -8.98015e-06 -2.58968e-06 
9.71791e-06 1.18586 -0.848811 -0.337052 -9.71791e-06 1.69396e-06 
-7.088e-06 -3.73498 1.85643 1.87855 7.088e-06 -1.20861e-05 
3.79801e-05 -5.71442 0.762503 4.95191 -3.79801e-05 -1.9731e-05 
-5.17197e-05 4.63423 -2.30697 -2.32724 5.17197e-05 7.00188e-05 
3.89347e-05 -3.27127 1.71436 1.55686 -3.89347e-05 -7.64377e-05 
-3.76533e-05 -2.447 1.06798 1.37911 3.76533e-05 9.37438e-05 
2.50554e-05 -0.37782 1.26861 -0.890791 -2.50554e-05 -7.10098e-05 
-8.63593e-06 2.59824 -0.243371 -2.35487 8.63593e-06 2.5635e-05 
-6.76212e-06 0.969793 -0.793707 -0.1761 6.76212e-06 2.13909e-05 
2.77191e-06 3.9257 -0.394504 -3.53118 -2.77191e-06 -8.94963e-06 
7.06029e-06 0.634498 3.20455 -3.83903 -7.06029e-06 -2.24842e-05 
-1.00524e-05 -3.21344 2.74778 0.465591 1.00524e-05 3.21234e-05 
2.17248e-05 -1.88257 2.85805 -0.975283 -2.17248e-05 -7.46487e-05 
1.76721e-05 -1.48891 2.97428 -1.48528 -1.76721e-05 -6.4004e-05 
3.73379e-05 -1.36841 2.88937 -1.52127 -3.73379e-05 -0.000142892 
-3.12591e-05 -1.32492 2.86441 -1.5393 3.12591e-05 0.000130157 
-4.7305e-05 -1.32725 2.91391 -1.58687 4.7305e-05 0.000217859 
-7.96545e-06 1.50244 -2.83397 1.33145 7.96545e-06 3.72788e-05 
-4.49055e-07 1.40584 -2.7319 1.32592 4.49055e-07 2.16823e-06 
-2.37024e-07 1.19879 -2.36911 1.17038 2.37024e-07 1.19774e-06 
5.60309e-07 1.46447 -2.94216 1.47767 -5.60309e-07 -3.06518e-06 
5.43499e-07 1.25338 -2.54527 1.29189 -5.43499e-07 -2.9732e-06 
-2.15177e-07 1.31198 -2.69596 1.38399 2.15177e-07 1.16157e-06 
-4.00622e-07 1.44748 -2.981 1.53352 4.00622e-07 2.1712e-06 
-4.12985e-07 1.45651 -3 1.54349 4.12985e-07 2.23851e-06 
