0 0 0 0 0 0 
-0.000623536 0.00488273 -0.0106821 0.00579937 0.000623536 -9.77033e-09 
-0.00247884 0.0195051 -0.0426641 0.023159 0.00247884 -3.90228e-08 
-0.00542817 0.0436342 -0.0953675 0.0517333 0.00542817 -8.72305e-08 
-0.00893587 0.0763651 -0.166543 0.0901775 0.00893587 -1.52344e-07 
-0.0116092 0.115344 -0.25034 0.134996 0.0116092 -2.29038e-07 
-0.0105557 0.155684 -0.334611 0.178927 0.0105557 -3.06245e-07 
-0.000913159 0.188032 -0.396543 0.208511 0.000913159 -3.63179e-07 
0.0200632 0.202194 -0.412907 0.210713 -0.0200632 -3.78623e-07 
0.0371282 0.20023 -0.397822 0.197592 -0.0371282 -3.65177e-07 
0.022224 0.19187 -0.389781 0.19791 -0.022224 -3.57488e-07 
-0.0506239 0.189504 -0.431598 0.242093 0.0506239 -3.93644e-07 
-0.163985 0.195372 -0.517741 0.322369 0.163985 -4.60119e-07 
-0.264198 0.203166 -0.601479 0.398312 0.264198 -5.06019e-07 
-0.326447 0.208908 -0.658518 0.44961 0.326447 -5.09559e-07 
-0.351119 0.211699 -0.687514 0.475815 0.351119 -4.6643e-07 
-0.33313 0.210519 -0.690617 0.480098 0.33313 -3.01986e-07 
-0.264159 0.199323 -0.653273 0.453951 0.264159 5.58231e-08 
-0.232864 0.186918 -0.634725 0.447807 0.232864 4.1703e-07 
-0.22766 0.18736 -0.647421 0.46006 0.22766 6.61932e-07 
-0.228982 0.200365 -0.679283 0.478917 0.228982 7.82011e-07 
-0.23049 0.214994 -0.71082 0.495825 0.23049 8.18601e-07 
-0.230704 0.23117 -0.74522 0.514049 0.230704 7.92499e-07 
-0.225546 0.240981 -0.769219 0.528238 0.225546 6.46069e-07 
-0.21198 0.235003 -0.766197 0.531194 0.21198 3.60772e-07 
-0.197204 0.225127 -0.756656 0.531529 0.197204 7.57026e-08 
-0.189355 0.227811 -0.769858 0.542048 0.189355 -6.83817e-08 
-0.189538 0.245564 -0.810007 0.564443 0.189538 -9.91305e-08 
-0.193764 0.272022 -0.865917 0.593894 0.193764 -1.8679e-07 
-0.196984 0.299252 -0.924355 0.625103 0.196984 -4.76501e-07 
-0.190109 0.306031 -0.948679 0.642648 0.190109 -6.41428e-07 
-0.17394 0.29169 -0.93681 0.64512 0.17394 -4.9053e-07 
-0.165535 0.289643 -0.94282 0.653177 0.165535 -4.24127e-07 
-0.165283 0.301082 -0.969155 0.668072 0.165283 -4.95394e-07 
-0.166463 0.311702 -0.992179 0.680478 0.166463 -5.61738e-07 
-0.166996 0.317351 -1.00484 0.687486 0.166996 -5.89095e-07 
-0.167074 0.318879 -1.00842 0.689537 0.167074 -5.94224e-07 
-0.166428 0.323784 -1.02183 0.698044 0.166428 -5.84714e-07 
-0.1547 0.312719 -1.01875 0.706032 0.1547 -2.51794e-07 
-0.143787 0.305184 -1.02109 0.715911 0.143787 1.60607e-08 
-0.145366 0.325111 -1.06553 0.740415 0.145366 -5.38422e-08 
-0.144307 0.338399 -1.10169 0.763289 0.144307 7.56478e-08 
-0.137463 0.343848 -1.13389 0.790044 0.137463 5.36274e-07 
-0.125511 0.338142 -1.15458 0.81644 0.125511 1.33348e-06 
-0.115769 0.317989 -1.1415 0.823515 0.115769 1.69211e-06 
-0.106476 0.292852 -1.1213 0.828445 0.106476 7.70081e-07 
-0.1029 0.292941 -1.13933 0.846391 0.1029 -8.46132e-07 
-0.103421 0.308462 -1.1772 0.868743 0.103421 -1.75675e-06 
-0.104041 0.323014 -1.21241 0.889396 0.104041 -1.23859e-06 
-0.103797 0.342227 -1.26549 0.923265 0.103797 -1.43773e-07 
-0.103836 0.371418 -1.3463 0.974882 0.103836 -3.06785e-06 
-0.103819 0.408076 -1.4535 1.04542 0.103819 -1.93634e-06 
-0.103819 0.450995 -1.59 1.13901 0.103819 2.18528e-07 
-0.103818 0.491774 -1.73971 1.24794 0.103818 -5.13618e-07 
-0.103827 0.518599 -1.862 1.3434 0.103827 -2.52994e-07 
-0.103966 0.533725 -1.95459 1.42086 0.103966 -1.7342e-07 
-0.100826 0.543003 -2.02181 1.47881 0.100826 -2.94403e-07 
-0.114948 0.537747 -2.05942 1.52168 0.114948 -1.15585e-07 
-0.0983 0.548339 -2.08588 1.53754 0.0983 3.71562e-08 
-0.0657898 0.567373 -2.1094 1.54203 0.0657898 2.37719e-07 
-0.0424082 0.580477 -2.12366 1.54319 0.0424082 3.77216e-07 
-0.0338124 0.585124 -2.12854 1.54341 0.0338124 4.28635e-07 
-0.0276236 0.58839 -2.13192 1.54353 0.0276236 4.65889e-07 
-0.00891634 0.597614 -2.14133 1.54372 0.00891634 5.81248e-07 
0.0089479 0.602798 -2.14705 1.54425 -0.0089479 7.13147e-07 
0.00802413 0.586165 -2.13782 1.55166 -0.00802413 8.74678e-07 
-0.00250881 0.534046 -2.12409 1.59004 0.00250881 1.51683e-06 
-0.00149793 0.480427 -2.12485 1.64442 0.00149793 2.24224e-06 
0.000469644 0.462739 -2.12879 1.66605 -0.000469644 2.04195e-06 
0.000720929 0.464885 -2.13725 1.67237 -0.000720929 1.05152e-06 
4.95641e-06 0.460853 -2.1664 1.70555 -4.95641e-06 4.53788e-09 
-0.000194144 0.414869 -2.23297 1.8181 0.000194144 1.63411e-07 
1.74792e-05 0.364734 -2.29367 1.92893 -1.74792e-05 1.17785e-06 
4.80792e-05 0.3502 -2.31419 1.96399 -4.80792e-05 2.00439e-06 
-1.05585e-05 0.349233 -2.32779 1.97856 1.05585e-05 1.86621e-06 
-9.52203e-06 0.338698 -2.35125 2.01255 9.52203e-06 5.82832e-07 
4.1819e-06 0.312377 -2.34721 2.03483 -4.1819e-06 -2.32072e-07 
-9.38218e-07 0.274046 -2.32893 2.05488 9.38218e-07 4.69625e-08 
-1.79238e-07 0.257491 -2.35537 2.09788 1.79238e-07 4.41861e-09 
2.74831e-07 0.244952 -2.35197 2.10702 -2.74831e-07 1.81175e-08 
1.34677e-07 0.230321 -2.33878 2.10846 -1.34677e-07 3.10679e-08 
4.4744e-08 0.220479 -2.33132 2.11084 -4.4744e-08 2.0963e-08 
9.08167e-10 0.213683 -2.32689 2.11321 -9.08167e-10 7.52714e-09 
-3.93143e-08 0.16902 -2.30629 2.13727 3.93143e-08 -1.40021e-07 
1.32485e-07 0.083589 -2.28171 2.19812 -1.32485e-07 -3.39542e-07 
4.14089e-08 0.0216723 -2.27237 2.25069 -4.14089e-08 -1.49905e-07 
6.87644e-08 -0.0551285 -2.25443 2.30956 -6.87644e-08 -2.1428e-07 
-2.22313e-08 -0.155092 -2.22397 2.37906 2.22313e-08 3.34626e-08 
1.30424e-08 -0.263174 -2.18106 2.44424 -1.30424e-08 -6.58031e-08 
1.35912e-08 -0.345599 -2.14031 2.48591 -1.35912e-08 -7.02096e-08 
5.2464e-09 -0.410603 -2.10701 2.51762 -5.2464e-09 -4.21477e-08 
-4.83683e-09 -0.443283 -2.07773 2.52101 4.83683e-09 -1.16876e-08 
3.50824e-08 -0.46708 -2.02666 2.49374 -3.50824e-08 -1.41983e-07 
1.0969e-08 -0.511469 -1.94654 2.45801 -1.0969e-08 -6.3715e-08 
2.00261e-09 -0.570228 -1.83655 2.40678 -2.00261e-09 -3.25125e-08 
-7.86252e-09 -0.643678 -1.69654 2.34021 7.86252e-09 5.94622e-09 
4.23147e-09 -0.731292 -1.52667 2.25796 -4.23147e-09 -4.16343e-08 
3.41988e-08 -0.832589 -1.32725 2.15984 -3.41988e-08 -1.78447e-07 
3.88848e-09 -0.934587 -1.12385 2.05844 -3.88848e-09 -4.16891e-08 
-4.30765e-09 -1.02133 -0.949157 1.97049 4.30765e-09 -1.71625e-09 
-4.26743e-09 -1.09357 -0.8026 1.89617 4.26743e-09 -1.28106e-09 
-5.43722e-09 -1.15208 -0.683248 1.83533 5.43722e-09 5.6208e-09 
-3.17622e-09 -1.19836 -0.588387 1.78675 3.17622e-09 -6.30616e-09 
4.63002e-09 -1.23381 -0.51547 1.74928 -4.63002e-09 -4.85503e-08 
1.07258e-08 -1.25605 -0.469662 1.72571 -1.07258e-08 -8.15852e-08 
1.28424e-08 -1.26353 -0.454262 1.71779 -1.28424e-08 -9.30577e-08 
