-0 0 -0 0 0 -0 
-0.0122952 0.096342 -0.210765 0.114423 0.0122952 -1.92776e-07 
-0.0241374 0.191918 -0.419628 0.227709 0.0241374 -3.83818e-07 
-0.0332613 0.282901 -0.617073 0.334172 0.0332613 -5.64463e-07 
-0.0337774 0.359339 -0.778366 0.419027 0.0337774 -7.12182e-07 
-0.0143596 0.402092 -0.855937 0.453845 0.0143596 -7.83652e-07 
0.0435666 0.379773 -0.771771 0.391998 -0.0435666 -7.07822e-07 
0.156068 0.237893 -0.400819 0.162927 -0.156068 -3.70506e-07 
0.227267 0.0488703 0.042905 -0.0917753 -0.227267 3.436e-08 
0.0605135 -0.0719171 0.190269 -0.118351 -0.0605135 1.72955e-07 
-0.400244 -0.071327 -0.106599 0.177926 0.400244 -8.89401e-08 
-1.00475 0.026523 -0.703484 0.676961 1.00475 -5.94319e-07 
-1.11965 0.0767937 -0.899521 0.822727 1.11965 -6.15837e-07 
-0.820548 0.0707172 -0.715656 0.644939 0.820548 -2.56964e-07 
-0.404427 0.0406718 -0.402617 0.361946 0.404427 1.83467e-07 
-0.109551 0.0175228 -0.214489 0.196966 0.109551 8.30891e-07 
0.519201 -0.0538365 0.207512 -0.153676 -0.519201 2.58162e-06 
0.548367 -0.149337 0.349364 -0.200027 -0.548367 3.91643e-06 
0.133665 -0.0704195 0.0180745 0.0523452 -0.133665 3.06244e-06 
0.000255043 0.0795302 -0.250603 0.171073 -0.000255043 1.76115e-06 
-0.0178686 0.150019 -0.33301 0.182991 0.0178686 6.87825e-07 
-0.0118473 0.152659 -0.32353 0.170872 0.0118473 1.04988e-07 
0.0143924 0.151794 -0.329254 0.177461 -0.0143924 -7.25052e-07 
0.0983603 0.0145229 -0.0971223 0.0825995 -0.0983603 -2.27979e-06 
0.153788 -0.106215 0.111719 -0.00550367 -0.153788 -3.06132e-06 
0.12359 -0.0598389 0.0252022 0.0346368 -0.12359 -2.31299e-06 
0.0313244 0.113259 -0.286058 0.172799 -0.0313244 -6.19227e-07 
-0.0276653 0.223121 -0.480628 0.257506 0.0276653 -2.51958e-07 
-0.0484539 0.289581 -0.606898 0.317317 0.0484539 -1.94127e-06 
0.00138249 0.207884 -0.477115 0.269231 -0.00138249 -3.10623e-06 
0.144051 -0.0945842 0.029944 0.0646403 -0.144051 4.98508e-07 
0.13712 -0.11465 0.0853696 0.0292803 -0.13712 1.54781e-06 
0.028841 0.0752592 -0.206614 0.131355 -0.028841 -3.13486e-07 
-0.0114537 0.123391 -0.267947 0.144557 0.0114537 -8.17642e-07 
-0.00902835 0.0807634 -0.177152 0.0963881 0.00902835 -4.51427e-07 
-0.00215349 0.0329136 -0.0760404 0.0431268 0.00215349 -1.25237e-07 
-0.000248588 0.00710318 -0.0168964 0.00979318 0.000248588 -2.02005e-08 
0.0324808 0.0409863 -0.168851 0.127865 -0.0324808 8.31087e-07 
0.193207 -0.250254 0.222916 0.0273382 -0.193207 5.47553e-06 
0.0088734 0.140409 -0.341063 0.200654 -0.0088734 -4.58569e-07 
-0.0126467 0.190419 -0.442539 0.25212 0.0126467 3.78909e-08 
0.0326436 0.0811949 -0.29084 0.209645 -0.0326436 2.43206e-06 
0.104043 0.0097645 -0.311131 0.301367 -0.104043 6.77696e-06 
0.108314 -0.124477 -0.0400277 0.164505 -0.108314 7.46588e-06 
0.0929753 -0.262888 0.247898 0.0149894 -0.0929753 -2.37344e-06 
0.0721325 -0.157098 0.0504705 0.106627 -0.0721325 -1.42838e-05 
0.00463815 0.127092 -0.353686 0.226594 -0.00463815 -1.48419e-05 
-0.00834506 0.147998 -0.345479 0.197481 0.00834506 -2.50058e-06 
-0.00283409 0.167807 -0.431378 0.263571 0.00283409 1.61649e-05 
0.00330914 0.230776 -0.647536 0.41676 -0.00330914 -2.86257e-05 
-0.00016152 0.323525 -0.915707 0.59218 0.00016152 6.49965e-05 
-7.36992e-05 0.397805 -1.20103 0.803226 7.36992e-05 -4.61937e-05 
8.73185e-06 0.44276 -1.49419 1.05143 -8.73185e-06 -1.18539e-05 
2.28693e-05 0.332984 -1.35443 1.02145 -2.28693e-05 1.02425e-05 
-0.0024892 0.20007 -1.0579 0.857832 0.0024892 -2.37692e-05 
-0.027826 0.0892737 -0.767212 0.677939 0.027826 5.79656e-06 
0.00728448 0.0512009 -0.536924 0.485723 -0.00728448 3.41073e-06 
-0.0266092 9.2698e-05 -0.291483 0.291391 0.0266092 1.04172e-06 
0.298868 0.179149 -0.256648 0.0774987 -0.298868 1.95812e-06 
0.297434 0.170156 -0.191599 0.0214422 -0.297434 1.78186e-06 
0.157785 0.0862993 -0.0912428 0.00494333 -0.157785 9.41609e-07 
0.0137691 0.00734771 -0.0076465 0.000298771 -0.0137691 8.2618e-08 
0.131441 0.0685427 -0.0706536 0.00211077 -0.131441 7.94157e-07 
0.217422 0.0983713 -0.099838 0.00146639 -0.217422 1.38353e-06 
0.097995 -0.0283803 0.0108281 0.0175522 -0.097995 1.15844e-06 
-0.105193 -0.324354 0.157356 0.166998 0.105193 2.73983e-06 
-0.0388761 -0.673814 0.0572228 0.61659 0.0388761 1.02946e-05 
0.0278827 -0.341126 -0.0387029 0.379828 -0.0278827 2.49879e-06 
0.0104189 -0.0494098 -0.0440159 0.0934264 -0.0104189 -6.34261e-06 
-0.00442117 0.0532018 -0.148987 0.0957866 0.00442117 -1.20157e-05 
-0.00631142 -0.222932 -0.474804 0.697736 0.00631142 -5.78537e-06 
0.00149085 -0.600556 -0.753879 1.35443 -0.00149085 7.90215e-06 
0.00136397 -0.30568 -0.372188 0.677869 -0.00136397 1.02064e-05 
-0.000460789 -0.0301539 -0.100756 0.130911 0.000460789 5.31749e-06 
-0.000294492 -0.0453941 -0.232059 0.277452 0.000294492 -9.66796e-06 
0.000171438 -0.155745 -0.162541 0.318285 -0.000171438 -1.23683e-05 
1.59264e-05 -0.400502 0.316096 0.084406 -1.59264e-05 -8.40262e-07 
-2.04423e-05 -0.245784 -0.210635 0.456419 2.04423e-05 9.44155e-07 
1.28659e-05 -0.120784 -0.132889 0.253673 -1.28659e-05 -4.31076e-07 
-4.79676e-07 -0.138853 0.126268 0.0125858 4.79676e-07 3.03435e-07 
-1.42563e-06 -0.135791 0.112038 0.0237537 1.42563e-06 -4.89874e-08 
-3.51396e-07 -0.0462883 0.0320769 0.0142115 3.51396e-07 -7.53185e-08 
-1.04133e-06 -0.196013 0.11998 0.0760327 1.04133e-06 -4.51826e-07 
1.06357e-06 -0.723922 0.269186 0.454736 -1.06357e-06 -2.63855e-06 
2.79423e-07 -0.730346 0.149012 0.581335 -2.79423e-07 7.53057e-07 
-2.60793e-07 -0.64538 0.113237 0.532141 2.60793e-07 3.2721e-09 
-7.74859e-07 -0.844332 0.223814 0.620519 7.74859e-07 2.25142e-06 
4.31703e-07 -1.1185 0.390939 0.727559 -4.31703e-07 -1.13021e-06 
-6.10428e-07 -0.951551 0.421127 0.530425 6.10428e-07 1.83793e-06 
5.22838e-07 -0.702538 0.37056 0.331979 -5.22838e-07 -1.59995e-06 
-3.91328e-07 -0.512917 0.297049 0.215868 3.91328e-07 1.223e-06 
2.25592e-07 -0.211508 0.350338 -0.138829 -2.25592e-07 -7.27545e-07 
2.10014e-07 -0.357183 0.643906 -0.286725 -2.10014e-07 -7.36744e-07 
1.06094e-08 -0.501365 0.938906 -0.43754 -1.06094e-08 -7.69369e-08 
3.2936e-08 -0.653101 1.23371 -0.5806 -3.2936e-08 -1.15873e-07 
-2.12452e-07 -0.795369 1.52909 -0.733718 2.12452e-07 8.22717e-07 
-3.89277e-07 -0.932677 1.82234 -0.889656 3.89277e-07 1.65514e-06 
-3.49771e-07 -1.0655 2.1121 -1.0466 3.49771e-07 1.46908e-06 
-4.83556e-07 -0.930426 1.8658 -0.935379 4.83556e-07 2.3082e-06 
-2.01327e-08 -0.783669 1.58473 -0.80106 2.01327e-08 1.0478e-07 
1.17458e-08 -0.648673 1.32029 -0.671615 -1.17458e-08 -5.65813e-08 
-2.03383e-08 -0.502395 1.02716 -0.524762 2.03383e-08 1.15133e-07 
6.62065e-08 -0.408966 0.840343 -0.431377 -6.62065e-08 -3.57351e-07 
7.56889e-08 -0.28936 0.595742 -0.306383 -7.56889e-08 -4.10064e-07 
4.16032e-08 -0.147426 0.303648 -0.156222 -4.16032e-08 -2.25496e-07 
2.41832e-22 -8.52888e-16 1.75671e-15 -9.03821e-16 -2.41832e-22 -1.3108e-21 
