-0 0 -0 0 0 -0 
0.738471 0.288671 -0.238414 -0.0502571 -0.738471 6.86899e-07 
-0.30088 0.225831 -0.488197 0.262366 0.30088 -6.54472e-08 
-0.214187 0.0243105 -0.0463109 0.0220004 0.214187 1.2291e-07 
-0.0350358 0.523886 -0.985343 0.461456 0.0350358 -4.2722e-07 
0.0434917 -0.22719 0.717591 -0.490402 -0.0434917 6.48268e-08 
-0.104472 -0.0359558 0.0699802 -0.0340246 0.104472 -1.66826e-06 
-0.0178378 -0.202867 0.582006 -0.379139 0.0178378 -1.78043e-06 
0.0157243 -0.387237 0.831263 -0.444025 -0.0157243 1.10225e-08 
0.0944144 -0.0757107 0.00620533 0.0695057 -0.0944144 -9.56264e-08 
0.443971 -0.641183 1.25012 -0.609223 -0.443973 -0.000286938 
0.0336677 -0.327953 0.949976 -1.30011 -0.0390438 -0.678089 
0.00197073 0.0343549 -0.102456 0.145019 -0.00136091 0.0769181 
0.00785047 0.281233 -0.837505 1.18551 -0.00274056 0.629235 
0.014103 0.476107 -1.54873 2.48278 0.00235695 1.41016 
0.0210152 -0.958548 2.08551 -1.26307 0.0144897 -0.136101 
0.0293214 0.0497969 -0.27047 0.61134 0.0568316 0.390668 
0.0649133 -0.0056504 0.0437295 -0.130065 -0.0708873 -0.0919864 
0.63499 0.219166 -0.405983 0.186819 -0.63499 3.41424e-07 
1.89065e-17 1.36788e-16 -2.80964e-16 1.44176e-16 -1.89065e-17 -2.2449e-22 
