-0.0287799 0.657508 -1.39888 0.741368 0.0287799 -1.31737e-06 
4.28869 1.49586 -0.990589 -0.505268 -4.28869 4.33858e-06 
-0.85246 -0.0132571 0.120535 -0.107277 0.85246 -3.38885e-06 
0.898966 1.25532 -3.08515 1.82983 -0.898966 1.5122e-06 
2.30122 -3.46191 6.28127 -2.81935 -2.30122 -9.86125e-06 
-0.218902 0.708688 -2.69998 1.99129 0.218902 1.23605e-06 
-0.321921 2.47151 -4.05384 1.58232 0.321921 -6.11356e-06 
-0.0406484 -0.520073 1.36338 -0.843309 0.0406484 -4.61206e-06 
-0.00471116 0.0246409 -0.0932219 0.0685811 0.00471116 -2.70459e-07 
-0.357328 -0.468903 1.65965 -1.19075 0.357328 2.3087e-06 
0.110823 1.466 -2.98215 1.49228 -0.11101 -0.023459 
-0.0292675 0.829246 -2.43019 3.37155 0.0433053 1.77061 
0.00354081 0.0707514 -0.210729 0.297843 -0.00228923 0.157865 
0.00368309 0.235457 -0.709591 1.02408 0.00116402 0.549946 
0.00399802 -0.225118 0.458118 -0.180292 0.00437125 0.0527076 
0.00448996 -0.738648 1.91666 -2.10312 0.0219511 -0.925107 
0.0228475 1.04611 -2.04983 0.536408 -0.0558359 -0.467303 
0.0143543 -0.635413 -1.89624 10.9342 0.531352 8.40257 
-5.56426 2.61523 -4.88974 2.27446 5.56426 6.22928e-05 
-0.194657 -1.40834 2.89274 -1.48441 0.194657 2.3113e-06 
