0 0 0 0 0 0 
0.0127873 0.194572 -0.403306 0.208734 -0.0127873 -3.53954e-07 
0.459387 0.422159 -0.571884 0.149724 -0.459387 4.98041e-08 
0.555262 0.667134 -0.81483 0.147696 -0.555262 -7.49243e-09 
0.614993 0.876509 -0.923779 0.0472698 -0.614993 1.91403e-08 
1.14539 1.48212 -0.432829 -1.04929 -1.14539 -3.81019e-08 
1.14562 1.44764 -0.184854 -1.26279 -1.14562 -2.00594e-07 
1.13684 1.6558 -0.280785 -1.37502 -1.13684 -4.70289e-07 
1.13363 1.58235 -0.0432013 -1.53915 -1.13363 3.68476e-09 
1.16643 1.19908 0.63758 -1.83666 -1.16643 -1.24867e-09 
1.31218 0.7177 1.55319 -2.27089 -1.31218 3.70066e-07 
1.53063 0.419722 2.23432 -2.88757 -1.53248 -0.23353 
1.54959 0.437431 2.17199 -2.78428 -1.55098 -0.17486 
1.55758 0.654068 1.52765 -1.87464 -1.55513 0.307083 
1.57545 1.36856 -0.663233 1.36755 -1.55619 2.07288 
1.60404 1.14234 -0.691759 2.95551 -1.54574 3.40609 
1.64466 -0.0982363 1.94847 1.50184 -1.47196 3.35207 
1.72402 0.488544 2.11453 -2.94779 -1.74641 -0.344716 
2.35199 0.503899 1.96065 -2.46455 -2.35199 -1.16729e-07 
2.68055 1.26353 0.454262 -1.71779 -2.68055 -1.13484e-07 
