0 0 0 0 0 0 
0.000522873 -0.191416 0.40341 -0.211994 -0.000522873 2.694e-09 
0.111741 -0.250399 0.598489 -0.34809 -0.111741 -4.90945e-07 
0.384403 -0.147367 0.62256 -0.475192 -0.384403 -4.94692e-08 
0.569531 -0.113464 0.927219 -0.813755 -0.569531 -7.06633e-07 
0.559801 -0.198147 1.1641 -0.965952 -0.559801 -4.02693e-07 
0.567161 0.174118 0.473964 -0.648082 -0.567161 4.28248e-08 
0.642536 1.0152 -1.16919 0.153987 -0.642536 -2.85374e-07 
0.696591 0.992647 -1.02787 0.0352209 -0.696591 -1.7924e-07 
0.934416 1.34347 -1.13827 -0.205201 -0.934416 -1.6489e-07 
1.14319 1.53698 -0.523566 -1.01341 -1.14319 6.59532e-09 
1.14169 1.55533 -0.316271 -1.23906 -1.14169 -1.03458e-08 
1.13139 1.59211 -0.101847 -1.49027 -1.13139 1.10512e-08 
1.14062 1.68265 -0.249629 -1.43302 -1.14062 -3.53605e-07 
1.15649 1.53551 0.0227847 -1.55829 -1.15649 -4.25024e-09 
1.29255 0.791787 1.40791 -2.1997 -1.29255 -8.58215e-08 
2.31011 0.510082 1.94923 -2.45931 -2.31011 -2.57722e-08 
2.58856 0.864422 1.26402 -2.12844 -2.58856 -6.00061e-09 
2.65442 1.09175 0.806403 -1.89815 -2.65442 -3.24835e-08 
2.68055 1.26353 0.454262 -1.71779 -2.68055 -4.94216e-08 
