1.13194 1.5976 -0.119028 -1.47857 -1.13194 3.55271e-15 
0.894411 1.29105 -0.171214 -1.11983 -0.894411 2.20393e-08 
0.260467 0.489385 -0.320365 -0.16902 -0.260467 4.79433e-08 
-0.124108 0.131566 -0.513521 0.381956 0.124108 -2.38319e-07 
0.470553 0.44477 -0.627484 0.182714 -0.470553 -2.34386e-07 
0.372431 0.45457 -0.617637 0.163067 -0.372431 -1.02722e-07 
0.569021 0.7682 -0.941994 0.173793 -0.569021 -5.02196e-08 
0.713665 1.00815 -0.971603 -0.0365497 -0.713665 -2.62386e-07 
0.922948 1.32229 -1.06598 -0.256318 -0.922948 -4.38581e-09 
0.999829 1.52163 -1.09462 -0.427012 -0.999829 -1.77065e-07 
1.12507 1.51041 -0.460029 -1.05038 -1.12507 1.77296e-09 
1.13423 1.50172 -0.382641 -1.11908 -1.13423 -9.43291e-08 
1.13317 1.59128 -0.0979148 -1.49336 -1.13317 3.47289e-08 
1.15618 1.69669 -0.318781 -1.37791 -1.15618 -7.87242e-08 
1.18476 1.94967 -0.966171 -0.9835 -1.18476 -3.02682e-08 
1.29706 2.18586 -1.51451 -0.671348 -1.29706 -1.44148e-08 
1.85009 2.38788 -2.07336 -0.314528 -1.85009 3.4498e-09 
2.41709 2.31363 -1.84607 -0.467557 -2.41709 -1.24634e-07 
2.65547 1.87529 -0.801584 -1.07371 -2.65547 9.83788e-09 
2.68946 1.61734 -0.245048 -1.37229 -2.68946 3.55271e-15 
