-0 0 -0 -0 0 -0 
0.101038 0.226767 -0.333136 0.10637 -0.101038 2.2396e-06 
0.044003 0.278117 -0.920476 0.642359 -0.044003 5.85307e-08 
0.00507145 0.486353 -1.2668 0.78045 -0.00507145 5.44353e-07 
0.0585286 0.256622 -0.559362 0.302739 -0.0585286 -1.06152e-08 
0.145651 0.474291 -1.06462 0.590332 -0.145651 -5.80967e-08 
0.103023 0.243731 -0.560645 0.316914 -0.103023 -1.39773e-08 
0.153072 0.252745 -0.600958 0.348211 -0.153072 1.07355e-08 
0.194441 0.237932 -0.584903 0.346972 -0.194441 -8.97987e-07 
0.615027 0.427402 -1.13182 0.704416 -0.615027 -2.35552e-07 
1.14408 0.226197 -0.711164 0.484966 -1.14408 -2.137e-06 
1.47366 -0.0110016 0.0381222 -0.0271187 -1.47366 5.02875e-08 
0.814538 -0.100936 0.324358 -0.223425 -0.814538 4.6779e-07 
0.215809 -0.111526 0.335821 -0.224294 -0.215809 7.03829e-07 
0.400278 -0.366859 0.993738 -0.626877 -0.400278 -6.49079e-07 
0.424964 -0.71649 1.7244 -1.00791 -0.424964 -1.10999e-06 
0.231389 -0.830703 1.85212 -1.02142 -0.231389 2.71314e-06 
0.0800853 -0.530427 1.14857 -0.618144 -0.0800853 1.11545e-06 
0.0275048 -0.339253 0.724212 -0.38496 -0.0275048 -9.691e-08 
2.24345e-17 -2.8783e-16 6.14049e-16 -3.26219e-16 -2.24345e-17 -1.44537e-22 
