-0.247836 1.08252 -0.0746026 -1.00793 0.247836 -4.17397e-05 
0.511907 0.278205 -3.01093 2.73273 -0.511907 3.69554e-05 
-0.259504 0.2504 -0.9183 0.667899 0.259504 -7.54531e-06 
-0.010684 -0.189712 1.63836 -1.44865 0.010684 3.13808e-06 
0.521591 0.177378 0.126601 -0.303984 -0.521591 -4.03809e-06 
0.829066 1.21443 -2.66193 1.44746 -0.829066 5.29075e-06 
-0.293807 -0.90015 2.02512 -1.12495 0.293807 1.42333e-06 
-0.456635 -0.884014 2.07041 -1.1864 0.456635 6.01747e-07 
0.701618 0.747382 -1.86519 1.11781 -0.701618 1.74544e-06 
2.77184 0.390048 -1.60541 1.21537 -2.77184 -5.89778e-05 
1.56004 -1.1093 2.99267 -1.88313 -1.56004 -2.2982e-05 
0.267795 -0.861209 2.98354 -2.122 -0.267795 -7.3959e-06 
-3.07117 -0.0943536 0.166236 -0.07191 3.07117 3.14291e-06 
-0.632158 -1.11964 3.30458 -2.18495 0.632158 1.19316e-05 
0.70055 -1.2733 2.93305 -1.65972 -0.70055 -4.8653e-05 
-0.273479 -1.53169 2.99018 -1.45855 0.273479 0.000106716 
-0.970146 1.04455 -2.68644 1.64186 0.970146 -6.232e-05 
-0.385374 0.924951 -2.11474 1.18978 0.385374 1.67001e-05 
-0.111658 1.16 -2.48391 1.32391 0.111658 -8.86453e-07 
-0.109606 1.40622 -3 1.59378 0.109606 7.06152e-07 
