0 0 0 0 0 0 
-0.000114162 -0.112448 0.235359 -0.122911 0.000114162 6.62167e-08 
-0.000107964 -0.302442 0.62124 -0.318798 0.000107964 -4.50919e-07 
-1.3852e-06 -0.533785 0.951022 -0.417236 1.3852e-06 4.95123e-09 
-2.40536e-07 -0.74719 1.16677 -0.419584 2.40536e-07 5.10726e-07 
1.5957e-07 -1.00709 1.59946 -0.592371 -1.5957e-07 -4.55799e-07 
2.77311e-07 -1.21577 1.93385 -0.71808 -2.77311e-07 -7.49276e-07 
1.40548e-07 -1.213 1.9727 -0.759703 -1.40548e-07 -4.10872e-07 
2.08791e-07 -1.40378 2.10674 -0.702955 -2.08791e-07 -5.71749e-07 
1.76715e-07 -1.51685 2.18063 -0.663785 -1.76715e-07 -4.85989e-07 
8.34119e-08 -1.8189 2.35622 -0.53733 -8.34119e-08 -2.39484e-07 
-6.90248e-09 -1.87943 2.32411 -0.444687 6.90248e-09 -1.76013e-08 
-9.1562e-09 -2.20215 2.25308 -0.0509373 9.1562e-09 -3.27337e-09 
4.91008e-09 -2.35314 2.09336 0.259779 -4.91008e-09 -4.21763e-08 
-6.28918e-09 -2.26602 1.80316 0.462857 6.28918e-09 -1.51687e-09 
2.04153e-08 -2.03014 1.20308 0.827063 -2.04153e-08 -1.19232e-07 
-4.68672e-09 -1.8998 0.903992 0.995809 4.68672e-09 3.92293e-10 
-4.38249e-09 -1.78962 0.661489 1.12813 4.38249e-09 -1.20728e-10 
-4.28822e-09 -1.71947 0.507986 1.21148 4.28822e-09 -3.85139e-11 
-4.25748e-09 -1.69491 0.454262 1.24064 4.25748e-09 3.55271e-15 
