-0 -0 0 -0 0 0 
-0.000515324 -0.511744 1.07588 -0.564132 0.000515324 6.92841e-08 
0.00147098 -0.572984 0.891845 -0.31886 -0.00147098 1.49438e-06 
4.8378e-05 -0.533642 0.704372 -0.170729 -4.8378e-05 4.94491e-09 
7.36857e-07 -0.703187 0.551122 0.152066 -7.36857e-07 -4.31102e-06 
-1.29689e-06 -0.792192 1.35562 -0.563431 1.29689e-06 3.23459e-06 
-4.43728e-06 -0.44881 0.4927 -0.0438894 4.43728e-06 1.10787e-05 
1.01596e-06 -0.217057 0.219302 -0.00224526 -1.01596e-06 -2.52763e-06 
-7.16228e-08 -0.326637 0.216109 0.110527 7.16228e-08 1.95294e-07 
-2.29993e-07 -0.693445 0.447804 0.245641 2.29993e-07 6.08844e-07 
8.5159e-08 -0.184781 -0.00905299 0.193835 -8.5159e-08 -2.14528e-07 
-5.41936e-07 -0.507274 0.0738879 0.433385 5.41936e-07 1.36054e-06 
9.79981e-08 -0.861122 -0.39295 1.25407 -9.79981e-08 -2.50504e-07 
-1.84691e-08 -0.0450035 -0.515298 0.560303 1.84691e-08 3.28758e-08 
1.45789e-07 0.422746 -1.22603 0.803283 -1.45789e-07 -5.00542e-07 
-1.80284e-07 0.493712 -1.15787 0.664163 1.80284e-07 8.16255e-07 
7.22231e-10 0.179502 -0.409578 0.230077 -7.22231e-10 -7.6903e-10 
3.20516e-10 0.215976 -0.47279 0.256814 -3.20516e-10 1.22893e-10 
1.52638e-10 0.121088 -0.264894 0.143806 -1.52638e-10 1.85318e-10 
-1.55452e-25 -1.24625e-16 2.7262e-16 -1.47995e-16 1.55452e-25 -1.97803e-25 
