-0.00146325 -1.43613 3 -1.56387 0.00146325 1.13312e-06 
-0.000529571 -0.593703 1.3253 -0.731602 0.000529571 -3.67435e-06 
0.00275546 -1.11054 0.728802 0.381736 -0.00275546 2.85713e-05 
-0.00016714 1.76069 -2.61839 0.8577 0.00016714 -1.01633e-05 
0.000142975 2.61001 2.84631 -5.45636 -0.000142975 -0.000226704 
-0.000160086 1.41074 -2.90633 1.49561 0.000160086 0.000399246 
4.64745e-05 2.45575 -3.37206 0.916312 -4.64745e-05 -0.00011594 
-1.23713e-05 -4.27928 1.87391 2.40537 1.23713e-05 3.11394e-05 
3.07553e-07 2.14484 -1.43564 -0.709204 -3.07553e-07 -8.76304e-07 
-1.17101e-06 -2.6273 1.62927 0.998022 1.17101e-06 3.05159e-06 
1.52549e-06 3.78319 -2.88202 -0.901174 -1.52549e-06 -4.04272e-06 
4.52311e-06 -1.10144 -0.657841 1.75931 -4.52311e-06 -1.12136e-05 
-5.34614e-06 2.90615 -0.151949 -2.75432 5.34614e-06 1.40911e-05 
4.36862e-06 2.59799 0.171085 -2.7691 -4.36862e-06 -1.39639e-05 
-1.25235e-05 1.37827 -2.93873 1.56054 1.25235e-05 4.43264e-05 
-9.92217e-06 -1.1362 2.9225 -1.78628 9.92217e-06 4.64185e-05 
4.04561e-08 1.75783 -3.67571 1.91788 -4.04561e-08 -1.95597e-07 
-4.77512e-10 -0.129039 0.284368 -0.155328 4.77512e-10 1.15699e-09 
-3.83134e-10 -0.291295 0.637346 -0.346051 3.83134e-10 -3.77228e-10 
-3.76842e-10 -0.302112 0.660878 -0.358766 3.76842e-10 -4.79509e-10 
