-0.101795 0.79689 -1.7434 0.946514 0.101795 -1.59454e-06 
1.01351 -1.44305 3.68909 -2.24604 -1.01351 3.35636e-06 
5.86944 -0.470763 4.4572 -3.98644 -5.86944 6.78952e-06 
0.209778 0.102071 0.00304809 -0.105119 -0.209778 -1.27235e-05 
0.3015 0.132973 -0.852265 0.719291 -0.3015 1.04389e-05 
0.1705 0.209731 -0.550903 0.341172 -0.1705 -2.40772e-05 
0.619445 0.0548347 0.26231 -0.317145 -0.619445 6.37256e-05 
0.267004 0.13825 -0.113975 -0.024275 -0.267004 4.69268e-06 
1.36335 0.827573 -0.685648 -0.141925 -1.36335 -1.77823e-06 
1.18122 -0.458426 1.9611 -1.50268 -1.18122 -4.33647e-06 
-2.60907 -2.27194 2.75906 -0.487122 2.60907 1.87119e-06 
-1.90426 1.60291 -5.0277 3.42479 1.90426 -1.32845e-05 
0.889033 0.74316 -0.868377 0.125217 -0.889033 2.3477e-06 
-1.58666 -0.521264 -0.333109 0.854376 1.58666 0.000195644 
-0.0412005 -1.28172 1.10321 0.177614 0.0402304 -0.00322876 
2.24118 -0.116277 0.161253 -0.0985365 -2.30335 0.0558334 
-4.62969 -8.01634 9.59457 -0.0785495 6.37051 -1.55733 
1.81232 3.24437 -3.96739 0.122541 -2.50936 0.623583 
0.193537 0.350274 -0.48363 0.0588157 -0.280064 0.0774094 
0.465923 0.837699 -1.10418 0.097214 -0.662403 0.175776 
0.848297 1.55802 -2.01723 0.252318 -1.08845 0.214847 
0.0770066 0.381254 -0.504094 0.712081 0.606982 -0.611913 
-2.85052 -4.57067 5.85151 1.08189 5.59316 -2.45363 
-0.876335 -2.02968 2.84583 -0.102972 1.0955 -0.628093 
2.58009 2.64988 -2.7815 -1.91022 -6.44853 2.3974 
2.07527 2.44253 -2.74556 -1.44728 -4.88386 1.45678 
-1.16679 -0.840252 0.685894 0.590996 3.14058 -2.27225 
-2.13011 -1.35969 0.666858 1.12004 5.05501 1.97033 
-1.71201 -0.7019 -0.36059 0.834475 3.66667 6.3574 
0.830374 0.47005 -0.125715 -0.4219 -1.94435 -0.186665 
3.92613 1.93751 0.0657593 -1.96506 -8.73805 -4.96792 
-0.372811 -0.142935 0.0398882 0.126384 0.909851 -2.4608 
-2.85707 -1.47484 -0.0410005 1.50168 6.24111 1.49474 
-4.72353 -2.76694 -0.0738756 2.85004 9.79177 -0.891343 
3.63277 2.044 0.0510222 -2.09564 -7.74529 -0.0305346 
4.69081 2.63872 0.0847978 -2.7253 -9.82078 0.106694 
-7.53087 -4.17899 -0.250893 4.44626 16.0507 -0.0778979 
3.15974 1.77318 0.169352 -2.02545 -6.81169 -0.0404692 
-2.45149 -0.819998 -2.61045 1.18307 1.42598 -2.25427 
0.380525 0.0509935 0.637861 -0.118911 -0.0677815 0.56943 
-0.192966 -0.0265083 -0.393308 0.140215 0.0791706 -0.27957 
-0.113656 -0.0129746 -0.193201 0.0427382 0.0525556 -0.163449 
-0.761773 -0.0917447 -1.36003 0.35334 0.337985 -1.09844 
-1.51471 -0.187969 -2.72201 0.724537 0.665778 -2.18542 
0.892619 0.088582 1.57974 -0.381164 -0.39577 1.28717 
1.75019 0.193357 3.13177 -0.800522 -0.77209 2.52459 
-1.38727 -0.14499 -2.33276 0.476653 0.61199 -2.00109 
0.287656 -0.511864 1.50178 -0.574997 -0.126899 0.414938 
-1.65869e-05 1.5956 -2.98265 1.38688 1.6583e-05 7.96947e-05 
-4.12985e-07 1.45651 -3 1.54349 4.12985e-07 2.23851e-06 
