0 0 0 0 0 0 
-0.00486676 0.180366 -0.382938 0.202571 0.00486676 -3.5063e-07 
-0.325974 0.208859 -0.658046 0.449187 0.325974 -5.09758e-07 
-0.230339 0.211491 -0.703223 0.491732 0.230339 8.1034e-07 
-0.17519 0.255517 -0.85085 0.595332 0.17519 -9.39101e-08 
-0.109475 0.298892 -1.12776 0.828865 0.109475 -5.42251e-07 
-0.15149 0.275857 -1.21996 0.944107 0.15149 -6.21383e-06 
-0.209246 0.215047 -1.17157 0.956528 0.209246 -1.18176e-06 
-0.0684076 0.294099 -1.23738 0.943282 0.0684076 9.15212e-08 
0.765651 0.740452 -1.53712 0.796669 -0.765651 6.06905e-07 
1.79348 0.706503 -0.639765 -0.0667382 -1.79348 2.03222e-07 
1.52544 -0.331365 1.36055 -1.02919 -1.52544 -1.48075e-08 
0.373364 -0.882005 1.58204 -0.700036 -0.373364 -4.99969e-06 
-0.128082 -1.01991 1.44377 -0.423861 0.128082 -6.7808e-06 
-0.086735 -1.23353 1.80425 -0.570719 0.0867352 6.72178e-07 
-0.0710852 -1.45277 2.08995 -0.637826 0.0703295 0.000672824 
0.0739214 -1.41007 2.03234 -0.646588 -0.102148 0.02525 
-0.301346 -2.09758 2.81556 -0.62739 0.406498 -0.0940724 
-0.209203 -1.92878 2.56008 -0.580526 0.26815 -0.0527353 
-0.122438 -1.77203 2.34643 -0.556503 0.143218 -0.0185902 
0.232759 -1.13161 1.49642 -0.47402 -0.359534 0.113416 
1.00567 0.285827 -0.36093 -0.238578 -1.36979 0.325749 
1.68158 1.67053 -2.18406 0.386844 -1.82864 0.13156 
1.0933 1.00797 -1.37151 1.5187 0.209632 -1.19259 
0.0494783 -0.737234 0.967022 2.58073 2.7924 -2.84091 
0.243412 -1.24612 2.03033 2.69524 2.24557 -3.34919 
1.51541 -0.460803 1.62361 2.04667 -0.830463 -3.11346 
2.25877 0.0130432 1.39533 1.64486 -2.48877 -3.64556 
1.8456 -0.25833 1.54556 1.85209 -1.39328 -3.19951 
0.696588 -0.856934 1.59905 2.42272 1.30078 -0.204207 
-0.0553255 -1.22429 1.57743 2.79034 3.0611 2.94255 
1.0468 -0.670355 1.58197 2.22528 0.697039 3.63515 
2.38667 0.0182345 1.61052 1.51454 -2.14979 2.96107 
1.99191 -0.187877 1.61803 1.71145 -1.18094 3.14016 
0.299136 -1.14722 1.60557 2.68307 2.48374 3.1722 
0.180959 -1.22825 1.61546 2.7543 2.77715 3.13081 
2.01654 -0.205531 1.65312 1.69395 -1.01432 3.14107 
2.09443 -0.149164 1.62241 1.66825 -1.03517 3.14145 
2.1985 -0.0759293 1.66886 1.57288 -1.00998 3.16598 
2.21742 -0.0700264 1.75843 1.50931 -0.982296 3.19773 
2.41351 -0.0451128 2.13228 1.39313 -1.07009 3.48031 
2.40754 -0.0456445 2.12429 1.39314 -1.06698 3.4718 
2.31579 -0.0562513 1.96655 1.42947 -1.02498 3.33977 
1.77102 -0.121578 0.999379 1.67662 -0.782409 2.55442 
0.557295 -0.271053 -1.17103 2.24596 -0.245906 0.80387 
-0.209079 -0.376948 -2.55006 2.62541 0.0922349 -0.301591 
-0.0123685 -0.382148 -2.20372 2.56803 0.00545633 -0.0178412 
0.00120227 -0.453674 -2.05048 2.50589 -0.000530387 0.00173412 
4.36398e-09 -0.903937 -1.18521 2.08915 -4.3628e-09 -4.48188e-08 
1.28424e-08 -1.26353 -0.454262 1.71779 -1.28424e-08 -9.30577e-08 
