-0 0 -0 0 0 -0 
0.10835 0.266508 -0.491689 0.225181 -0.10835 -4.52752e-07 
-0.515461 0.0518702 -0.51208 0.46021 0.515461 2.23871e-07 
-0.023695 0.23978 -0.510059 0.270278 0.023695 3.57186e-07 
0.122725 -0.111708 0.0979696 0.0137382 -0.122725 8.98671e-07 
0.0559823 -0.164118 0.138352 0.0257668 -0.0559823 9.91422e-06 
-0.642734 -0.434545 0.328281 0.106265 0.642734 8.55116e-06 
0.0186684 0.00962958 -0.00793569 -0.00169388 -0.0186684 3.35286e-07 
0.496021 0.289309 -0.241925 -0.0473837 -0.496021 2.31431e-06 
1.7458 0.771978 -0.262304 -0.509674 -1.7458 -1.33825e-06 
0.567349 -1.11868 2.85468 -1.73601 -0.567349 1.33323e-06 
-1.18928 -1.18134 1.54564 -0.364305 1.18928 -3.82628e-06 
-1.62246 -0.413332 -0.468536 0.881868 1.62246 -7.93873e-06 
1.23318 0.08113 0.783079 -0.864209 -1.23318 2.20272e-05 
-0.000589946 -0.787328 1.12881 -0.341476 0.000593837 2.13432e-06 
0.286514 -0.0402372 0.0505737 -0.0214976 -0.299471 0.0116055 
0.0172307 -0.0781907 0.0797468 -0.00363444 -0.019643 0.00215245 
-0.0275436 -0.0386982 -0.0772632 0.101468 0.0107195 0.0150539 
0.0248284 0.0449452 -0.0621499 0.00762402 -0.0359497 0.00994942 
0.242006 0.436548 -0.588799 0.0617487 -0.34706 0.0939846 
0.763017 1.37911 -1.81567 0.179198 -1.06175 0.267257 
1.22604 2.29747 -3.00532 0.510964 -1.45458 0.204459 
0.200755 0.759336 -1.04045 1.20334 0.869755 -0.957704 
-1.48102 -2.13881 2.74425 1.67644 3.94483 -2.33548 
-0.901867 -1.98145 2.8564 0.959222 2.07567 -1.72813 
1.28804 0.499328 0.107979 -0.552786 -3.18545 0.177706 
1.73568 1.20921 -0.778925 -0.941366 -4.10391 -0.00393586 
0.182673 0.0518953 0.0957308 -0.100393 -0.223594 -0.747664 
-1.24317 -0.701079 0.181637 0.622902 3.00092 2.49073 
-1.52606 -0.762348 -0.0047317 0.753395 3.53789 4.72395 
-0.221447 -0.0963537 -0.0342868 0.0977604 0.602842 3.48202 
2.72783 1.3676 0.0431303 -1.39815 -5.92555 -1.31973 
0.615449 0.340952 0.0245204 -0.364687 -1.17996 -0.0881728 
-1.96119 -1.08351 -0.00997205 1.09089 4.33263 0.292907 
-1.46155 -0.844703 -0.00653334 0.851897 3.15561 -0.0777768 
1.25222 0.685257 0.0389019 -0.724733 -2.5712 -0.025096 
2.19507 1.23486 0.0208198 -1.25275 -4.47198 0.0310268 
-0.573933 -0.296941 -0.0492908 0.330214 1.39829 -0.0242785 
-0.0132709 0.0437114 -0.00935105 -0.0558832 0.337626 -0.0229133 
0.528418 0.0654883 0.99664 -0.303543 -0.250448 0.758671 
0.00134843 0.000917948 0.0133405 -0.0119448 0.00115788 0.00230467 
-0.0264295 -0.0028002 -0.0418133 0.00671774 0.0127445 -0.0379011 
-0.29919 -0.0353092 -0.524395 0.128757 0.134975 -0.43096 
-1.26862 -0.153409 -2.26234 0.586314 0.562145 -1.82944 
-1.65136 -0.208774 -2.9596 0.786413 0.728909 -2.38195 
-0.289007 -0.061468 -0.531098 0.17568 0.127495 -0.416884 
0.506492 0.0163314 0.923927 -0.209657 -0.223438 0.7306 
-0.0731674 -0.202711 0.229979 -0.132811 0.0322775 -0.105543 
5.6848e-07 -0.975163 1.94919 -0.974022 -5.68577e-07 -2.66247e-06 
-4.30513e-22 1.51833e-15 -3.12733e-15 1.609e-15 4.30513e-22 2.33352e-21 
