0 0 0 0 0 0 
-0.00459685 0.0438798 -0.0960874 0.0522076 0.00459685 -8.85609e-08 
-0.0082861 0.157265 -0.337823 0.180558 0.0082861 -3.10425e-07 
0.0310121 0.206903 -0.410912 0.204009 -0.0310121 -3.72698e-07 
-0.162118 0.157485 -0.463393 0.305908 0.162118 -4.35395e-07 
-0.258557 0.131013 -0.530742 0.399728 0.258557 -2.3277e-07 
-0.193751 0.116943 -0.522066 0.405123 0.193751 7.03185e-07 
-0.179752 0.165697 -0.641593 0.475896 0.179752 5.82961e-07 
-0.164637 0.17915 -0.69413 0.514981 0.164637 1.03088e-06 
-0.17041 0.255512 -0.885238 0.629727 0.17041 3.9138e-07 
-0.0694601 0.289962 -0.940198 0.650236 0.0694601 4.53516e-07 
-0.00323105 0.314658 -0.950392 0.635735 0.00323105 1.16227e-08 
-0.00166455 0.36007 -1.09503 0.734957 0.00166455 7.71361e-07 
-0.000266659 0.34158 -1.12188 0.780297 0.000266659 -7.54719e-08 
6.14568e-05 0.346939 -1.1633 0.81636 -6.14568e-05 5.81632e-07 
1.04355e-06 0.303148 -1.14559 0.842442 -1.04355e-06 7.30472e-06 
2.94866e-06 0.325121 -1.19539 0.870266 -2.94866e-06 3.47069e-06 
1.16182e-06 0.328915 -1.20642 0.877502 -1.16182e-06 1.14885e-06 
-1.04226e-06 0.277688 -1.12417 0.846486 1.04226e-06 -9.66896e-07 
1.98194e-07 0.33942 -1.28713 0.947707 -1.98194e-07 2.21232e-07 
1.5559e-07 0.43468 -1.49602 1.06134 -1.5559e-07 2.1376e-07 
-4.83322e-08 0.221639 -1.04714 0.8255 4.83322e-08 -6.53885e-08 
-3.78788e-08 -0.282681 0.0179385 0.264743 3.78787e-08 -1.97246e-07 
-2.4849e-09 -0.738857 0.980602 -0.241745 2.48484e-09 -1.19564e-07 
-5.72217e-08 -0.977277 1.48214 -0.504867 5.72218e-08 1.34192e-07 
-1.87025e-07 -1.03772 1.60589 -0.568176 1.87026e-07 4.75215e-07 
-1.12791e-07 -0.949393 1.41263 -0.463239 1.12791e-07 2.38759e-07 
2.04331e-06 -0.981536 1.46246 -0.480926 -2.04331e-06 -4.99355e-06 
2.33749e-06 -1.11928 1.68401 -0.564738 -2.33661e-06 -5.71529e-06 
-1.12158e-05 -1.35664 2.02703 -0.670381 1.56471e-05 4.10872e-06 
7.11089e-05 -1.48068 2.12506 -0.644413 -9.85083e-05 -2.99983e-05 
0.00437697 -1.53014 2.1767 -0.648278 -0.00608719 -0.00172073 
-0.0165368 -1.61304 2.27097 -0.651437 0.0229996 0.00649435 
-0.0162795 -1.61562 2.2734 -0.651395 0.0226417 0.0063934 
-0.00535503 -1.60315 2.2546 -0.649345 0.00744796 0.00210234 
0.0472134 -1.51343 2.13405 -0.639162 -0.0656637 -0.0185479 
0.0289491 -1.57111 2.20078 -0.641038 -0.0402618 -0.0113735 
-0.141877 -1.93473 2.65954 -0.669087 0.197322 0.0557319 
-0.231006 -2.13381 2.8974 -0.672868 0.32128 0.0907445 
-0.13029 -1.95359 2.63257 -0.627812 0.181206 0.0511812 
0.186221 -1.34093 1.79754 -0.528704 -0.25796 -0.0721132 
0.607952 -0.511638 0.680464 -0.385955 -0.82401 -0.217183 
1.03788 0.345537 -0.468371 -0.196437 -1.35558 -0.319352 
1.40147 1.08655 -1.45687 0.0420724 -1.7281 -0.32833 
1.63403 1.58594 -2.11758 0.327993 -1.83667 -0.203696 
1.68787 1.75091 -2.32676 0.658722 -1.60541 0.0828874 
1.56184 1.57661 -2.07904 1.02203 -1.04468 0.519722 
1.31927 1.17985 -1.53285 1.39071 -0.285989 1.03793 
1.01822 0.668038 -0.833717 1.74171 0.55199 1.57633 
0.704185 0.125484 -0.0957766 2.05787 1.37717 2.0879 
0.411518 -0.38399 0.594649 2.3272 2.12097 2.53813 
0.164814 -0.814523 1.17563 2.54223 2.7354 2.9035 
-0.0215448 -1.13886 1.61043 2.70085 3.19456 3.17239 
-0.207214 -1.45693 2.02811 2.86149 3.65029 3.43214 
-0.205521 -1.44577 1.98758 2.87344 3.64395 3.41407 
0.0414277 -1.06303 1.47203 2.68951 3.04208 3.09928 
0.112854 -1.03025 1.4702 2.63764 2.87823 3.082 
-0.101055 -1.22075 1.62299 2.75752 3.37175 3.15412 
-0.271528 -1.3108 1.61626 2.85562 3.75577 3.14461 
-0.116319 -1.22575 1.57799 2.79314 3.40404 3.13812 
0.314042 -1.01362 1.55529 2.5953 2.43331 3.15626 
0.760331 -0.798974 1.54697 2.38711 1.42361 3.1782 
1.05922 -0.656501 1.54439 2.24742 0.74354 3.19032 
1.18531 -0.596652 1.54377 2.18853 0.455186 3.19422 
1.21794 -0.581191 1.54365 2.1733 0.380393 3.19507 
1.3377 -0.524539 1.54333 2.11746 0.105071 3.19747 
1.53556 -0.431337 1.5432 2.02547 -0.353517 3.19798 
1.75998 -0.326613 1.54361 1.92217 -0.885285 3.18746 
1.89419 -0.266473 1.54408 1.86381 -1.23827 3.14724 
1.74595 -0.342746 1.54267 1.94307 -0.990407 3.0533 
1.24127 -0.5904 1.53779 2.19589 0.0654882 2.94097 
0.558698 -0.922691 1.52931 2.53591 1.63403 2.92847 
-0.0109023 -1.19936 1.51776 2.82317 3.17678 3.15152 
-0.246354 -1.31422 1.50432 2.95105 4.20986 3.63901 
-0.216332 -1.30176 1.49307 2.94989 4.49151 3.99017 
-0.0721486 -1.23649 1.48863 2.88932 3.87738 3.71015 
0.0412314 -1.18973 1.49503 2.83636 2.26412 2.35975 
0.0683347 -1.18718 1.51001 2.81886 0.0884171 0.247068 
0.0494516 -1.2062 1.52547 2.82238 -1.78009 -1.6651 
0.0190971 -1.22845 1.53659 2.83347 -2.89458 -2.85006 
-0.00342439 -1.24394 1.54135 2.84418 -3.11605 -3.12408 
-0.0132621 -1.25084 1.54055 2.8519 -2.6096 -2.64093 
-0.0153879 -1.25278 1.53677 2.85766 -1.73262 -1.76935 
-0.0136262 -1.2524 1.53185 2.86222 -0.743949 -0.776922 
-0.0104161 -1.2513 1.52694 2.86605 0.196966 0.171299 
-0.00715922 -1.25035 1.52267 2.86937 1.00449 0.98641 
-0.00452152 -1.24985 1.51929 2.87225 1.64452 1.63272 
-0.00269004 -1.24981 1.51684 2.87465 2.11559 2.10827 
-0.00158374 -1.25004 1.51522 2.87648 2.43334 2.4288 
-0.00101887 -1.25031 1.51429 2.87767 2.61829 2.61523 
-0.000828811 -1.25045 1.51395 2.87814 2.68707 2.68452 
-0.000220893 -1.25122 1.51264 2.8802 2.95989 2.95909 
-0.00101342 -1.25692 1.50979 2.88862 3.66447 3.66353 
-0.00860954 -1.27385 1.51122 2.90384 4.00892 3.99369 
-0.0104573 -1.29569 1.52296 2.91398 3.44656 3.42655 
0.0395611 -1.28801 1.54442 2.88634 2.83824 2.91566 
0.0302504 -1.31307 1.57191 2.88362 3.04081 3.10028 
-0.181044 -1.45683 1.59753 2.99575 3.55428 3.198 
-0.170994 -1.46662 1.61652 2.98684 3.49431 3.15773 
0.470198 -1.09957 1.6292 2.62431 2.21445 3.13893 
1.54567 -0.467807 1.63443 1.99853 0.135083 3.15501 
2.25728 -0.03981 1.63401 1.5307 -1.22559 3.12711 
2.37691 0.0441296 1.62783 1.38626 -1.43388 3.0624 
2.18434 -0.0702643 1.60208 1.60086 -0.979629 3.1328 
2.12627 -0.139221 1.56702 2.04669 -0.72708 3.47347 
2.18096 -0.0684274 1.65284 1.50345 -0.989331 3.08791 
2.20364 0.0553901 1.83219 0.135537 -1.43867 2.02343 
2.20952 0.161786 1.99012 -1.11551 -1.82108 1.03662 
2.21165 0.22737 2.08513 -1.89138 -2.05439 0.421219 
2.2131 0.257554 2.12678 -2.2433 -2.16049 0.141069 
2.21365 0.265509 2.13729 -2.33454 -2.18819 0.0682754 
2.21885 0.301267 2.17816 -2.7219 -2.30928 -0.242538 
2.23712 0.315243 2.15417 -2.71642 -2.32924 -0.247071 
2.24755 0.315551 2.1011 -2.34367 -2.22034 0.0729943 
2.2825 0.384664 2.07273 -2.45292 -2.28083 0.00448228 
2.31449 0.461943 2.03659 -2.49863 -2.31453 -9.67149e-05 
2.45284 0.614428 1.75259 -2.36702 -2.45284 -1.89205e-08 
2.61302 0.933773 1.12548 -2.05925 -2.61302 -1.39703e-07 
2.66918 1.17572 0.634851 -1.81057 -2.66918 2.33701e-08 
2.68055 1.26353 0.454262 -1.71779 -2.68055 -1.13484e-07 
