-0.0748671 0.694184 -1.52183 0.827647 0.0748671 -1.40287e-06 
-0.0351912 0.622484 -1.33909 0.716601 0.0351912 -1.23076e-06 
0.559947 -0.453013 1.40211 -0.949093 -0.559947 1.35091e-06 
-1.99247 -0.854101 0.204286 0.649815 1.99247 -4.98758e-08 
0.682605 0.241278 -0.283067 0.041789 -0.682605 1.15795e-06 
0.987543 -0.434823 1.29514 -0.860318 -0.987543 1.64183e-05 
-0.203939 2.73103 -4.62321 1.89218 0.203939 -5.37483e-05 
-0.0109887 -0.229219 0.380088 -0.15087 0.0109887 3.91375e-06 
-0.0611158 0.333824 -0.427158 0.0933338 0.0611158 -1.21854e-05 
2.55022 -0.282613 2.72876 -2.44614 -2.55022 -1.89134e-05 
-1.90823 -0.575817 0.144021 0.431796 1.90823 1.34767e-05 
-1.62212 0.32786 -1.60886 1.281 1.62212 3.17396e-05 
-0.0413392 -2.45132 5.23562 -2.78429 0.0413392 -3.28757e-05 
0.0199334 -0.282712 0.610242 -0.327529 -0.0199334 6.12111e-06 
-0.0132317 -2.36827 3.1108 -0.742532 0.0132317 0.000251943 
-0.000739701 0.22959 -0.0382499 -0.191341 0.000739701 -9.72024e-05 
-1.701e-05 0.114791 -0.267735 0.152944 1.701e-05 -3.1877e-05 
-2.17806e-05 -0.435093 0.763768 -0.328675 2.17806e-05 -7.22165e-06 
4.4547e-05 1.45692 -3.02782 1.5709 -4.4547e-05 4.21545e-05 
-1.30213e-05 -0.130849 0.484894 -0.354045 1.30213e-05 -1.2291e-05 
-9.17711e-07 -2.5229 5.37568 -2.85278 9.1771e-07 -1.85049e-06 
2.10227e-06 -2.56699 5.42697 -2.85997 -2.10227e-06 1.39551e-06 
1.00655e-07 0.529002 -1.12371 0.594704 -1.00655e-07 1.68732e-06 
-7.98428e-07 1.83262 -3.88067 2.04805 7.98429e-07 1.4454e-06 
-8.18831e-07 0.758714 -1.62103 0.862314 8.18832e-07 1.55422e-06 
1.11149e-06 1.38475 -2.94833 1.56358 -1.1115e-06 -3.46296e-06 
9.00622e-06 -0.620172 1.30002 -0.679849 -9.00624e-06 -2.1507e-05 
-0.000255167 6.12717 -13.6207 7.49351 0.000255168 0.000614315 
-0.00186512 -2.03044 2.79193 -0.76145 0.00186134 0.0045396 
-0.046556 5.13759 -3.35813 -1.76103 0.064874 0.0176416 
0.0418451 2.12757 -1.51398 -0.630003 -0.0581805 -0.0165279 
-1.24262 -2.20533 2.667 0.026331 1.72821 0.488217 
0.0849468 0.692113 -0.742212 0.0167401 -0.118138 -0.0333935 
0.0606735 0.0696719 -0.104791 0.0112909 -0.0843846 -0.023832 
0.416696 0.788945 -1.03259 0.0800009 -0.579536 -0.163692 
-0.463356 -1.00256 1.25917 -0.0746371 0.644432 0.182014 
-1.6234 -3.25754 4.19114 -0.296045 2.25781 0.637723 
0.971723 1.97244 -2.60415 0.250088 -1.35146 -0.381718 
1.54736 3.09107 -4.09608 0.397311 -2.15206 -0.607847 
1.77434 3.55342 -4.68585 0.435604 -2.46773 -0.697008 
0.742481 1.53851 -1.99636 0.33209 -0.867617 -0.12579 
0.119876 0.327911 -0.39703 0.389556 0.198979 0.320517 
-0.533253 -0.935852 1.29077 0.385578 1.2701 0.740687 
-1.04034 -1.91922 2.60326 0.373069 2.09223 1.05738 
-1.41565 -2.64955 3.57706 0.353056 2.6899 1.2809 
-1.47197 -2.77607 3.73875 0.270425 2.69976 1.23338 
-0.906255 -1.73066 2.32169 0.0378532 1.53557 0.628854 
-0.451146 -0.888629 1.18089 -0.142722 0.605469 0.149291 
-0.0947521 -0.228133 0.28667 -0.277103 -0.115915 -0.218969 
0.174248 0.271607 -0.38921 -0.370817 -0.652745 -0.488925 
0.366604 0.630327 -0.873582 -0.429109 -1.02797 -0.672925 
0.492499 0.866719 -1.19185 -0.456951 -1.26331 -0.78266 
-0.944543 -1.60576 2.09244 0.821899 2.31613 1.30536 
1.59572 2.83746 -3.96535 -1.27073 -3.9401 -2.40139 
2.53343 4.04988 -5.32572 -2.03631 -6.18366 -3.29492 
-2.0029 -4.2243 6.29052 1.59485 5.03967 3.69288 
-2.53689 -1.94138 1.28504 1.50907 5.83536 0.728098 
0.612881 1.0116 -1.4285 -0.320782 -1.48672 -0.730741 
2.70006 1.40109 -0.151351 -1.33596 -6.09176 0.082227 
2.36868 1.08212 0.155803 -1.16339 -5.32239 0.228843 
-0.053137 -0.064227 0.108629 0.00472226 0.0874393 0.00856837 
-1.24444 -0.607152 0.0418305 0.579818 2.78167 -0.0865647 
-1.37424 -0.656451 0.0138529 0.642861 3.11662 -0.0649437 
-1.27779 -0.605836 0.005275 0.596558 2.92647 -0.0356292 
0.765936 0.362377 -0.00208456 -0.357235 -1.76012 0.0160162 
0.634032 0.297014 0.00154297 -0.293762 -1.48385 -0.0115522 
0.250107 0.110272 0.00473253 -0.108878 -0.665004 -0.0804065 
-0.636933 -0.316204 0.00164572 0.31848 1.24782 -0.223333 
-2.39054 -1.15374 -0.0161685 1.16355 5.05274 -0.487788 
-2.92105 -1.40469 -0.0274342 1.42171 6.57141 -0.201107 
-1.2917 -0.612104 -0.0272905 0.630746 3.81929 0.820699 
0.869371 0.428276 -0.0241051 -0.405858 -0.168742 1.84236 
3.15695 1.52919 -0.0197151 -1.50374 -4.47898 2.83515 
2.11858 1.01625 0.0185896 -1.03102 -6.03344 -1.12466 
0.89143 0.412179 0.0536796 -0.464296 -7.04202 -4.97598 
-0.27123 -0.160115 0.0868292 0.0727105 -7.98807 -8.61538 
-0.713812 -0.368545 0.0743065 0.292909 -5.20021 -6.85357 
-0.348698 -0.162494 0.0013325 0.160617 2.68638 1.87734 
-0.0801895 -0.0198303 -0.036003 0.0558263 6.12262 5.93502 
0.0690212 0.0571657 -0.0512808 -0.005616 7.16176 7.31979 
0.109438 0.0732959 -0.0450015 -0.028011 5.78101 6.03345 
0.05942 0.038086 -0.0228452 -0.0151619 2.82701 2.96506 
0.0296356 0.0175796 -0.00847045 -0.00915085 0.812566 0.882479 
0.0107026 0.0051002 0.000418847 -0.00561618 -0.423137 -0.396814 
-0.00010957 -0.00143733 0.00523217 -0.00390113 -1.08132 -1.08019 
-0.00517376 -0.00384489 0.00719429 -0.00343501 -1.33684 -1.34782 
-0.00650487 -0.00366106 0.00734527 -0.0037332 -1.33816 -1.35274 
-0.00575992 -0.00215117 0.00654043 -0.00439717 -1.2074 -1.22078 
-0.00423809 -0.000307274 0.00545035 -0.00511445 -1.04029 -1.05058 
-0.00288062 0.00115188 0.00456091 -0.00565864 -0.906188 -0.91364 
-0.00227093 0.0017808 0.00417324 -0.00588943 -0.848091 -0.854253 
-0.00587518 -0.0340606 -0.015894 0.0491637 3.96097 3.95758 
-0.0639437 -0.0953538 0.0332097 0.0608022 -2.9463 -3.07839 
0.0118222 -0.0637568 0.0848906 -0.0195501 -8.10945 -8.10254 
0.476257 0.28056 0.0755477 -0.342639 -0.573877 0.364393 
-0.331389 -0.175804 0.0524961 0.112944 6.83765 6.19781 
-2.42252 -1.43077 -0.0240017 1.38629 2.7844 -1.98847 
2.07957 1.26355 -0.0629269 -1.14143 -5.0124 -0.920524 
5.1933 3.09626 -0.0474525 -2.90137 -10.0161 0.207575 
3.80252 2.31027 -0.0590057 -2.28626 -7.01721 0.308379 
-3.19689 -1.79848 -0.0442956 1.41703 6.29212 -0.378044 
-5.0574 -2.94042 -0.0391254 2.72574 9.8094 -0.352276 
-2.75435 -1.69619 -0.14143 2.64935 5.74142 0.758005 
2.24959 0.733486 -0.418971 4.73323 -2.91555 5.09513 
0.719771 1.13494 1.11318 -9.21786 -4.16137 -6.95613 
-0.414318 0.388297 0.806069 -7.1287 -1.35458 -5.94392 
-0.119212 -0.176086 -0.238153 1.47183 0.668211 1.05504 
-0.0232552 -0.338631 -0.526236 3.98915 1.23638 3.12419 
-0.00330362 -0.280689 -0.423724 3.37313 1.00816 2.66922 
-0.00877169 -0.187518 -0.25876 2.18752 0.659005 1.74167 
0.0419486 0.494497 0.635088 -5.60902 -1.71251 -4.48056 
0.117005 -0.202638 -0.58092 3.50023 0.896138 2.71735 
-6.87192e-05 -0.423293 -0.752845 6.35289 1.93066 5.17805 
0.18779 1.19201 1.19614 -12.0932 -3.80713 -9.70746 
-0.937845 0.478834 1.79375 -3.31416 0.549405 -1.04184 
0.699526 1.35372 -1.33073 0.077513 -0.662053 0.100508 
0.15944 1.44092 -2.95123 1.51033 -0.159235 0.00050232 
-1.21738 -1.49648 2.82374 -1.32717 1.21738 0.000130967 
-0.308511 -0.966221 1.93147 -0.965258 0.308511 -5.34437e-06 
-0.174237 -1.45651 3 -1.54349 0.174237 2.17728e-06 
