-0 0 -0 0 0 -0 
-0.0238805 0.24256 -0.529931 0.28737 0.0238805 -4.88247e-07 
0.0371742 0.331631 -0.668652 0.337021 -0.0371742 -6.0805e-07 
0.0153099 -0.0614979 0.141763 -0.0802652 -0.0153099 1.31673e-07 
-0.929417 -0.151368 -0.455572 0.60694 0.929417 -4.00524e-07 
0.414235 -0.0350951 0.173691 -0.138596 -0.414235 2.4411e-06 
-0.0231818 0.266766 -0.612508 0.345742 0.0231818 -3.73938e-06 
0.103427 -0.11515 0.132828 -0.0176782 -0.103427 5.42419e-06 
-0.0163518 0.208969 -0.447052 0.238083 0.0163518 -3.50382e-06 
-0.0136381 0.0703774 -0.499354 0.428976 0.0136381 6.70246e-06 
0.18478 0.0583902 -0.0143498 -0.0440403 -0.18478 -1.33813e-06 
0.309817 0.158664 -0.125022 -0.0336421 -0.309817 -1.26395e-06 
0.0529808 -0.0603577 -0.237836 0.298193 -0.0529808 -2.81428e-06 
0.00110838 0.134391 -0.297678 0.163286 -0.00110838 1.62962e-07 
-0.000694132 -0.213105 0.15966 0.0534454 0.000694132 1.29213e-05 
4.85371e-05 0.129881 -0.308831 0.178949 -4.85371e-05 -1.62127e-05 
-6.3446e-07 0.00445587 -0.0103632 0.00590728 6.3446e-07 -1.21716e-06 
-1.02177e-05 -0.0135642 0.0056941 0.00787007 1.02177e-05 -1.05514e-05 
2.4072e-06 -0.200084 0.293743 -0.0936591 -2.4072e-06 2.2034e-06 
1.12389e-06 0.466219 -1.02887 0.56265 -1.12389e-06 1.22556e-06 
-7.20654e-07 -0.0549997 0.107899 -0.0528992 7.20654e-07 -7.12435e-07 
-2.10082e-07 -1.1678 2.46614 -1.29834 2.10082e-07 -6.47217e-07 
1.49126e-07 -1.47239 3.10897 -1.63658 -1.49126e-07 -7.44651e-08 
-3.81441e-09 -1.00779 2.12458 -1.11678 3.81464e-09 4.95351e-07 
-2.76262e-07 -0.363347 0.760239 -0.396892 2.76263e-07 8.52148e-07 
-3.40162e-07 0.0637411 -0.149648 0.0859069 3.40162e-07 7.68765e-07 
1.22081e-06 0.314841 -0.686783 0.371942 -1.22081e-06 -3.15672e-06 
7.1694e-07 -0.407286 0.751229 -0.343942 -7.16863e-07 -1.66086e-06 
8.72848e-05 -0.608536 0.954656 -0.346118 -8.72928e-05 -0.000211492 
-0.00219218 -0.278707 0.530893 -0.251314 0.00305937 0.000806528 
-0.000112029 -0.00569062 0.00405012 0.00168446 0.000155763 4.4249e-05 
0.0132697 -0.188605 0.179865 0.00353115 -0.0184523 -0.00522863 
-0.001677 -0.018044 0.0190416 -0.000339094 0.00233222 0.00065945 
0.00517901 -0.00708375 0.00411427 0.000935449 -0.00720307 -0.00203365 
0.0767894 0.11883 -0.163541 0.0145538 -0.106798 -0.030164 
0.164787 0.276056 -0.373951 0.0331789 -0.229184 -0.0647336 
-0.327846 -0.717309 0.901433 -0.0553695 0.455964 0.128787 
-0.444057 -0.947081 1.1838 -0.0623252 0.61759 0.174439 
-0.0164861 -0.092302 0.0478178 0.0509587 0.0229284 0.0064777 
0.594329 1.12957 -1.56681 0.203835 -0.826587 -0.233467 
1.115 2.17802 -2.9449 0.345413 -1.53438 -0.421572 
1.22473 2.42352 -3.25535 0.461783 -1.59296 -0.370143 
1.14643 2.30631 -3.0842 0.600331 -1.3231 -0.177596 
0.861583 1.78906 -2.37892 0.735908 -0.716252 0.146088 
0.419739 0.966896 -1.26685 0.865652 0.14317 0.565843 
-0.126037 -0.0586478 0.115945 0.984687 1.16291 1.04225 
-0.546826 -0.856241 1.18842 1.03805 1.91112 1.37053 
-0.78587 -1.31779 1.8055 1.01788 2.28649 1.50584 
-0.880491 -1.51193 2.06039 0.941697 2.36799 1.4903 
-0.863874 -1.4997 2.03602 0.824983 2.22572 1.36128 
-0.765265 -1.33489 1.80543 0.681303 1.92142 1.15163 
-0.610176 -1.06445 1.4324 0.522401 1.50882 0.889923 
-0.495128 -0.858007 1.14393 0.421676 1.21725 0.706865 
-0.391432 -0.654832 0.828786 0.351796 0.957443 0.523699 
0.462148 0.799726 -1.15125 -0.334855 -1.13992 -0.686821 
0.588159 0.719221 -0.849389 -0.425695 -1.40474 -0.542578 
-0.21952 -0.399773 0.541612 0.129835 0.533591 0.269512 
-0.795385 -0.48692 0.139922 0.433256 1.80333 0.0392891 
-0.04022 0.00368903 -0.102541 0.0582673 0.084682 -0.0449172 
0.894273 0.456011 -0.0936369 -0.400304 -2.01898 0.0174528 
1.35604 0.656963 -0.0379208 -0.630535 -3.0608 0.06853 
1.07613 0.514563 -0.0126263 -0.502897 -2.44177 0.0489415 
0.592404 0.281536 -0.00349829 -0.276784 -1.35233 0.0204 
0.120533 0.0571341 -0.000477654 -0.056267 -0.276153 0.00326933 
0.204534 0.0968835 -0.00071479 -0.0954496 -0.469124 0.00508414 
0.459098 0.216863 -0.000860581 -0.213904 -1.05809 0.00675874 
0.627436 0.2946 0.000344507 -0.290847 -1.46442 -0.00801118 
0.578178 0.267249 0.00178035 -0.262974 -1.40349 -0.0593686 
0.0703216 0.0202875 -0.000222314 -0.0141236 -0.349955 -0.181771 
-0.927407 -0.460177 -0.00828295 0.471153 1.81851 -0.326274 
-1.80801 -0.882491 -0.0190898 0.90061 3.94618 -0.240801 
-1.88967 -0.918325 -0.0282707 0.94376 4.60924 0.231452 
-1.16228 -0.564674 -0.036237 0.598821 3.77788 1.0848 
-0.219854 -0.109967 -0.0369625 0.146546 1.92664 1.41707 
0.315174 0.143901 -0.0240117 -0.119316 -0.407828 0.322375 
0.423919 0.187933 0.00111121 -0.188299 -3.09094 -2.10847 
0.18406 0.0611644 0.0340621 -0.0949441 -5.79359 -5.36647 
-0.00872546 -0.0339458 0.0457088 -0.0118171 -5.96218 -5.9819 
-0.0811926 -0.0642425 0.0387687 0.0253301 -4.30829 -4.49645 
-0.0801198 -0.0558978 0.0226382 0.0331693 -1.87798 -2.06433 
-0.0431895 -0.0296631 0.00427186 0.0254141 0.573425 0.472035 
-0.0146023 -0.0108753 -0.00747561 0.0184359 2.08677 2.05148 
0.000918059 -0.00121715 -0.0128764 0.0141829 2.70965 2.71063 
0.00783405 0.00262261 -0.0141716 0.0116119 2.75911 2.77662 
0.00951956 0.00312781 -0.0130615 0.00995924 2.47629 2.49824 
0.00843805 0.00208706 -0.0107764 0.00867998 2.03529 2.05516 
0.00627025 0.000691296 -0.00814249 0.00741754 1.55249 1.5676 
0.00404182 -0.000368761 -0.00564792 0.00597289 1.09601 1.10605 
0.00225108 -0.00080509 -0.00350858 0.00427383 0.695133 0.700925 
0.000996655 -0.000634866 -0.00173408 0.00234427 0.349658 0.352314 
0.000105186 -8.29598e-05 -0.000193616 0.000273572 0.0393558 0.0396414 
0.00280591 -0.0060329 -0.00777027 0.013628 1.65129 1.66016 
-0.0108487 -0.0297077 -0.00523255 0.0343447 1.88212 1.86452 
-0.0274991 -0.0634899 0.0163659 0.0463926 -0.268688 -0.323475 
0.0451409 -0.0390172 0.0495513 -0.00888384 -2.47649 -2.39246 
0.182743 0.0519523 0.0695566 -0.116291 -0.546859 -0.1875 
-0.370768 -0.27294 0.0783425 0.183961 1.42719 0.698727 
-0.491586 -0.339838 0.0626194 0.263264 0.938579 -0.0291903 
0.729379 0.390894 0.0457603 -0.415921 -1.57133 -0.135784 
2.76247 1.60823 0.0247402 -1.56914 -5.389 0.0327072 
2.81301 1.66712 0.00540459 -1.69746 -5.40466 0.015228 
1.02904 0.643562 -0.00712986 -0.834111 -1.94534 -0.178637 
-0.215841 -0.093598 -0.0337214 0.00124856 0.525582 -0.131283 
-0.57233 -0.406537 -0.127026 1.32637 1.51755 0.781165 
0.124751 0.0387254 0.0349891 0.214796 -0.156721 0.291128 
0.112981 0.315706 0.431953 -3.16833 -1.15363 -2.41876 
0.0304017 0.344455 0.511423 -3.99146 -1.24354 -3.13558 
0.0082085 0.242553 0.357204 -2.87532 -0.867247 -2.27595 
0.00485657 0.128714 0.181792 -1.51306 -0.454823 -1.20283 
0.00291654 0.0461253 0.0616977 -0.531586 -0.161047 -0.423868 
0.00333579 0.0433166 0.0564538 -0.49417 -0.150446 -0.394498 
0.030606 0.114082 0.0973009 -1.1146 -0.367448 -0.903444 
0.0655548 -0.0522886 -0.248456 1.35978 0.329395 1.0593 
-0.0298392 0.205698 0.201455 -1.04439 -0.207808 -0.637395 
-0.0492333 0.241929 0.172002 -0.498429 0.0177213 -0.0845176 
0.228612 0.190678 -0.375613 0.182502 -0.229519 -0.00243414 
0.5025 0.680211 -1.29934 0.619127 -0.502502 -6.96681e-06 
0.297179 0.924679 -1.85412 0.929446 -0.297179 3.37411e-07 
0.069863 0.459757 -0.942413 0.482657 -0.069863 -6.85489e-07 
3.5878e-16 2.99917e-15 -6.17744e-15 3.17827e-15 -3.5878e-16 -4.48334e-21 
