-0 0 -0 0 0 -0 
-0.0304717 0.253838 -0.554082 0.300244 0.0304717 -5.06842e-07 
0.013892 0.381226 -0.793871 0.412645 -0.013892 -7.27413e-07 
0.184489 -0.00976121 0.138924 -0.129163 -0.184489 1.23309e-07 
-1.17606 0.0521571 -0.871526 0.819369 1.17606 -7.05688e-07 
-0.227724 0.0266077 -0.277177 0.250569 0.227724 4.63447e-07 
0.504883 -0.115147 0.310874 -0.195728 -0.504883 3.1171e-06 
-0.0211068 0.200832 -0.456856 0.256024 0.0211068 1.23965e-06 
0.178039 -0.125672 0.123132 0.00253988 -0.178039 -3.87256e-06 
-0.0129536 0.17836 -0.383888 0.205528 0.0129536 -1.26755e-07 
-0.0904273 0.118215 -0.311845 0.19363 0.0904273 -2.58737e-06 
0.894382 0.150925 -0.0115714 -0.139353 -0.894382 7.79437e-06 
-0.146092 0.020311 -0.353396 0.333085 0.146092 -2.50138e-06 
0.0214222 0.109831 -0.501443 0.391611 -0.0214222 5.58155e-07 
-0.00325216 -0.216005 0.286918 -0.0709123 0.00325216 -7.7907e-06 
0.00188463 0.44636 -1.10411 0.657747 -0.00188463 1.58922e-05 
-0.000386615 -0.102187 0.0984208 0.00376582 0.000386615 1.76539e-05 
-0.000118831 -0.699781 1.42799 -0.728214 0.000118831 -1.22195e-06 
-2.79181e-05 -0.877971 1.81381 -0.93584 2.79181e-05 -5.42529e-06 
1.09749e-05 -0.803218 1.66569 -0.86247 -1.09749e-05 -6.07425e-06 
2.15861e-05 -0.62139 1.29059 -0.669203 -2.15861e-05 -5.04997e-06 
1.90536e-05 -0.418104 0.868877 -0.450773 -1.90536e-05 -3.48902e-06 
1.18474e-05 -0.232249 0.482706 -0.250457 -1.18474e-05 -1.95058e-06 
3.69964e-06 -0.0695233 0.144494 -0.0749705 -3.69964e-06 -5.83688e-07 
1.22392e-05 -0.225476 0.4686 -0.243124 -1.22392e-05 -1.89056e-06 
3.08944e-05 -0.527817 1.09622 -0.568405 -3.08944e-05 -4.31101e-06 
2.42301e-05 -0.425748 0.878934 -0.453185 -2.42301e-05 -2.67723e-06 
-5.99985e-06 0.047321 -0.113644 0.0663229 5.99985e-06 1.75904e-06 
-2.56667e-05 0.374038 -0.800699 0.426661 2.56667e-05 1.41503e-06 
3.39747e-06 -0.0515782 0.083612 -0.0320338 -3.39746e-06 -1.01845e-05 
9.96591e-06 -0.221416 0.424729 -0.203313 -9.966e-06 -6.56541e-06 
-1.27658e-05 -0.234789 0.395324 -0.160535 1.27664e-05 3.246e-05 
-2.74076e-05 -0.63717 0.991581 -0.354408 2.78946e-05 6.37638e-05 
-0.00194937 -0.466496 0.581791 -0.114545 0.00271183 0.00081316 
-0.0118454 -0.466183 0.315169 0.155639 0.01654 0.00462566 
-0.0674626 -0.39874 0.447691 -0.0226198 0.0941996 0.0263458 
0.2133 0.282609 -0.479811 0.113937 -0.297842 -0.0832648 
0.0751674 0.112353 -0.159532 0.0178366 -0.10496 -0.0293431 
-0.0320147 -0.0728533 0.0972203 -0.0118695 0.0447038 0.0124973 
-0.00511651 -0.0111984 0.0149617 -0.00176598 0.00714446 0.0019973 
-0.0204275 -0.0438471 0.058588 -0.0067666 0.0285241 0.00797418 
-0.0492209 -0.103175 0.137738 -0.0153489 0.0687298 0.0192141 
-0.104472 -0.215263 0.286696 -0.0306501 0.14588 0.0407824 
-0.198096 -0.404562 0.537055 -0.0551615 0.276612 0.0773301 
-0.280002 -0.572074 0.756782 -0.0754042 0.390981 0.109303 
-0.264459 -0.548341 0.719913 -0.0683354 0.369278 0.103236 
-0.0247399 -0.0811174 0.0910302 -0.000254972 0.0345458 0.0096571 
0.396886 0.751117 -1.02146 0.11541 -0.554193 -0.154932 
0.870819 1.68782 -2.27202 0.244314 -1.21592 -0.339889 
1.16192 2.27352 -3.05176 0.363085 -1.58344 -0.415157 
1.18723 2.34625 -3.14453 0.459171 -1.53153 -0.339108 
1.12397 2.25266 -3.01461 0.575935 -1.31285 -0.186018 
0.924811 1.89943 -2.53657 0.692633 -0.868467 0.0554935 
0.609823 1.3247 -1.76157 0.808163 -0.232836 0.371294 
0.197859 0.564227 -0.737596 0.921502 0.561744 0.748133 
-0.259678 -0.286515 0.407139 1.02228 1.41971 1.1429 
-0.598112 -0.924126 1.26508 1.06822 2.02598 1.40918 
-0.812795 -1.33912 1.82353 1.06153 2.37501 1.54594 
-0.920329 -1.5611 2.12231 1.01008 2.50214 1.57129 
-0.93621 -1.61768 2.19856 0.921242 2.44033 1.50212 
-0.874856 -1.53458 2.08687 0.801827 2.22025 1.35412 
-0.749642 -1.33565 1.81933 0.658155 1.87033 1.14183 
-0.670608 -1.22145 1.66976 0.580678 1.65825 1.02899 
-0.525826 -1.03625 1.43647 0.486313 1.30525 0.886534 
0.0908463 0.0168412 -0.00273648 -0.00413995 -0.211671 0.00996477 
0.540815 1.03272 -1.51986 -0.42424 -1.34243 -0.911384 
-0.274762 0.259369 -0.802395 0.0797521 0.60346 -0.463274 
-0.301227 -0.348758 0.308342 0.25259 0.722656 0.212173 
1.5632 0.528251 0.327846 -0.658261 -3.64 0.197837 
2.73557 1.25562 0.0249124 -1.28746 -6.37217 -0.00693177 
2.08116 1.0007 -0.049034 -1.00415 -4.79728 -0.0524842 
0.983777 0.479342 -0.0233415 -0.485768 -2.19651 -0.0297675 
0.438421 0.215372 0.0232059 -0.249077 -0.716906 -0.0104991 
-1.07784 -0.544964 0.11757 0.463893 2.96894 0.0364991 
0.267893 0.137401 0.0288375 -0.171839 -0.329041 -0.0056008 
0.78248 0.435794 -0.0116818 -0.441287 -1.42008 -0.0171752 
0.401487 0.22853 -0.0159346 -0.221035 -0.710505 -0.00843984 
0.0455896 0.0264107 -0.00296558 -0.0243601 -0.0761863 -0.00091499 
0.0498215 0.0289947 -0.0035831 -0.0263987 -0.0818452 -0.000987086 
0.0773145 0.0461372 -0.00854823 -0.0390086 -0.114374 -0.0014197 
0.00516101 0.00838525 -0.0146435 0.0066914 0.0534632 0.000433189 
-0.285156 -0.150171 -0.0220025 0.179418 0.658204 0.00724452 
-0.994594 -0.541662 -0.0301259 0.595308 2.09986 0.0235193 
-2.11065 -1.15947 -0.0368847 1.24105 4.34936 0.0446926 
-2.25169 -1.23778 -0.0306564 1.29775 4.61363 0.029314 
-1.59491 -0.873201 -0.019319 0.88194 3.27304 -0.0105803 
-0.628399 -0.336476 -0.00741563 0.286374 1.31395 -0.0575178 
0.33859 0.200302 0.0026365 -0.300715 -0.641741 -0.0977765 
0.885724 0.502644 0.00463469 -0.607338 -1.7427 -0.100059 
1.07604 0.605847 0.00115532 -0.681775 -2.12067 -0.0747732 
1.04832 0.587758 -0.00413275 -0.623596 -2.05976 -0.0399711 
0.903181 0.504776 -0.00877581 -0.503759 -1.76558 -0.0077585 
0.708706 0.394986 -0.0113574 -0.368793 -1.37677 0.0148352 
0.505987 0.281304 -0.0113206 -0.244997 -0.976448 0.0249866 
0.314726 0.174615 -0.00878979 -0.142618 -0.603732 0.0232075 
0.138818 0.0769167 -0.00439296 -0.0600494 -0.26521 0.0124743 
0.132373 0.0733137 -0.00435438 -0.0563501 -0.25255 0.0126092 
0.833918 0.46004 -0.0370235 -0.302495 -1.57067 0.120522 
1.01833 0.551064 -0.105111 -0.046672 -1.78898 0.39928 
0.36618 0.178566 -0.176489 0.691309 -0.334113 0.693386 
-0.605437 -0.314507 -0.0441666 0.361103 1.35595 0.00242945 
-0.53467 -0.121191 0.510676 -3.07868 0.124774 -2.6892 
0.0753351 0.346253 0.978019 -6.28593 -2.0223 -4.96166 
0.231572 0.355811 0.716912 -4.74849 -1.85891 -3.67576 
0.113695 0.153344 0.237041 -1.72031 -0.71516 -1.32993 
0.0387042 0.0380368 -0.0542752 0.0397174 -0.0280859 0.0234788 
-0.0187331 -0.0539219 -0.321374 1.58465 0.56567 1.20936 
0.224378 0.265972 -0.0240134 -1.22166 -0.667452 -0.979702 
0.161857 0.190171 -0.26005 0.0762104 -0.158994 0.00633148 
0.466739 0.690841 -1.03925 0.348386 -0.46675 -2.4437e-05 
0.434678 1.09089 -1.89616 0.805273 -0.434678 1.58535e-06 
0.139282 0.652761 -1.23866 0.585903 -0.139282 2.48825e-07 
0.0507731 0.326633 -0.62618 0.299547 -0.0507731 6.02747e-07 
0.0318437 0.463851 -0.958262 0.494411 -0.0318437 -1.02324e-08 
0.00179832 -0.0281831 0.161421 -0.133238 -0.00179832 -1.77637e-07 
-0.00265851 -0.0784718 0.262716 -0.184245 0.00265851 -1.64992e-07 
-0.00350754 -0.0546041 0.390432 -0.335829 0.00350754 3.75953e-07 
0.0101596 0.168861 -0.173003 0.00414288 -0.0101596 -6.77057e-08 
0.0196981 0.309489 -0.47054 0.161051 -0.0196981 1.00632e-07 
1.9294e-16 3.02775e-15 -4.63608e-15 1.60833e-15 -1.9294e-16 1.03291e-21 
