0 0 0 0 0 0 
-0.00477584 0.0381429 -0.0833853 0.0452424 0.00477584 -7.62719e-08 
-0.0116887 0.140043 -0.302401 0.162358 0.0116887 -2.76724e-07 
0.0287544 0.202933 -0.408886 0.205953 -0.0287544 -3.75117e-07 
-0.0827531 0.190663 -0.454796 0.264132 0.0827531 -4.1287e-07 
-0.344168 0.2108 -0.677577 0.466776 0.344168 -4.91548e-07 
-0.272315 0.201355 -0.65838 0.457025 0.272315 1.70021e-09 
-0.228433 0.196834 -0.671256 0.474422 0.228433 7.64056e-07 
-0.21548 0.236261 -0.767708 0.531447 0.21548 4.01793e-07 
-0.184478 0.244493 -0.804596 0.560102 0.184478 -5.71201e-08 
-0.212263 0.287906 -0.90957 0.621664 0.212263 -5.3037e-07 
-0.0931192 0.327602 -0.955145 0.627543 0.0931192 1.64926e-07 
0.016689 0.351444 -1.00188 0.650432 -0.016689 9.85691e-07 
0.00103854 0.359765 -1.11571 0.755941 -0.00103854 6.80089e-07 
-0.000281198 0.345881 -1.14606 0.800177 0.000281198 -4.26567e-07 
-3.31011e-05 0.345272 -1.19264 0.847363 3.31011e-05 -3.25572e-07 
7.14994e-05 0.482931 -1.52752 1.04459 -7.14994e-05 6.94503e-06 
-8.93091e-06 0.320692 -1.20886 0.88817 8.93091e-06 8.74509e-06 
-2.90799e-05 0.0775881 -0.708889 0.6313 2.90799e-05 7.63907e-06 
-3.06469e-05 -0.176423 -0.182984 0.359407 3.06469e-05 5.86904e-06 
-2.53293e-05 -0.389496 0.259254 0.130242 2.53293e-05 4.1914e-06 
-1.90947e-05 -0.543853 0.579948 -0.0360949 1.90947e-05 2.91821e-06 
-1.44498e-05 -0.639886 0.779533 -0.139647 1.44498e-05 2.11367e-06 
-1.21357e-05 -0.684277 0.871794 -0.187517 1.21357e-05 1.74084e-06 
-1.08896e-05 -0.707459 0.919975 -0.212515 1.08896e-05 1.54632e-06 
-4.2232e-06 -0.825238 1.16469 -0.339453 4.2232e-06 5.68165e-07 
4.82089e-06 -0.979465 1.48438 -0.504917 -4.82089e-06 -5.92857e-07 
7.82946e-06 -1.04078 1.60873 -0.567944 -7.82946e-06 -7.34971e-07 
2.1669e-06 -0.963743 1.44273 -0.478982 -2.1669e-06 6.64147e-09 
-1.5343e-06 -0.90911 1.32214 -0.413034 1.5343e-06 -1.30139e-06 
2.17699e-06 -0.97153 1.44341 -0.471878 -2.17699e-06 -4.85991e-06 
-2.48439e-07 -1.01209 1.50935 -0.497257 2.48495e-07 2.05617e-07 
3.22697e-06 -1.13267 1.70494 -0.57227 -3.22515e-06 -7.87651e-06 
-4.53884e-06 -1.32342 1.98218 -0.65876 6.3047e-06 1.89577e-06 
-0.000368212 -1.40284 2.07689 -0.673903 0.000514914 0.000139795 
0.00374748 -1.50152 2.14823 -0.648174 -0.00523275 -0.0014632 
0.00621596 -1.61471 2.20429 -0.592003 -0.00867986 -0.00242558 
0.058097 -1.53458 2.08468 -0.572776 -0.0811241 -0.0226782 
0.058148 -1.54067 2.09203 -0.574063 -0.0811954 -0.0226982 
0.0547384 -1.54826 2.10217 -0.575278 -0.0764343 -0.0213672 
0.0511468 -1.55603 2.11256 -0.57649 -0.0714191 -0.0199652 
0.0412699 -1.57694 2.14049 -0.579653 -0.0576275 -0.0161096 
0.0192833 -1.62256 2.20131 -0.586277 -0.0269265 -0.00752682 
-0.024973 -1.71323 2.32185 -0.598872 0.034871 0.00974935 
-0.0972429 -1.86075 2.51734 -0.61863 0.135785 0.0379611 
-0.181927 -2.03467 2.74672 -0.641033 0.254035 0.071019 
-0.232248 -2.14289 2.88674 -0.653185 0.3243 0.0906622 
-0.179079 -2.04758 2.75411 -0.636622 0.250058 0.0699069 
0.00885032 -1.68607 2.26589 -0.583276 -0.012358 -0.00345471 
0.319092 -1.08167 1.45369 -0.492458 -0.441382 -0.120443 
0.672989 -0.385865 0.520458 -0.369817 -0.91182 -0.235224 
1.0201 0.304542 -0.404189 -0.215993 -1.34058 -0.31564 
1.3277 0.92757 -1.23718 -0.0274438 -1.66992 -0.33705 
1.55841 1.41177 -1.88271 0.195645 -1.83792 -0.275293 
1.68063 1.69668 -2.25973 0.452773 -1.7926 -0.110279 
1.67006 1.73556 -2.30562 0.742621 -1.49487 0.172562 
1.53929 1.54974 -2.04917 1.05471 -0.975946 0.555291 
1.32675 1.20824 -1.58323 1.37244 -0.315951 0.997456 
1.06672 0.772785 -0.99084 1.68134 0.413964 1.46328 
0.788713 0.296589 -0.343605 1.96921 1.1528 1.92219 
0.517811 -0.175053 0.297538 2.22596 1.84901 2.34845 
0.274956 -0.604212 0.881556 2.44347 2.45983 2.72082 
0.0738698 -0.965966 1.37505 2.61834 2.95902 3.02742 
-0.119431 -1.32815 1.87281 2.78924 3.43729 3.33389 
-0.19081 -1.49438 2.10748 2.8672 3.61668 3.48029 
-0.0791949 -1.31763 1.85802 2.79166 3.34301 3.33205 
-0.00998014 -1.07791 1.4499 2.71718 3.16049 3.08918 
-0.146628 -1.12654 1.39711 2.79455 3.47811 3.06511 
0.00582714 -1.13044 1.51777 2.75502 3.12803 3.14234 
0.707683 -0.832142 1.56337 2.43471 1.49116 3.16594 
1.44804 -0.483015 1.55573 2.08161 -0.226331 3.15432 
1.90306 -0.262561 1.54388 1.86004 -1.26398 3.14135 
2.12264 -0.155328 1.54208 1.74825 -1.72723 3.135 
1.96591 -0.232964 1.56691 1.80718 -1.22766 3.14113 
1.86716 -0.285684 1.58758 1.84276 -0.903535 3.14466 
2.04198 -0.19048 1.58919 1.74206 -1.20483 3.14077 
2.22873 -0.0853865 1.58439 1.63774 -1.54197 3.13674 
2.28919 -0.0507197 1.58138 1.60484 -1.64668 3.1355 
2.29668 -0.0463723 1.58087 1.60085 -1.65909 3.13535 
2.31706 -0.0343917 1.57909 1.59026 -1.69124 3.13495 
2.33295 -0.0242853 1.57567 1.58334 -1.70758 3.13473 
2.29879 -0.0412235 1.57026 1.60667 -1.61671 3.1357 
2.12227 -0.136431 1.56251 1.71388 -1.2341 3.13996 
1.65919 -0.390138 1.55246 1.98814 -0.272253 3.15046 
0.975236 -0.766139 1.54206 2.38658 1.13202 3.16251 
0.391705 -1.08646 1.5346 2.7175 2.32785 3.16564 
0.0574719 -1.26836 1.53063 2.89326 3.01712 3.15554 
0.0198107 -1.28558 1.53004 2.88748 3.10597 3.13195 
0.212655 -1.17502 1.53131 2.7453 2.72949 3.10159 
0.511144 -1.00642 1.53226 2.54933 2.14131 3.07517 
0.830858 -0.826808 1.53182 2.35304 1.51202 3.05806 
1.12282 -0.663376 1.52987 2.18465 0.939721 3.05114 
1.36298 -0.529336 1.52681 2.055 0.471619 3.05248 
1.54338 -0.428912 1.52338 1.96425 0.122259 3.05871 
1.66496 -0.361385 1.52033 1.9072 -0.111699 3.06615 
1.73203 -0.324198 1.51834 1.87748 -0.240102 3.07162 
1.75244 -0.312896 1.51768 1.86872 -0.279055 3.07351 
1.90145 -0.230517 1.51198 1.80966 -0.561669 3.09112 
2.19841 -0.0678985 1.49215 1.73787 -1.10673 3.16212 
2.42136 0.0495737 1.44861 1.83452 -1.45317 3.33271 
2.38112 0.0242719 1.40666 2.04938 -1.27389 3.48031 
2.17572 -0.063106 1.46604 1.72616 -0.962628 3.1291 
2.11663 -0.0205926 1.70175 0.241094 -1.29067 1.92225 
2.17303 0.0927279 1.96457 -1.47153 -1.91036 0.585768 
2.22687 0.169594 2.1056 -2.4299 -2.29684 -0.154701 
2.24811 0.196318 2.13162 -2.66659 -2.40127 -0.338653 
2.24928 0.191223 2.06953 -2.38603 -2.30594 -0.125275 
2.26642 0.204234 1.99437 -2.14233 -2.24098 0.0562654 
2.31858 0.263912 1.93179 -2.1892 -2.31564 0.00650766 
2.41793 0.394543 1.74688 -2.14139 -2.41792 3.35987e-05 
2.55949 0.662681 1.31016 -1.97284 -2.55949 1.86373e-08 
2.63946 0.929619 0.823439 -1.75306 -2.63946 -2.73225e-09 
2.66408 1.07 0.552568 -1.62257 -2.66408 -1.00729e-07 
2.67625 1.19998 0.287756 -1.48774 -2.67625 1.97136e-08 
2.68131 1.26908 0.159823 -1.42891 -2.68131 -1.93679e-08 
2.68052 1.24083 0.251293 -1.49213 -2.68052 -7.17555e-08 
2.68073 1.23561 0.335762 -1.57137 -2.68073 -6.40489e-08 
2.68031 1.23227 0.389069 -1.62134 -2.68031 -8.18383e-08 
2.68643 1.3294 0.250074 -1.57947 -2.68643 -6.30681e-08 
2.68946 1.37686 0.177565 -1.55443 -2.68946 -4.71216e-08 
