-0.0706298 -1.44573 3 -1.55427 0.0706298 -2.60591e-07 
0.264954 1.47548 -2.94049 1.46501 -0.264954 9.92498e-07 
3.08638 1.26009 -0.707174 -0.552913 -3.08638 4.42267e-06 
4.12886 1.42611 -0.279837 -1.14627 -4.12886 4.02194e-06 
-3.0006 -0.708964 -0.0996893 0.808653 3.0006 -5.68742e-07 
2.0753 0.560947 0.319267 -0.880214 -2.0753 8.93545e-06 
1.06643 1.82093 -2.01577 0.194848 -1.06643 -2.67691e-05 
-0.0227826 0.45565 -0.93937 0.48372 0.0227826 1.39564e-06 
0.163423 2.00279 -4.17711 2.17432 -0.163423 -2.47181e-06 
0.0187017 -0.343225 0.674611 -0.331386 -0.0187017 -5.01829e-07 
0.0154459 -0.813393 1.74293 -0.929535 -0.0154459 2.66036e-07 
-0.0153566 -0.633445 1.31213 -0.678689 0.0153566 4.80224e-07 
0.754325 -0.820944 3.4572 -2.63626 -0.754325 2.77604e-06 
-0.192969 -0.251764 0.349175 -0.0974244 0.192969 -2.7357e-06 
-1.54911 -2.67744 -2.30661 4.984 1.54911 -7.2621e-05 
-0.231182 -0.77003 2.15598 -1.38595 0.231182 -9.6297e-06 
0.0152774 0.796191 -1.93059 1.1344 -0.0152774 4.97222e-06 
0.0241381 0.181804 -0.961844 0.780042 -0.0241381 4.70581e-06 
-0.107605 -1.29635 3.58845 -2.2921 0.107605 9.59521e-08 
0.0772663 0.70167 -2.43065 1.72898 -0.0772663 -1.19788e-08 
