0 0 0 0 0 0 
-0.00174717 -0.00107941 0.00141972 -0.000340305 0.00174717 -5.27473e-08 
-0.000960241 -0.000433738 0.000443525 -9.78655e-06 0.000960241 -2.29949e-07 
0.00328722 0.00238811 -0.00342499 0.00103689 -0.00328722 -3.50703e-07 
0.00836592 0.00564092 -0.00779475 0.00215384 -0.00836592 -3.42372e-07 
0.0134195 0.00885082 -0.0120875 0.00323673 -0.0134195 -3.00789e-07 
0.0174881 0.0114424 -0.0155606 0.00411818 -0.0174881 -2.77093e-07 
0.0194669 0.012705 -0.0172557 0.00455066 -0.0194669 -2.68877e-07 
0.018243 0.0119207 -0.016203 0.00428222 -0.018243 -2.70796e-07 
0.0127037 0.00837146 -0.0114324 0.00306093 -0.0127037 -2.77506e-07 
0.00173609 0.00133918 -0.00197403 0.000634851 -0.00173609 -2.83661e-07 
-0.0147081 -0.0092105 0.0122206 -0.00301014 0.0147081 -2.85078e-07 
-0.0314636 -0.0199642 0.0266877 -0.00672351 0.0314636 -2.83251e-07 
-0.0417724 -0.0265856 0.0355845 -0.00899892 0.0417724 -2.81408e-07 
-0.0407558 -0.0259424 0.0346956 -0.00875318 0.0407558 -2.81765e-07 
-0.0296475 -0.0188184 0.0250978 -0.00627942 0.0296475 -2.83242e-07 
-0.0109212 -0.00679157 0.00894157 -0.00215001 0.0109212 -2.84088e-07 
0.0130299 0.00861095 -0.0116937 0.00308278 -0.0130299 -2.82659e-07 
0.0408013 0.0264893 -0.0356023 0.009113 -0.0408013 -2.7864e-07 
0.0716518 0.046364 -0.0621639 0.0157999 -0.0716518 -2.72604e-07 
0.104852 0.0677635 -0.0907692 0.0230057 -0.104852 -2.65139e-07 
0.139674 0.0902161 -0.120809 0.0305927 -0.139674 -2.56835e-07 
0.175387 0.11325 -0.151673 0.0384231 -0.175387 -2.48281e-07 
0.211263 0.136394 -0.182753 0.0463587 -0.211263 -2.4006e-07 
0.246579 0.159204 -0.213414 0.0542099 -0.246579 -2.32233e-07 
0.280624 0.181284 -0.242982 0.0616984 -0.280624 -2.23955e-07 
0.312689 0.202241 -0.270778 0.068537 -0.312689 -2.14294e-07 
0.342064 0.221684 -0.296123 0.0744389 -0.342064 -2.02314e-07 
0.368038 0.239221 -0.318338 0.0791168 -0.368038 -1.87082e-07 
0.389903 0.25446 -0.336744 0.0822836 -0.389903 -1.67664e-07 
0.406927 0.267005 -0.350674 0.0836692 -0.406927 -1.43207e-07 
0.417943 0.276355 -0.359735 0.0833799 -0.417943 -1.14656e-07 
0.421346 0.281911 -0.363806 0.0818943 -0.421346 -8.47336e-08 
0.415515 0.283067 -0.362774 0.0797064 -0.415515 -5.62354e-08 
0.399318 0.279478 -0.356841 0.0773636 -0.399318 -3.18583e-08 
0.375931 0.273078 -0.348958 0.0758805 -0.375931 -1.34164e-08 
0.350763 0.266984 -0.343499 0.0765145 -0.350763 -2.26598e-09 
0.329233 0.264319 -0.34484 0.0805215 -0.329233 2.45819e-10 
0.314728 0.26695 -0.355488 0.0885378 -0.314728 -6.25284e-09 
0.306215 0.274016 -0.373866 0.0998501 -0.306215 -2.00091e-08 
0.302076 0.284297 -0.397864 0.113567 -0.302076 -3.89905e-08 
0.300695 0.296571 -0.42537 0.128798 -0.300695 -6.11644e-08 
0.300766 0.309676 -0.454198 0.144522 -0.300766 -8.45807e-08 
0.30302 0.32282 -0.481683 0.158863 -0.30302 -1.07829e-07 
0.309009 0.335361 -0.504964 0.169603 -0.309009 -1.29717e-07 
0.320287 0.346657 -0.521179 0.174522 -0.320287 -1.49052e-07 
0.338243 0.356088 -0.527614 0.171526 -0.338243 -1.64546e-07 
0.361014 0.363427 -0.524429 0.161002 -0.361014 -1.73037e-07 
0.383773 0.368809 -0.514408 0.1456 -0.383773 -1.69651e-07 
0.402184 0.372482 -0.500596 0.128114 -0.402184 -1.51121e-07 
0.415302 0.375286 -0.486987 0.111702 -0.415302 -1.23661e-07 
0.423381 0.378259 -0.477885 0.0996266 -0.423381 -9.67763e-08 
0.426823 0.382028 -0.475676 0.0936485 -0.426823 -7.60959e-08 
0.426275 0.386519 -0.479473 0.0929542 -0.426275 -6.0618e-08 
0.422408 0.391586 -0.488065 0.096479 -0.422408 -4.8692e-08 
0.415894 0.397085 -0.500243 0.103158 -0.415894 -3.8667e-08 
0.407405 0.402873 -0.514799 0.111927 -0.407405 -2.88923e-08 
0.397612 0.408803 -0.530523 0.12172 -0.397612 -1.77171e-08 
0.38721 0.414744 -0.546247 0.131503 -0.38721 -3.71179e-09 
0.377189 0.420709 -0.561333 0.140624 -0.377189 1.16847e-08 
0.368749 0.426814 -0.575515 0.148701 -0.368749 2.5032e-08 
0.36309 0.43318 -0.588535 0.155356 -0.36309 3.28487e-08 
0.361415 0.439924 -0.600134 0.16021 -0.361415 3.16536e-08 
0.364926 0.447166 -0.610052 0.162887 -0.364926 1.79653e-08 
0.374785 0.454993 -0.617991 0.162998 -0.374785 -1.1538e-08 
0.391068 0.462669 -0.622539 0.15987 -0.391068 -5.58736e-08 
0.412666 0.468559 -0.621079 0.15252 -0.412666 -1.09366e-07 
0.437937 0.471201 -0.611515 0.140314 -0.437937 -1.65353e-07 
0.461502 0.470878 -0.596369 0.125491 -0.461502 -2.1129e-07 
0.476209 0.468697 -0.580348 0.111652 -0.476209 -2.31845e-07 
0.477215 0.465827 -0.567493 0.101666 -0.477215 -2.16525e-07 
0.467328 0.463629 -0.559596 0.0959668 -0.467328 -1.70908e-07 
0.451212 0.463479 -0.557853 0.094374 -0.451212 -1.04757e-07 
0.43619 0.466485 -0.562143 0.0956581 -0.43619 -3.63593e-08 
0.430872 0.47359 -0.571622 0.0980319 -0.430872 1.17891e-08 
0.438691 0.485315 -0.585941 0.100625 -0.438691 3.18129e-08 
0.457872 0.501765 -0.605259 0.103494 -0.457872 3.05393e-08 
0.485898 0.522825 -0.629495 0.10667 -0.485898 1.62085e-08 
0.518686 0.547783 -0.65777 0.109987 -0.518686 -6.01366e-10 
0.552153 0.576391 -0.689548 0.113157 -0.552153 -8.35533e-09 
0.58493 0.609853 -0.725556 0.115703 -0.58493 -8.49025e-10 
0.624793 0.650312 -0.767453 0.117141 -0.624793 6.79605e-10 
0.672018 0.698772 -0.815367 0.116595 -0.672018 2.70686e-09 
0.723369 0.756269 -0.868658 0.112389 -0.723369 -1.41599e-08 
0.779192 0.823429 -0.926002 0.102573 -0.779192 -1.59289e-08 
0.837019 0.89976 -0.984368 0.0846079 -0.837019 -3.38956e-09 
0.890286 0.977215 -1.03572 0.0585095 -0.890286 -4.37522e-08 
0.937082 1.05185 -1.07709 0.0252447 -0.937082 1.50545e-08 
0.978314 1.1233 -1.10847 -0.014837 -0.978314 -1.09357e-07 
1.01477 1.19116 -1.12983 -0.0613256 -1.01477 8.22496e-09 
1.04711 1.25494 -1.14118 -0.113765 -1.04711 1.07339e-09 
1.07592 1.31416 -1.1425 -0.17166 -1.07592 3.64738e-11 
1.10165 1.36829 -1.13381 -0.234483 -1.10165 3.39743e-11 
1.12471 1.41679 -1.11509 -0.3017 -1.12471 7.27346e-10 
1.1454 1.45914 -1.08636 -0.372778 -1.1454 4.12096e-09 
1.164 1.49483 -1.04764 -0.447198 -1.164 -7.45065e-08 
1.1807 1.52338 -0.998928 -0.524456 -1.1807 2.47474e-08 
1.19568 1.54433 -0.94026 -0.604074 -1.19568 -1.51538e-07 
1.20904 1.55725 -0.871696 -0.685558 -1.20904 -2.14344e-08 
1.22025 1.56176 -0.79793 -0.763826 -1.22025 -1.31765e-07 
1.22895 1.55934 -0.726615 -0.832724 -1.22895 5.9666e-10 
1.23561 1.55246 -0.660502 -0.891954 -1.23561 -5.64728e-08 
1.24078 1.54222 -0.598763 -0.943459 -1.24078 -3.10898e-08 
1.24489 1.53248 -0.544555 -0.987923 -1.24489 1.70637e-08 
1.24805 1.52115 -0.494994 -1.02616 -1.24805 1.88997e-08 
1.25072 1.50597 -0.443874 -1.06209 -1.25072 -1.13333e-08 
1.2529 1.49055 -0.396803 -1.09375 -1.2529 -5.05788e-08 
1.25448 1.47882 -0.360735 -1.11808 -1.25448 -8.35326e-08 
1.25554 1.47064 -0.334458 -1.13618 -1.25554 -1.08736e-07 
1.25623 1.4654 -0.315784 -1.14961 -1.25623 -1.26538e-07 
1.25659 1.46322 -0.304192 -1.15903 -1.25659 -1.36881e-07 
1.25662 1.4648 -0.300426 -1.16437 -1.25662 -1.39399e-07 
1.25632 1.4708 -0.305261 -1.16554 -1.25632 -1.33805e-07 
1.25595 1.48161 -0.319364 -1.16224 -1.25595 -1.22831e-07 
1.25607 1.49716 -0.34327 -1.15389 -1.25607 -1.12967e-07 
1.25698 1.51628 -0.375002 -1.14128 -1.25698 -1.08883e-07 
1.25813 1.53457 -0.405357 -1.12921 -1.25813 -1.09326e-07 
1.2589 1.54771 -0.425255 -1.12245 -1.2589 -1.12062e-07 
1.25916 1.55541 -0.434279 -1.12113 -1.25916 -1.15383e-07 
1.25895 1.55891 -0.43527 -1.12364 -1.25895 -1.17778e-07 
1.25833 1.55932 -0.43075 -1.12857 -1.25833 -1.17999e-07 
1.25734 1.55717 -0.421721 -1.13545 -1.25734 -1.16021e-07 
1.25604 1.55281 -0.40875 -1.14406 -1.25604 -1.1217e-07 
1.25448 1.5466 -0.392405 -1.1542 -1.25448 -1.06773e-07 
1.2527 1.53889 -0.373249 -1.16564 -1.2527 -1.00156e-07 
1.25077 1.53003 -0.351851 -1.17818 -1.25077 -9.26452e-08 
1.24873 1.52039 -0.328775 -1.19161 -1.24873 -8.45676e-08 
1.24662 1.51026 -0.304527 -1.20574 -1.24662 -7.61991e-08 
1.2444 1.49979 -0.27927 -1.22052 -1.2444 -6.75405e-08 
1.24202 1.48902 -0.253054 -1.23596 -1.24202 -5.84989e-08 
1.23942 1.478 -0.225928 -1.25207 -1.23942 -4.89814e-08 
1.23653 1.4668 -0.197942 -1.26885 -1.23653 -3.88951e-08 
1.2333 1.45545 -0.169145 -1.28631 -1.2333 -2.8147e-08 
1.22967 1.44404 -0.139599 -1.30444 -1.22967 -1.66498e-08 
1.22573 1.43323 -0.110851 -1.32238 -1.22573 -4.91782e-09 
1.22189 1.4249 -0.0872492 -1.33765 -1.22189 5.39722e-09 
1.21855 1.42105 -0.0734549 -1.34759 -1.21855 1.2517e-08 
1.21604 1.42328 -0.073144 -1.35014 -1.21604 1.49969e-08 
1.21397 1.43075 -0.0838631 -1.34688 -1.21397 1.34675e-08 
1.21172 1.44166 -0.100805 -1.34085 -1.21172 9.35706e-09 
1.20863 1.45424 -0.119182 -1.33506 -1.20863 4.08199e-09 
1.20411 1.4671 -0.134988 -1.33211 -1.20411 -1.33093e-09 
1.19755 1.47931 -0.1451 -1.33421 -1.19755 -6.29917e-09 
1.18857 1.48982 -0.146564 -1.34326 -1.18857 -9.87204e-09 
1.17812 1.49654 -0.137294 -1.35925 -1.17812 -8.23883e-09 
1.16776 1.49744 -0.116613 -1.38082 -1.16776 2.35979e-09 
1.15929 1.49402 -0.0911895 -1.40283 -1.15929 1.6215e-08 
1.15396 1.4894 -0.0697212 -1.41968 -1.15396 2.43262e-08 
1.15115 1.48667 -0.0570525 -1.42962 -1.15115 2.04478e-08 
1.14999 1.48848 -0.0563893 -1.43209 -1.14999 -1.36084e-09 
1.15005 1.49587 -0.0681643 -1.42771 -1.15005 -4.78765e-08 
1.15094 1.5093 -0.0913294 -1.41797 -1.15094 -1.25502e-07 
1.15135 1.52703 -0.11754 -1.40949 -1.15135 -2.36336e-07 
1.14981 1.54632 -0.13598 -1.41034 -1.14981 -3.78931e-07 
1.14619 1.56463 -0.142911 -1.42172 -1.14619 -5.41295e-07 
1.14109 1.57981 -0.138611 -1.4412 -1.14109 -7.07721e-07 
1.13581 1.59107 -0.128389 -1.46268 -1.13581 -8.66786e-07 
1.13176 1.59792 -0.11862 -1.47931 -1.13176 -1.00876e-06 
1.13001 1.599 -0.112788 -1.48621 -1.13001 -1.1253e-06 
1.13077 1.59632 -0.113555 -1.48276 -1.13077 -1.14617e-06 
1.13218 1.60096 -0.122579 -1.47838 -1.13218 -8.69166e-07 
1.13235 1.61395 -0.132371 -1.48158 -1.13235 -4.05085e-07 
1.13198 1.62239 -0.131154 -1.49124 -1.13198 -3.39601e-08 
1.132 1.62147 -0.12176 -1.49971 -1.132 1.06317e-07 
1.13213 1.61855 -0.117186 -1.50136 -1.13213 7.43705e-08 
1.13217 1.61786 -0.119025 -1.49884 -1.13217 1.17493e-08 
1.13207 1.62045 -0.126364 -1.49408 -1.13207 -2.18573e-08 
1.13186 1.62543 -0.137685 -1.48774 -1.13186 -3.34482e-08 
1.1316 1.63187 -0.151454 -1.48042 -1.1316 -3.14686e-08 
1.13131 1.63887 -0.166139 -1.47273 -1.13131 -2.43627e-08 
1.13102 1.64563 -0.180397 -1.46523 -1.13102 -1.86973e-08 
1.13076 1.65178 -0.193481 -1.4583 -1.13076 -1.51727e-08 
1.13054 1.65705 -0.204758 -1.45229 -1.13054 -1.33463e-08 
1.13037 1.66115 -0.213596 -1.44756 -1.13037 -1.27751e-08 
1.13025 1.66382 -0.219363 -1.44445 -1.13025 -1.30167e-08 
1.13021 1.66476 -0.221427 -1.44333 -1.13021 -1.36281e-08 
1.13026 1.66369 -0.219155 -1.44454 -1.13026 -1.41668e-08 
1.1304 1.66034 -0.211916 -1.44843 -1.1304 -1.41901e-08 
1.13065 1.65443 -0.199077 -1.45535 -1.13065 -1.32551e-08 
1.13103 1.64567 -0.18 -1.46567 -1.13103 -1.09295e-08 
1.13155 1.63362 -0.153748 -1.47987 -1.13155 -7.27807e-09 
1.13222 1.61758 -0.118961 -1.49862 -1.13222 -3.07501e-09 
1.13306 1.59685 -0.0742427 -1.52261 -1.13306 8.51249e-10 
1.1341 1.57072 -0.0182002 -1.55252 -1.1341 3.67224e-09 
1.13535 1.53868 0.050175 -1.58886 -1.13535 4.64316e-09 
1.13673 1.50218 0.127737 -1.62992 -1.13673 3.91944e-09 
1.13814 1.46386 0.208812 -1.67267 -1.13814 2.2048e-09 
1.13947 1.42638 0.287687 -1.71407 -1.13947 2.10759e-10 
1.14059 1.39242 0.35868 -1.7511 -1.14059 -1.35305e-09 
1.14142 1.36371 0.417896 -1.7816 -1.14142 -1.89538e-09 
1.1419 1.34058 0.464269 -1.80485 -1.1419 -1.01245e-09 
1.14198 1.32323 0.496984 -1.82022 -1.14198 1.68298e-09 
1.1416 1.31186 0.515228 -1.82709 -1.1416 6.57811e-09 
1.14076 1.30657 0.518552 -1.82512 -1.14076 1.35566e-08 
1.13999 1.30677 0.509207 -1.81598 -1.13999 1.87915e-08 
1.14002 1.31155 0.490654 -1.8022 -1.14002 1.67975e-08 
1.14147 1.31962 0.467044 -1.78667 -1.14147 3.04851e-09 
1.14437 1.32768 0.446169 -1.77385 -1.14437 -2.18644e-08 
1.14855 1.33184 0.436746 -1.76858 -1.14855 -5.54884e-08 
1.1533 1.33024 0.441725 -1.77196 -1.1533 -9.16911e-08 
1.1574 1.32294 0.458578 -1.78152 -1.1574 -1.20845e-07 
1.15974 1.31012 0.484691 -1.79481 -1.15974 -1.33956e-07 
1.15973 1.29211 0.518031 -1.81014 -1.15973 -1.254e-07 
1.15713 1.26965 0.556242 -1.82589 -1.15713 -9.23999e-08 
1.1537 1.24625 0.593118 -1.83936 -1.1537 -4.76216e-08 
1.15202 1.22652 0.620995 -1.84751 -1.15202 -1.02968e-08 
1.15363 1.21259 0.636262 -1.84885 -1.15363 9.21401e-09 
1.15917 1.20475 0.638589 -1.84334 -1.15917 7.41962e-09 
1.16621 1.19933 0.637442 -1.83677 -1.16621 -1.26058e-09 
1.171 1.19119 0.645877 -1.83707 -1.171 3.98915e-09 
1.17231 1.17964 0.665711 -1.84535 -1.17231 2.25943e-08 
1.17033 1.16543 0.694726 -1.86015 -1.17033 4.12378e-08 
1.16648 1.14959 0.729405 -1.87899 -1.16648 3.4314e-08 
1.16208 1.13325 0.766077 -1.89933 -1.16208 -1.63801e-08 
1.15791 1.11774 0.801054 -1.91879 -1.15791 -1.10205e-07 
1.15475 1.10408 0.830889 -1.93497 -1.15475 -2.30822e-07 
1.15352 1.0927 0.852617 -1.94531 -1.15352 -3.36387e-07 
1.15516 1.08365 0.864125 -1.94777 -1.15516 -3.87916e-07 
1.1605 1.07644 0.864965 -1.94141 -1.1605 -3.57554e-07 
1.16804 1.06926 0.863058 -1.93231 -1.16804 -2.60036e-07 
1.17463 1.0596 0.871413 -1.93102 -1.17463 -1.45635e-07 
1.17932 1.04744 0.891494 -1.93893 -1.17932 -4.937e-08 
1.18232 1.03345 0.920442 -1.9539 -1.18232 8.19324e-09 
1.18479 1.01838 0.953711 -1.97209 -1.18479 2.22464e-08 
1.18806 1.00171 0.989675 -1.99138 -1.18806 -4.12171e-08 
1.19347 0.981512 1.03054 -2.01205 -1.19347 -2.29649e-07 
1.20124 0.956806 1.07903 -2.03583 -1.20124 -4.03206e-07 
1.21032 0.928098 1.13674 -2.06484 -1.21032 -1.71149e-07 
1.22169 0.895434 1.20227 -2.0977 -1.22169 4.77609e-07 
1.23655 0.857785 1.2772 -2.13499 -1.23655 -2.32006e-06 
1.25346 0.819867 1.35245 -2.17233 -1.25346 7.30876e-06 
1.27025 0.786587 1.41815 -2.2047 -1.27026 -2.735e-05 
1.28628 0.758064 1.4743 -2.23249 -1.28627 0.000109317 
1.30112 0.734301 1.52064 -2.25457 -1.30115 -0.000310646 
1.31404 0.714967 1.5586 -2.27376 -1.31402 0.000168286 
1.32451 0.699905 1.58859 -2.29033 -1.32437 0.00157193 
1.33494 0.68722 1.61198 -2.29804 -1.33503 -0.000989519 
1.34494 0.67629 1.63128 -2.3019 -1.34537 -0.00484417 
1.35224 0.667535 1.6483 -2.31039 -1.35265 -0.00464778 
1.35666 0.660611 1.66406 -2.32501 -1.35664 0.000282513 
1.35951 0.654669 1.67915 -2.34289 -1.35882 0.00774115 
1.3619 0.649108 1.69367 -2.36101 -1.36052 0.0155607 
1.36421 0.644192 1.70624 -2.37611 -1.36226 0.0219179 
1.36666 0.640356 1.71516 -2.38488 -1.36443 0.025059 
1.36946 0.638039 1.71873 -2.38398 -1.36739 0.0232307 
1.37283 0.637643 1.71538 -2.37037 -1.37152 0.0148105 
1.3767 0.638985 1.70581 -2.34542 -1.37665 0.000533251 
1.38072 0.641372 1.69273 -2.31439 -1.38222 -0.0168252 
1.38458 0.644099 1.67885 -2.28259 -1.38765 -0.0344566 
1.3881 0.646623 1.66617 -2.2537 -1.39259 -0.0504443 
1.39128 0.64857 1.65587 -2.22968 -1.39695 -0.063816 
1.39409 0.649573 1.64911 -2.21241 -1.40064 -0.0736449 
1.39655 0.649287 1.64699 -2.20365 -1.40359 -0.0790598 
1.39867 0.647638 1.64971 -2.20368 -1.40578 -0.0799294 
1.40047 0.644742 1.65685 -2.21175 -1.40729 -0.0766477 
1.40199 0.640722 1.66799 -2.22707 -1.40819 -0.0696198 
1.40325 0.635699 1.68269 -2.24887 -1.40854 -0.059251 
1.40429 0.629795 1.70052 -2.27636 -1.4084 -0.0459463 
1.40514 0.623132 1.72105 -2.30876 -1.40783 -0.030111 
1.40582 0.615831 1.74386 -2.34529 -1.40692 -0.0121503 
1.40636 0.608014 1.7685 -2.38517 -1.40571 0.00753078 
1.4068 0.599803 1.79454 -2.42762 -1.40428 0.028527 
1.40716 0.591319 1.82157 -2.47185 -1.40269 0.0504331 
1.40748 0.582684 1.84913 -2.51709 -1.40101 0.072844 
1.40778 0.57402 1.87682 -2.56255 -1.39929 0.0953546 
1.40808 0.565435 1.90423 -2.60754 -1.39761 0.117611 
1.4084 0.556982 1.9312 -2.65177 -1.39597 0.139457 
1.40873 0.548702 1.95759 -2.69499 -1.39439 0.160785 
1.40907 0.540638 1.98326 -2.73699 -1.39288 0.181485 
1.40943 0.532831 2.00809 -2.77754 -1.39145 0.201449 
1.40981 0.525321 2.03193 -2.81643 -1.39011 0.220568 
1.4102 0.51815 2.05465 -2.85342 -1.38887 0.238734 
1.41062 0.51136 2.07612 -2.88829 -1.38774 0.255837 
1.41105 0.504991 2.09621 -2.92083 -1.38674 0.27177 
1.4115 0.499085 2.11478 -2.95079 -1.38587 0.286424 
1.41197 0.493683 2.13169 -2.97797 -1.38514 0.299689 
1.41246 0.488827 2.14682 -3.00214 -1.38458 0.311458 
1.41297 0.484557 2.16002 -3.02307 -1.38418 0.321622 
1.41351 0.480915 2.17117 -3.04055 -1.38396 0.330071 
1.41407 0.477943 2.18014 -3.05434 -1.38392 0.336698 
1.41466 0.475681 2.18677 -3.06422 -1.38409 0.341394 
1.41527 0.474171 2.19095 -3.06997 -1.38447 0.344049 
1.41591 0.473454 2.19254 -3.07137 -1.38507 0.344556 
1.41657 0.473571 2.19141 -3.06819 -1.38591 0.342806 
1.41727 0.474564 2.18741 -3.06021 -1.38698 0.33869 
1.41799 0.476474 2.18042 -3.0472 -1.38832 0.332099 
1.41875 0.479342 2.17031 -3.02895 -1.38991 0.322925 
1.41953 0.48321 2.15693 -3.00522 -1.39179 0.311059 
1.42035 0.488118 2.14016 -2.97579 -1.39395 0.296393 
1.4212 0.494109 2.11985 -2.94045 -1.39641 0.278816 
1.42208 0.50125 2.0958 -2.89882 -1.39919 0.258141 
1.42299 0.509648 2.06766 -2.85035 -1.4023 0.234061 
1.42393 0.519412 2.03508 -2.79447 -1.40576 0.206258 
1.42489 0.530653 1.99771 -2.73059 -1.4096 0.174416 
1.42587 0.54348 1.9552 -2.65813 -1.41384 0.138217 
1.42687 0.558005 1.90718 -2.57653 -1.4185 0.097344 
1.42788 0.574336 1.85332 -2.4852 -1.4236 0.0514799 
1.4289 0.592585 1.79326 -2.38357 -1.42916 0.000307344 
1.42993 0.61286 1.72665 -2.27106 -1.4352 -0.0564907 
1.43096 0.635273 1.65314 -2.14708 -1.44175 -0.119232 
1.43199 0.659933 1.57237 -2.01108 -1.44882 -0.188232 
1.43302 0.686951 1.48399 -1.86245 -1.45644 -0.26381 
1.43404 0.716435 1.38765 -1.70064 -1.46462 -0.346282 
1.43505 0.748457 1.28314 -1.52528 -1.47339 -0.435872 
1.43606 0.782824 1.17106 -1.3374 -1.48269 -0.532194 
1.43706 0.819239 1.05239 -1.1386 -1.49244 -0.634625 
1.43805 0.857408 0.928064 -0.930471 -1.50258 -0.742538 
1.43904 0.897033 0.799054 -0.714605 -1.51302 -0.855309 
1.44002 0.93782 0.666312 -0.492595 -1.52371 -0.972313 
1.441 0.979471 0.530795 -0.266034 -1.53455 -1.09292 
1.44197 1.02169 0.393459 -0.0365148 -1.54549 -1.21651 
1.44295 1.06419 0.255262 0.19437 -1.55643 -1.34246 
1.44392 1.10666 0.11716 0.425028 -1.56733 -1.47014 
1.4449 1.14881 -0.0198896 0.653866 -1.57808 -1.59892 
1.44588 1.19035 -0.154931 0.879292 -1.58864 -1.72819 
1.44686 1.23097 -0.287006 1.09971 -1.59891 -1.8573 
1.44784 1.27039 -0.415159 1.31353 -1.60884 -1.98565 
1.44883 1.30834 -0.538552 1.51936 -1.61834 -2.11266 
1.44982 1.34474 -0.656889 1.71671 -1.62741 -2.23802 
1.45082 1.37953 -0.770032 1.90534 -1.63603 -2.36151 
1.45182 1.41268 -0.877839 2.08502 -1.64418 -2.4829 
1.45283 1.44414 -0.980171 2.25551 -1.65187 -2.60196 
1.45384 1.47388 -1.07689 2.4166 -1.65907 -2.71845 
1.45486 1.50183 -1.16785 2.56803 -1.66578 -2.83215 
1.45589 1.52797 -1.25291 2.70959 -1.67199 -2.94283 
1.45691 1.55225 -1.33195 2.84103 -1.67769 -3.05026 
1.45795 1.57463 -1.4048 2.96213 -1.68286 -3.15421 
1.45899 1.59505 -1.47134 3.07265 -1.6875 -3.25444 
1.46004 1.61349 -1.53143 3.17236 -1.69159 -3.35074 
1.46109 1.62989 -1.58492 3.26103 -1.69513 -3.44286 
1.46215 1.64422 -1.63167 3.33843 -1.6981 -3.53059 
1.46321 1.65642 -1.67155 3.40431 -1.70049 -3.61368 
1.46428 1.66651 -1.70458 3.45873 -1.70231 -3.69187 
1.46535 1.67459 -1.73112 3.50228 -1.70359 -3.76479 
1.46642 1.6808 -1.75159 3.53567 -1.70435 -3.83206 
1.4675 1.68525 -1.76639 3.55958 -1.70464 -3.89329 
1.46856 1.68808 -1.77594 3.5747 -1.70447 -3.9481 
1.46963 1.68941 -1.78065 3.58171 -1.70389 -3.99612 
1.47069 1.68935 -1.78094 3.5813 -1.70293 -4.03695 
1.47173 1.68805 -1.7772 3.57416 -1.70162 -4.07023 
1.47277 1.68562 -1.76987 3.56098 -1.7 -4.09557 
1.47379 1.68219 -1.75934 3.54245 -1.69809 -4.11258 
1.47479 1.67788 -1.74602 3.51925 -1.69592 -4.12089 
1.47578 1.67282 -1.73034 3.49207 -1.69354 -4.12012 
1.47675 1.66713 -1.7127 3.46161 -1.69097 -4.10988 
1.47769 1.66095 -1.69351 3.42854 -1.68825 -4.0898 
1.47861 1.65439 -1.67318 3.39356 -1.68541 -4.05949 
1.47951 1.64757 -1.65211 3.3573 -1.68247 -4.0186 
1.48038 1.64056 -1.63051 3.32017 -1.67947 -3.96698 
1.48123 1.63344 -1.60859 3.28248 -1.67641 -3.90449 
1.48207 1.62625 -1.58655 3.24457 -1.67332 -3.83103 
1.48289 1.61907 -1.56457 3.20676 -1.67021 -3.74648 
1.4837 1.61195 -1.54286 3.16939 -1.66711 -3.65072 
1.48451 1.60497 -1.5216 3.13277 -1.66402 -3.54362 
1.48532 1.59817 -1.501 3.09724 -1.66096 -3.42509 
1.48612 1.59162 -1.48125 3.06313 -1.65796 -3.29498 
1.48694 1.58539 -1.46254 3.03075 -1.65504 -3.1532 
1.48776 1.57954 -1.44507 3.00045 -1.6522 -2.99961 
1.48859 1.57413 -1.42904 2.97255 -1.64946 -2.83411 
1.48945 1.56922 -1.41463 2.94737 -1.64686 -2.65657 
1.49032 1.56488 -1.40205 2.92524 -1.64439 -2.46688 
1.49121 1.56116 -1.39149 2.90649 -1.64208 -2.26492 
1.49213 1.55812 -1.38308 2.89135 -1.63995 -2.05086 
1.49307 1.55571 -1.37672 2.87965 -1.63798 -1.82591 
1.49402 1.5539 -1.37228 2.87115 -1.63617 -1.59149 
1.49498 1.55263 -1.36959 2.8656 -1.6345 -1.34905 
1.49594 1.55186 -1.36853 2.86277 -1.63297 -1.10001 
1.49689 1.55154 -1.36893 2.8624 -1.63157 -0.845824 
1.49782 1.55163 -1.37066 2.86426 -1.63028 -0.587913 
1.49874 1.55208 -1.37356 2.86809 -1.62909 -0.327715 
1.49963 1.55284 -1.37749 2.87367 -1.628 -0.0666655 
1.50048 1.55386 -1.38231 2.88073 -1.62699 0.193801 
1.50129 1.5551 -1.38786 2.88904 -1.62606 0.452251 
1.50205 1.55651 -1.394 2.89836 -1.62519 0.707247 
1.50276 1.55805 -1.40059 2.90844 -1.62438 0.957356 
1.5034 1.55967 -1.40748 2.91903 -1.62361 1.20114 
1.50398 1.56131 -1.41453 2.92991 -1.62287 1.43722 
1.50452 1.56299 -1.42165 2.94095 -1.62217 1.66463 
1.50507 1.56471 -1.42881 2.95209 -1.62153 1.88266 
1.50566 1.56648 -1.43596 2.96325 -1.62095 2.09058 
1.50633 1.56832 -1.44305 2.97438 -1.62045 2.28769 
1.50714 1.57024 -1.45004 2.9854 -1.62005 2.47327 
1.50812 1.57225 -1.45689 2.99626 -1.61974 2.64659 
1.50932 1.57436 -1.46355 3.0069 -1.61956 2.80695 
1.51077 1.5766 -1.46997 3.01723 -1.61951 2.95363 
1.51252 1.57896 -1.47611 3.02721 -1.6196 3.0859 
1.51462 1.58148 -1.48193 3.03675 -1.61984 3.20306 
1.51711 1.58414 -1.48738 3.04581 -1.62026 3.30438 
1.52002 1.58698 -1.49242 3.05432 -1.62086 3.38916 
1.5234 1.59 -1.49699 3.0622 -1.62165 3.45666 
1.5273 1.59322 -1.50106 3.06939 -1.62265 3.50619 
1.53174 1.59665 -1.50459 3.07584 -1.62387 3.53705 
1.53664 1.60017 -1.50756 3.08145 -1.6252 3.55004 
1.5417 1.60354 -1.51001 3.08613 -1.62637 3.54779 
1.54663 1.60648 -1.51197 3.08977 -1.6271 3.53308 
1.55112 1.60872 -1.5135 3.09227 -1.62713 3.50866 
1.55489 1.61 -1.51462 3.09352 -1.62617 3.47731 
1.55764 1.61006 -1.51538 3.09342 -1.62395 3.44179 
1.55906 1.60862 -1.51581 3.09187 -1.6202 3.40486 
1.5589 1.60544 -1.51596 3.08879 -1.61467 3.3692 
1.55723 1.60068 -1.51589 3.08436 -1.60751 3.33638 
1.5544 1.59472 -1.51568 3.079 -1.59916 3.30718 
1.55073 1.58798 -1.51541 3.07309 -1.59007 3.28235 
1.54658 1.58088 -1.51517 3.06705 -1.58067 3.26267 
1.54228 1.57383 -1.51503 3.06125 -1.5714 3.24888 
1.53818 1.56723 -1.51507 3.05612 -1.56271 3.24176 
1.53448 1.56134 -1.51536 3.05188 -1.55487 3.24164 
1.53119 1.55613 -1.51586 3.0485 -1.54785 3.24809 
1.52826 1.55157 -1.51656 3.04592 -1.54159 3.26064 
1.52567 1.5476 -1.51745 3.04406 -1.53605 3.27876 
1.52339 1.54417 -1.51851 3.04288 -1.53115 3.30198 
1.52139 1.54123 -1.51971 3.04229 -1.52685 3.3298 
1.51964 1.53873 -1.52104 3.04224 -1.52309 3.36171 
1.51809 1.53662 -1.52247 3.04266 -1.51981 3.39722 
1.51673 1.53484 -1.524 3.04348 -1.51696 3.43584 
1.51553 1.53336 -1.5256 3.04464 -1.51447 3.47706 
1.51445 1.53212 -1.52726 3.04607 -1.51229 3.5204 
1.51345 1.53107 -1.52894 3.04771 -1.51037 3.56535 
1.51252 1.53016 -1.53065 3.0495 -1.50864 3.61141 
1.51162 1.52934 -1.53235 3.05136 -1.50706 3.6581 
1.51071 1.52856 -1.53403 3.05323 -1.50555 3.70491 
1.50977 1.52777 -1.53567 3.05505 -1.50407 3.75135 
1.50877 1.52692 -1.53725 3.05675 -1.50257 3.79692 
1.50769 1.52599 -1.53876 3.05829 -1.501 3.84123 
1.50656 1.52499 -1.5402 3.05969 -1.49939 3.88404 
1.5054 1.52395 -1.54156 3.06095 -1.49775 3.92514 
1.50424 1.52289 -1.54284 3.06208 -1.49612 3.96433 
1.5031 1.52183 -1.54405 3.0631 -1.49451 4.00137 
1.50201 1.52079 -1.54518 3.06402 -1.49294 4.03606 
1.50098 1.51979 -1.54624 3.06484 -1.49144 4.06819 
1.50006 1.51887 -1.54721 3.06559 -1.49002 4.09753 
1.49925 1.51803 -1.5481 3.06627 -1.48871 4.12389 
1.4986 1.5173 -1.5489 3.06689 -1.48752 4.14703 
1.49811 1.51671 -1.54962 3.06747 -1.48649 4.16675 
1.49782 1.51627 -1.55026 3.06801 -1.48562 4.18283 
1.49775 1.516 -1.55081 3.06854 -1.48495 4.19506 
1.49792 1.51594 -1.55127 3.06905 -1.48449 4.20322 
1.49837 1.5161 -1.55165 3.06957 -1.48426 4.2071 
1.49911 1.51649 -1.55193 3.0701 -1.48429 4.20649 
1.50017 1.51716 -1.55213 3.07066 -1.4846 4.20116 
1.50158 1.51811 -1.55223 3.07125 -1.4852 4.19091 
1.50336 1.51937 -1.55223 3.07189 -1.48612 4.17553 
1.50554 1.52096 -1.55214 3.0726 -1.48739 4.15479 
1.50813 1.5229 -1.55196 3.07337 -1.48902 4.12848 
1.51117 1.52522 -1.55168 3.07423 -1.49103 4.09639 
1.51468 1.52794 -1.5513 3.07518 -1.49344 4.05831 
1.51868 1.53107 -1.55082 3.07624 -1.49628 4.01401 
1.52321 1.53465 -1.55024 3.07742 -1.49957 3.96329 
1.52828 1.53868 -1.54956 3.07873 -1.50333 3.90593 
1.53391 1.54321 -1.54877 3.08018 -1.50758 3.84172 
1.54015 1.54824 -1.54788 3.08178 -1.51234 3.77044 
1.547 1.5538 -1.54689 3.08355 -1.51763 3.69188 
1.5545 1.55991 -1.54579 3.0855 -1.52347 3.60582 
1.56266 1.56659 -1.54458 3.08763 -1.52989 3.51205 
1.57152 1.57387 -1.54326 3.08996 -1.53691 3.41035 
1.5811 1.58176 -1.54183 3.09251 -1.54454 3.30052 
1.59142 1.59029 -1.54029 3.09528 -1.55282 3.18233 
1.60252 1.59949 -1.53864 3.09828 -1.56175 3.05557 
1.6144 1.60937 -1.53687 3.10153 -1.57137 2.92003 
1.62711 1.61995 -1.53499 3.10503 -1.58169 2.77549 
1.64065 1.63126 -1.53299 3.10881 -1.59273 2.62174 
1.65507 1.64332 -1.53087 3.11287 -1.60452 2.45856 
1.67038 1.65615 -1.52864 3.11722 -1.61707 2.28576 
1.68648 1.66966 -1.52631 3.12183 -1.6303 2.10368 
1.70317 1.68367 -1.52391 3.12665 -1.64401 1.91327 
1.7202 1.69797 -1.52148 3.1316 -1.65799 1.71555 
1.73735 1.71235 -1.51907 3.13662 -1.67203 1.51152 
1.75438 1.72661 -1.51672 3.14164 -1.68591 1.30219 
1.77107 1.74055 -1.51445 3.14659 -1.69943 1.08856 
1.78719 1.75397 -1.51232 3.1514 -1.71238 0.871646 
1.8025 1.76665 -1.51035 3.156 -1.72455 0.652443 
1.81678 1.77841 -1.50859 3.16033 -1.73573 0.431959 
1.82979 1.78903 -1.50708 3.16432 -1.7457 0.2112 
1.84131 1.79831 -1.50586 3.16791 -1.75426 -0.00882743 
1.8511 1.80605 -1.50496 3.17101 -1.7612 -0.227119 
1.85894 1.81205 -1.50442 3.17357 -1.7663 -0.442669 
1.86459 1.8161 -1.50429 3.17552 -1.76936 -0.654471 
1.86783 1.818 -1.50459 3.17679 -1.77018 -0.861521 
1.86842 1.81754 -1.50538 3.17731 -1.76852 -1.06281 
1.86614 1.81452 -1.50668 3.17701 -1.7642 -1.25734 
1.86075 1.80875 -1.50854 3.17583 -1.757 -1.44411 
1.85219 1.80016 -1.51097 3.17375 -1.74686 -1.62252 
1.84058 1.78885 -1.51395 3.1708 -1.7339 -1.79241 
1.82605 1.77495 -1.51744 3.16702 -1.71822 -1.95366 
1.80871 1.75857 -1.52144 3.16244 -1.69997 -2.10614 
1.7887 1.73981 -1.52592 3.15711 -1.67925 -2.24973 
1.76615 1.7188 -1.53085 3.15105 -1.65618 -2.3843 
1.74117 1.69565 -1.53622 3.14431 -1.63089 -2.50972 
1.71391 1.67047 -1.542 3.13693 -1.6035 -2.62587 
1.68447 1.64337 -1.54816 3.12893 -1.57413 -2.73263 
1.653 1.61447 -1.55469 3.12037 -1.54289 -2.82986 
1.61962 1.58389 -1.56156 3.11127 -1.50992 -2.91744 
1.58445 1.55174 -1.56875 3.10167 -1.47532 -2.99525 
1.54762 1.51812 -1.57623 3.09161 -1.43923 -3.06316 
1.50926 1.48316 -1.58399 3.08113 -1.40176 -3.12104 
1.46949 1.44698 -1.592 3.07026 -1.36302 -3.16876 
1.42844 1.40967 -1.60024 3.05904 -1.32316 -3.20621 
1.38625 1.37136 -1.60869 3.04751 -1.28227 -3.23326 
1.34302 1.33216 -1.61732 3.0357 -1.24048 -3.2498 
1.29881 1.29211 -1.62612 3.02363 -1.19785 -3.25608 
1.25366 1.25124 -1.63509 3.0113 -1.15438 -3.25249 
1.20758 1.20957 -1.64423 2.99873 -1.11011 -3.23943 
1.16061 1.16712 -1.65353 2.98591 -1.06504 -3.21729 
1.11275 1.12391 -1.66299 2.97286 -1.01921 -3.18648 
1.06405 1.07996 -1.6726 2.95958 -0.972632 -3.14739 
1.01452 1.03528 -1.68236 2.94608 -0.925326 -3.10042 
0.964186 0.989914 -1.69226 2.93236 -0.877312 -3.04596 
0.913076 0.943866 -1.70231 2.91844 -0.828611 -2.98443 
0.861214 0.897162 -1.71249 2.9043 -0.779245 -2.9162 
0.808624 0.849822 -1.7228 2.88998 -0.729232 -2.84169 
0.755329 0.801867 -1.73324 2.87546 -0.678593 -2.76129 
0.701356 0.753318 -1.7438 2.86076 -0.627348 -2.6754 
0.646729 0.704195 -1.75449 2.84587 -0.575519 -2.58442 
0.591471 0.654519 -1.76528 2.83082 -0.523125 -2.48874 
0.535608 0.604311 -1.77619 2.81561 -0.470186 -2.38876 
0.479165 0.553592 -1.78721 2.80023 -0.416723 -2.28489 
0.422165 0.502382 -1.79833 2.7847 -0.362756 -2.17752 
0.364634 0.450703 -1.80955 2.76903 -0.308306 -2.06704 
0.306595 0.398574 -1.82086 2.75322 -0.253393 -1.95386 
0.248074 0.346018 -1.83226 2.73727 -0.198036 -1.83837 
0.189095 0.293053 -1.84375 2.7212 -0.142258 -1.72098 
0.129683 0.239703 -1.85532 2.70501 -0.0860766 -1.60208 
0.0698689 0.185992 -1.86697 2.68871 -0.029521 -1.48207 
0.00980516 0.132054 -1.87866 2.67233 0.0272675 -1.36139 
-0.0502635 0.0781013 -1.89037 2.65595 0.0840566 -1.24055 
-0.110089 0.0243496 -1.90204 2.63964 0.140612 -1.12001 
-0.169423 -0.0289852 -1.91363 2.62345 0.196698 -1.00026 
-0.228019 -0.0816872 -1.9251 2.60745 0.252081 -0.881803 
-0.285627 -0.133541 -1.93641 2.59172 0.306526 -0.765107 
-0.342001 -0.18433 -1.94751 2.57632 0.359797 -0.650663 
-0.396892 -0.233839 -1.95836 2.56131 0.411661 -0.538957 
-0.450052 -0.281852 -1.96893 2.54676 0.461883 -0.430474 
-0.501233 -0.328154 -1.97916 2.53274 0.510228 -0.3257 
-0.550187 -0.372528 -1.98901 2.51932 0.556461 -0.225121 
-0.596667 -0.414759 -1.99844 2.50656 0.600347 -0.129222 
-0.640424 -0.454631 -2.00741 2.49453 0.641653 -0.0384884 
-0.681211 -0.491929 -2.01588 2.48329 0.680142 0.0465937 
-0.718779 -0.526436 -2.02379 2.47292 0.715581 0.125539 
-0.752881 -0.557936 -2.03112 2.46348 0.747734 0.197861 
-0.783268 -0.586214 -2.03781 2.45503 0.776368 0.263076 
-0.809693 -0.611055 -2.04383 2.44764 0.801246 0.320696 
-0.83192 -0.632251 -2.04913 2.44138 0.822147 0.370252 
-0.849789 -0.649661 -2.05368 2.43629 0.838919 0.411368 
-0.863174 -0.663165 -2.05746 2.4324 0.851445 0.443711 
-0.871947 -0.672646 -2.06043 2.42976 0.859603 0.466943 
-0.875981 -0.677988 -2.06256 2.42838 0.863276 0.480731 
-0.875149 -0.679071 -2.06383 2.42832 0.862343 0.48474 
-0.869324 -0.675779 -2.0642 2.4296 0.856686 0.478633 
-0.858377 -0.667994 -2.06366 2.43226 0.846184 0.462077 
-0.842183 -0.655598 -2.06217 2.43634 0.830718 0.434735 
-0.820614 -0.638474 -2.0597 2.44186 0.81017 0.396274 
-0.793625 -0.616578 -2.05625 2.44884 0.784496 0.346535 
-0.762131 -0.590735 -2.05198 2.45704 0.754562 0.287447 
-0.727666 -0.562325 -2.04719 2.46602 0.721815 0.222275 
-0.691773 -0.53274 -2.04219 2.47537 0.687713 0.15431 
-0.655997 -0.503372 -2.03726 2.48466 0.653714 0.0868441 
-0.621882 -0.475612 -2.03272 2.49347 0.621275 0.0231661 
-0.590972 -0.450851 -2.02885 2.50138 0.591855 -0.0334332 
-0.564811 -0.430481 -2.02596 2.50796 0.56691 -0.0796634 
-0.544757 -0.415726 -2.0243 2.51284 0.547724 -0.112631 
-0.530915 -0.406683 -2.02391 2.51598 0.534395 -0.132113 
-0.522873 -0.402982 -2.02468 2.51751 0.526535 -0.138991 
-0.520218 -0.404254 -2.02654 2.51753 0.523752 -0.134149 
-0.522535 -0.410129 -2.02941 2.51615 0.525657 -0.118473 
-0.529393 -0.420221 -2.0332 2.51348 0.53184 -0.0928827 
-0.539415 -0.433363 -2.03767 2.5099 0.540999 -0.0601028 
-0.549865 -0.44726 -2.04237 2.50611 0.550537 -0.0254657 
-0.557899 -0.459529 -2.04686 2.50284 0.557754 0.00549256 
-0.560683 -0.467796 -2.05067 2.50084 0.559964 0.0272583 
-0.556514 -0.470649 -2.05351 2.50053 0.555551 0.0365407 
-0.545764 -0.468443 -2.05544 2.50181 0.544865 0.0341336 
-0.529074 -0.461774 -2.05653 2.50447 0.52851 0.0213905 
-0.50864 -0.452955 -2.05731 2.50783 0.508541 0.0037713 
-0.488527 -0.446371 -2.05882 2.51057 0.488746 -0.00831774 
-0.47052 -0.444638 -2.06165 2.5119 0.470748 -0.00867651 
-0.45191 -0.446468 -2.06542 2.51219 0.451922 -0.000454212 
-0.427148 -0.446254 -2.06843 2.51301 0.42708 0.00258765 
-0.393836 -0.443827 -2.07028 2.51434 0.393846 -0.000363024 
-0.352745 -0.443541 -2.071 2.51462 0.352748 -0.00012334 
-0.302299 -0.444952 -2.06858 2.51351 0.302299 2.73455e-05 
-0.243742 -0.449227 -2.06082 2.51003 0.243749 1.64364e-05 
-0.190209 -0.455958 -2.04863 2.50467 0.190148 -6.48682e-05 
-0.146049 -0.463835 -2.03415 2.4977 0.146272 0.000224468 
-0.111143 -0.471632 -2.0202 2.49224 0.110812 -0.000330668 
-0.084345 -0.478706 -2.00762 2.48761 0.0833071 -0.00103815 
-0.062617 -0.485313 -1.99345 2.47527 0.0654337 0.00281661 
-0.0475386 -0.490176 -1.98324 2.46697 0.0527423 0.00520366 
-0.0383761 -0.493139 -1.97981 2.47127 0.0397344 0.00135828 
-0.0340808 -0.495417 -1.97963 2.48283 0.0277963 -0.00628456 
-0.0331924 -0.497897 -1.97935 2.49515 0.018736 -0.0144564 
-0.0337596 -0.500786 -1.97705 2.50294 0.013489 -0.0202707 
-0.0343489 -0.504183 -1.97159 2.50283 0.0125 -0.0218488 
-0.0347988 -0.50804 -1.96325 2.49555 0.0152079 -0.0195909 
-0.0351276 -0.512287 -1.95255 2.48244 0.0209091 -0.0142185 
-0.0353537 -0.516855 -1.93999 2.46484 0.0289002 -0.00645343 
-0.0354952 -0.521675 -1.92609 2.44407 0.0384778 0.00298264 
-0.0355703 -0.526677 -1.91136 2.42148 0.0489398 0.0133695 
-0.0355934 -0.531774 -1.89626 2.39818 0.059703 0.0241096 
-0.0355718 -0.536849 -1.88123 2.37496 0.07039 0.0348182 
-0.0355122 -0.54178 -1.86666 2.35257 0.0806441 0.0451319 
-0.0354212 -0.546448 -1.85299 2.33173 0.0901084 0.0546872 
-0.0353057 -0.550731 -1.84061 2.3132 0.0984263 0.0631206 
-0.0351722 -0.55451 -1.82995 2.29771 0.105241 0.0700687 
-0.0350275 -0.557662 -1.82142 2.28602 0.110195 0.075168 
-0.0348782 -0.560068 -1.81543 2.27885 0.112933 0.078055 
-0.0347311 -0.561607 -1.81239 2.27696 0.113097 0.0783662 
-0.0345928 -0.562158 -1.81272 2.28108 0.110331 0.0757383 
-0.03447 -0.561601 -1.81682 2.29196 0.104282 0.0698118 
-0.0343705 -0.55985 -1.82497 2.31001 0.0947572 0.0603867 
-0.0343032 -0.55686 -1.83726 2.33528 0.0817701 0.0474669 
-0.0342771 -0.552589 -1.85374 2.36779 0.0653472 0.0310701 
-0.0343011 -0.546996 -1.87449 2.40754 0.0455151 0.011214 
-0.0343844 -0.540039 -1.89958 2.45455 0.0223005 -0.0120839 
-0.0345359 -0.531675 -1.92909 2.50883 -0.00426993 -0.0388058 
-0.0347583 -0.521981 -1.96273 2.56982 -0.0339072 -0.0686655 
-0.0350356 -0.511386 -1.99911 2.63519 -0.0655262 -0.100562 
-0.035348 -0.500388 -2.03664 2.70228 -0.0978914 -0.133239 
-0.0356757 -0.489485 -2.07375 2.76843 -0.129767 -0.165443 
-0.035999 -0.479173 -2.10884 2.83098 -0.159918 -0.195917 
-0.0362982 -0.46995 -2.14033 2.88728 -0.187108 -0.223407 
-0.0365534 -0.462313 -2.16662 2.93466 -0.210102 -0.246656 
-0.036745 -0.45676 -2.18614 2.97046 -0.227665 -0.26441 
-0.0368538 -0.453774 -2.19733 2.99211 -0.238596 -0.275449 
-0.0368718 -0.453544 -2.1996 2.9986 -0.242418 -0.27929 
-0.0368017 -0.455986 -2.19323 2.99039 -0.239332 -0.276134 
-0.0366467 -0.461004 -2.17852 2.96803 -0.229561 -0.266207 
-0.0364096 -0.468504 -2.15578 2.93202 -0.213329 -0.249739 
-0.0360937 -0.478392 -2.12531 2.88291 -0.190862 -0.226956 
-0.0357019 -0.490571 -2.08744 2.82121 -0.162383 -0.198085 
-0.0352374 -0.504948 -2.04246 2.74745 -0.128118 -0.163355 
-0.0347031 -0.521428 -1.99068 2.66215 -0.0882902 -0.122993 
-0.0341021 -0.539915 -1.93242 2.56585 -0.0431246 -0.0772266 
-0.0334374 -0.560314 -1.86798 2.45907 0.00715459 -0.0262829 
-0.0327123 -0.582532 -1.79767 2.34234 0.0623227 0.0296104 
-0.0319296 -0.606473 -1.7218 2.21617 0.122155 0.0902257 
-0.0310924 -0.632041 -1.64068 2.08111 0.186428 0.155335 
-0.0302044 -0.659128 -1.55466 1.93775 0.254909 0.224705 
-0.0292697 -0.687604 -1.46416 1.78678 0.327361 0.298092 
-0.0282927 -0.71734 -1.36959 1.62891 0.403545 0.375252 
-0.0272774 -0.748208 -1.27137 1.46483 0.48322 0.455943 
-0.0262282 -0.780077 -1.16991 1.29525 0.566149 0.53992 
-0.0251494 -0.812819 -1.06563 1.12087 0.652091 0.626942 
-0.0240451 -0.846303 -0.958951 0.942379 0.740809 0.716764 
-0.0229197 -0.880401 -0.850283 0.760488 0.832062 0.809142 
-0.0217774 -0.914983 -0.740043 0.575893 0.925612 0.903834 
-0.0206224 -0.94992 -0.628648 0.389296 1.02122 1.0006 
-0.0194589 -0.985083 -0.516514 0.201395 1.11865 1.09919 
-0.0182913 -1.02034 -0.404056 0.0128907 1.21765 1.19936 
-0.0171238 -1.05557 -0.291692 -0.175516 1.318 1.30087 
-0.0159606 -1.09063 -0.179835 -0.363125 1.41944 1.40348 
-0.0148059 -1.1254 -0.0689041 -0.549237 1.52175 1.50694 
-0.0136641 -1.15975 0.0406868 -0.733152 1.62468 1.61102 
-0.0125388 -1.19356 0.148576 -0.914263 1.72804 1.7155 
-0.0114325 -1.22677 0.254513 -1.09215 1.83172 1.82028 
-0.0103476 -1.25929 0.35826 -1.26641 1.93561 1.92526 
-0.00928659 -1.29105 0.45958 -1.43665 2.03961 2.03033 
-0.00825178 -1.32197 0.558235 -1.60247 2.14363 2.13538 
-0.00724559 -1.35199 0.653987 -1.76348 2.24757 2.24032 
-0.00627042 -1.38103 0.746599 -1.91926 2.35132 2.34505 
-0.00532866 -1.40902 0.835834 -2.06944 2.45479 2.44946 
-0.00442272 -1.43588 0.921453 -2.2136 2.55787 2.55345 
-0.003555 -1.46154 1.00322 -2.35134 2.66046 2.65691 
-0.00272789 -1.48592 1.0809 -2.48228 2.76247 2.75975 
-0.00194378 -1.50895 1.15425 -2.60602 2.8638 2.86185 
-0.00120508 -1.53056 1.22303 -2.72214 2.96433 2.96313 
-0.000514186 -1.55067 1.28701 -2.83026 3.06398 3.06347 
0.000126507 -1.56922 1.34595 -2.92998 3.16264 3.16277 
0.000714601 -1.58612 1.39961 -3.0209 3.26022 3.26093 
0.0012477 -1.6013 1.44776 -3.10262 3.3566 3.35785 
0.00172399 -1.61471 1.49022 -3.17485 3.45164 3.45336 
0.0021447 -1.62639 1.52713 -3.23783 3.54483 3.54697 
0.00251199 -1.63642 1.55874 -3.29196 3.63557 3.63808 
0.00282804 -1.64488 1.5853 -3.33767 3.72326 3.72609 
0.00309504 -1.65185 1.60706 -3.37536 3.80731 3.81041 
0.00331515 -1.65739 1.62426 -3.40545 3.88712 3.89044 
0.00349055 -1.66159 1.63714 -3.42834 3.96208 3.96558 
0.00362342 -1.66453 1.64596 -3.44444 4.03161 4.03523 
0.00371593 -1.66628 1.65096 -3.45417 4.09508 4.0988 
0.00377025 -1.66692 1.65238 -3.45794 4.15192 4.15569 
0.00378857 -1.66652 1.65048 -3.45616 4.20152 4.20531 
0.00377306 -1.66517 1.6455 -3.44924 4.24328 4.24705 
0.0037259 -1.66293 1.63769 -3.43759 4.27659 4.28032 
0.00364926 -1.65989 1.62729 -3.42163 4.30087 4.30452 
0.00354531 -1.65613 1.61456 -3.40176 4.31552 4.31906 
0.00341624 -1.65171 1.59973 -3.37839 4.31992 4.32334 
0.00326422 -1.64672 1.58305 -3.35194 4.31355 4.31681 
0.00309142 -1.64123 1.56474 -3.32277 4.29623 4.29932 
0.00290002 -1.6353 1.54504 -3.29126 4.26793 4.27083 
0.0026922 -1.629 1.52414 -3.25778 4.22863 4.23132 
0.00247014 -1.62241 1.50228 -3.22267 4.1783 4.18077 
0.00223601 -1.61558 1.47968 -3.18632 4.11692 4.11916 
0.00199199 -1.6086 1.45654 -3.14908 4.04446 4.04645 
0.00174025 -1.60152 1.4331 -3.11133 3.96089 3.96263 
0.00148298 -1.59441 1.40956 -3.07342 3.86619 3.86767 
0.00122234 -1.58734 1.38616 -3.03573 3.76033 3.76155 
0.000960525 -1.58039 1.3631 -2.99862 3.64329 3.64425 
0.000699698 -1.57362 1.34061 -2.96245 3.51503 3.51573 
0.000442041 -1.56709 1.3189 -2.92759 3.37554 3.37598 
0.00018973 -1.56088 1.2982 -2.89441 3.22478 3.22497 
-5.50592e-05 -1.55505 1.27872 -2.86327 3.06273 3.06268 
-0.000290149 -1.54968 1.26069 -2.83453 2.88937 2.88908 
-0.000513365 -1.54482 1.24431 -2.80857 2.70466 2.70415 
-0.000723155 -1.54052 1.22973 -2.78559 2.50895 2.50823 
-0.000919347 -1.53677 1.21687 -2.7655 2.30335 2.30243 
-0.00110196 -1.53352 1.20565 -2.74813 2.08908 2.08798 
-0.001271 -1.53076 1.19597 -2.73333 1.86738 1.86611 
-0.00142649 -1.52844 1.18774 -2.72095 1.63948 1.63806 
-0.00156844 -1.52655 1.18086 -2.71084 1.4066 1.40503 
-0.00169687 -1.52505 1.17526 -2.70283 1.16997 1.16828 
-0.0018118 -1.52391 1.17083 -2.69678 0.930823 0.929011 
-0.00191323 -1.52311 1.16748 -2.69253 0.690379 0.688466 
-0.00200119 -1.5226 1.16512 -2.68992 0.44987 0.447869 
-0.00207569 -1.52238 1.16366 -2.68882 0.210523 0.208448 
-0.00213674 -1.52239 1.16301 -2.68904 -0.0264327 -0.0285693 
-0.00218436 -1.52262 1.16308 -2.69046 -0.25977 -0.261955 
-0.00221857 -1.52304 1.16376 -2.69291 -0.488262 -0.49048 
-0.00223938 -1.52361 1.16498 -2.69623 -0.710678 -0.712918 
-0.0022468 -1.52431 1.16664 -2.70028 -0.925793 -0.92804 
-0.00224085 -1.52511 1.16865 -2.70489 -1.13238 -1.13462 
-0.00222155 -1.52597 1.17091 -2.70992 -1.3292 -1.33142 
-0.00218896 -1.52688 1.17334 -2.71522 -1.51515 -1.51734 
-0.00214348 -1.52781 1.1759 -2.72073 -1.68994 -1.69208 
-0.00208568 -1.52877 1.17858 -2.72642 -1.85368 -1.85576 
-0.00201615 -1.52974 1.18135 -2.73226 -2.0065 -2.00851 
-0.00193544 -1.53073 1.18421 -2.73823 -2.1485 -2.15044 
-0.00184414 -1.53173 1.18714 -2.74429 -2.27982 -2.28167 
-0.00174282 -1.53274 1.19012 -2.75043 -2.40057 -2.40232 
-0.00163205 -1.53374 1.19313 -2.75662 -2.51087 -2.5125 
-0.00151241 -1.53474 1.19617 -2.76282 -2.61084 -2.61235 
-0.00138447 -1.53573 1.1992 -2.76901 -2.70059 -2.70197 
-0.0012488 -1.53671 1.20223 -2.77517 -2.78024 -2.78149 
-0.00110597 -1.53767 1.20523 -2.78127 -2.84991 -2.85102 
-0.000956564 -1.53861 1.20818 -2.78728 -2.90973 -2.91068 
-0.000801149 -1.53953 1.21108 -2.79318 -2.9598 -2.9606 
-0.000640299 -1.54041 1.21389 -2.79893 -3.00025 -3.00089 
-0.000474587 -1.54125 1.21662 -2.80452 -3.0312 -3.03168 
-0.000304588 -1.54205 1.21924 -2.80991 -3.05276 -3.05307 
-0.000130874 -1.54281 1.22173 -2.81507 -3.06506 -3.06519 
4.59817e-05 -1.54352 1.22409 -2.81999 -3.0682 -3.06816 
0.000225405 -1.54417 1.22629 -2.82463 -3.06232 -3.06209 
0.000406824 -1.54477 1.22832 -2.82897 -3.04752 -3.04711 
0.000589664 -1.5453 1.23016 -2.83298 -3.02393 -3.02334 
0.000773386 -1.54576 1.2318 -2.83664 -2.99169 -2.99091 
0.000957656 -1.54616 1.23324 -2.83995 -2.95106 -2.9501 
0.00114222 -1.54649 1.23449 -2.84291 -2.90236 -2.90121 
0.00132682 -1.54676 1.23555 -2.84555 -2.8459 -2.84457 
0.00151121 -1.54697 1.23643 -2.84788 -2.782 -2.78049 
0.00169513 -1.54712 1.23714 -2.8499 -2.71099 -2.70929 
0.00187832 -1.54722 1.23768 -2.85162 -2.63316 -2.63128 
0.00206054 -1.54727 1.23805 -2.85307 -2.54885 -2.54679 
0.00224152 -1.54726 1.23828 -2.85424 -2.45836 -2.45612 
0.00242101 -1.54721 1.23835 -2.85515 -2.36201 -2.35959 
0.00259876 -1.54711 1.23828 -2.85581 -2.26012 -2.25752 
0.00277451 -1.54697 1.23808 -2.85624 -2.15301 -2.15023 
0.00294801 -1.54678 1.23774 -2.85644 -2.04098 -2.03803 
0.003119 -1.54656 1.23728 -2.85642 -1.92436 -1.92124 
0.00328723 -1.5463 1.23671 -2.8562 -1.80346 -1.80017 
0.00345244 -1.54601 1.23602 -2.85579 -1.6786 -1.67515 
0.00361438 -1.54569 1.23524 -2.8552 -1.5501 -1.54648 
0.0037728 -1.54533 1.23435 -2.85444 -1.41826 -1.41449 
0.00392744 -1.54495 1.23337 -2.85352 -1.28341 -1.27948 
0.00407804 -1.54455 1.23231 -2.85245 -1.14586 -1.14178 
0.00422435 -1.54412 1.23117 -2.85125 -1.00593 -1.00171 
0.00436612 -1.54368 1.22996 -2.84992 -0.863937 -0.859571 
0.00450309 -1.54321 1.22868 -2.84848 -0.720192 -0.715689 
0.004635 -1.54274 1.22735 -2.84694 -0.575014 -0.570379 
0.00476161 -1.54225 1.22596 -2.8453 -0.428718 -0.423956 
0.00488266 -1.54174 1.22452 -2.84359 -0.281621 -0.276738 
0.00499789 -1.54124 1.22305 -2.84181 -0.134038 -0.12904 
0.00510705 -1.54072 1.22154 -2.83998 0.0137136 0.0188207 
0.00520988 -1.5402 1.22 -2.83809 0.161319 0.166529 
0.00530613 -1.53968 1.21845 -2.83618 0.308461 0.313767 
0.00539554 -1.53917 1.21687 -2.83424 0.454825 0.46022 
0.00547784 -1.53865 1.2153 -2.83229 0.600095 0.605573 
0.00555235 -1.53814 1.21371 -2.83033 0.743991 0.749543 
0.00561802 -1.53764 1.21212 -2.82837 0.88626 0.891878 
0.00567379 -1.53715 1.21053 -2.82641 1.02665 1.03233 
0.0057186 -1.53666 1.20893 -2.82444 1.16492 1.17064 
0.00575137 -1.53619 1.20733 -2.82248 1.30081 1.30656 
0.00577106 -1.53572 1.20572 -2.82051 1.43406 1.43984 
0.0057766 -1.53527 1.20411 -2.81855 1.56444 1.57022 
0.00576693 -1.53483 1.20249 -2.81658 1.69169 1.69746 
0.00574099 -1.5344 1.20087 -2.81463 1.81557 1.82131 
0.00569771 -1.53399 1.19924 -2.81267 1.93581 1.9415 
0.00563603 -1.5336 1.19761 -2.81073 2.05216 2.0578 
0.00555489 -1.53322 1.19597 -2.80879 2.16439 2.16995 
0.00545324 -1.53286 1.19433 -2.80686 2.27224 2.27769 
0.00533 -1.53252 1.19269 -2.80494 2.37545 2.38078 
0.00518411 -1.5322 1.19104 -2.80303 2.47378 2.47896 
0.00501452 -1.5319 1.18938 -2.80113 2.56698 2.57199 
0.00482016 -1.53162 1.18773 -2.79925 2.65479 2.65961 
0.00459997 -1.53137 1.18606 -2.79738 2.73696 2.74156 
0.00435289 -1.53114 1.1844 -2.79552 2.81326 2.81761 
0.00407786 -1.53093 1.18272 -2.79369 2.88341 2.88749 
0.00377381 -1.53076 1.18105 -2.79187 2.94718 2.95096 
0.00343968 -1.53061 1.17937 -2.79007 3.00431 3.00775 
0.00307441 -1.53049 1.17768 -2.78829 3.05456 3.05763 
0.00267694 -1.53039 1.176 -2.78653 3.09767 3.10034 
0.00224621 -1.53033 1.1743 -2.7848 3.13339 3.13563 
0.00178115 -1.53031 1.17261 -2.78309 3.16147 3.16325 
0.0012807 -1.53031 1.1709 -2.7814 3.18166 3.18294 
0.000743811 -1.53035 1.1692 -2.77974 3.19371 3.19445 
0.000169407 -1.53042 1.16749 -2.77811 3.19737 3.19754 
-0.000443569 -1.53053 1.16578 -2.77651 3.19239 3.19194 
-0.00109618 -1.53068 1.16406 -2.77494 3.17851 3.17742 
-0.00178949 -1.53086 1.16234 -2.7734 3.1555 3.15371 
-0.00252384 -1.53108 1.16061 -2.77189 3.12315 3.12062 
-0.00329557 -1.53134 1.15889 -2.77041 3.08158 3.07829 
-0.00409967 -1.53163 1.15716 -2.76897 3.03103 3.02693 
-0.00493109 -1.53195 1.15544 -2.76756 2.97171 2.96678 
-0.00578479 -1.53229 1.15372 -2.76619 2.90387 2.89808 
-0.00665574 -1.53265 1.152 -2.76484 2.82772 2.82107 
-0.00753891 -1.53302 1.15029 -2.76354 2.74351 2.73597 
-0.00842925 -1.53341 1.1486 -2.76226 2.65145 2.64302 
-0.00932173 -1.5338 1.14691 -2.76102 2.55177 2.54245 
-0.0102113 -1.53419 1.14525 -2.75982 2.44471 2.4345 
-0.011093 -1.53458 1.14359 -2.75865 2.33049 2.3194 
-0.0119617 -1.53497 1.14196 -2.75752 2.20935 2.19739 
-0.0128124 -1.53534 1.14035 -2.75642 2.0815 2.06869 
-0.01364 -1.53571 1.13876 -2.75536 1.94719 1.93355 
-0.0144396 -1.53605 1.13719 -2.75433 1.80663 1.79219 
-0.0152061 -1.53637 1.13565 -2.75335 1.66006 1.64486 
-0.0159344 -1.53666 1.13414 -2.75239 1.50771 1.49178 
-0.0166196 -1.53693 1.13266 -2.75148 1.3498 1.33319 
-0.0172565 -1.53715 1.13122 -2.7506 1.18657 1.16932 
-0.0178402 -1.53734 1.12981 -2.74976 1.01824 1.0004 
-0.0183656 -1.53749 1.12843 -2.74896 0.845043 0.826677 
-0.0188276 -1.53759 1.1271 -2.7482 0.667205 0.648377 
-0.0192213 -1.53763 1.1258 -2.74747 0.484956 0.465735 
-0.0195416 -1.53762 1.12456 -2.74679 0.298527 0.278985 
-0.019782 -1.53755 1.12335 -2.74614 0.108298 0.0885162 
-0.0199328 -1.53741 1.12219 -2.74552 -0.0850582 -0.104991 
-0.0199844 -1.53718 1.12106 -2.74492 -0.280837 -0.300821 
-0.0199269 -1.53687 1.11997 -2.74434 -0.478333 -0.498259 
-0.0197504 -1.53645 1.11892 -2.74376 -0.67684 -0.696591 
-0.0194452 -1.53592 1.11789 -2.74319 -0.875655 -0.8951 
-0.0190014 -1.53527 1.11689 -2.74261 -1.07407 -1.09307 
-0.0184092 -1.53449 1.11592 -2.74202 -1.27138 -1.28979 
-0.0176587 -1.53356 1.11497 -2.74141 -1.46689 -1.48454 
-0.0167402 -1.53249 1.11404 -2.74077 -1.65988 -1.67662 
-0.0156439 -1.53125 1.11313 -2.74009 -1.84964 -1.86529 
-0.0143598 -1.52984 1.11223 -2.73937 -2.03549 -2.04985 
-0.0128782 -1.52825 1.11135 -2.73861 -2.2167 -2.22958 
-0.0111892 -1.52647 1.11047 -2.73778 -2.39258 -2.40377 
-0.00928312 -1.52448 1.1096 -2.73689 -2.56242 -2.57171 
-0.00714999 -1.52229 1.10873 -2.73593 -2.72552 -2.73267 
-0.00478005 -1.51987 1.10786 -2.73489 -2.88116 -2.88594 
-0.00216346 -1.51722 1.10699 -2.73377 -3.02865 -3.03081 
0.000709603 -1.51433 1.10612 -2.73255 -3.16727 -3.16656 
0.00384896 -1.51118 1.10524 -2.73123 -3.29633 -3.29248 
0.00726429 -1.50778 1.10435 -2.72981 -3.41512 -3.40786 
0.0109504 -1.50411 1.10344 -2.72827 -3.52318 -3.51223 
0.014874 -1.50022 1.10252 -2.72663 -3.62051 -3.60564 
0.018999 -1.49613 1.10157 -2.72489 -3.70716 -3.68816 
0.0232892 -1.49188 1.10058 -2.72306 -3.78317 -3.75988 
0.0277082 -1.48749 1.09956 -2.72115 -3.84858 -3.82088 
0.03222 -1.48301 1.0985 -2.71916 -3.90346 -3.87124 
0.0367882 -1.47845 1.09739 -2.71709 -3.94784 -3.91105 
0.0413766 -1.47386 1.09623 -2.71497 -3.98178 -3.9404 
0.0459491 -1.46927 1.095 -2.71278 -4.00531 -3.95936 
0.0504693 -1.4647 1.09371 -2.71055 -4.01849 -3.96802 
0.0549011 -1.4602 1.09235 -2.70826 -4.02136 -3.96646 
0.0592082 -1.45578 1.09091 -2.70595 -4.01398 -3.95477 
0.0633545 -1.4515 1.08938 -2.7036 -3.99638 -3.93302 
0.0673036 -1.44736 1.08777 -2.70122 -3.96862 -3.90131 
0.0710194 -1.44342 1.08606 -2.69883 -3.93074 -3.85972 
0.0744503 -1.43972 1.08425 -2.69643 -3.88286 -3.80841 
0.0773578 -1.43645 1.08229 -2.69406 -3.82601 -3.74865 
0.0793787 -1.43396 1.08011 -2.69178 -3.7618 -3.68242 
0.0801477 -1.43255 1.07765 -2.68964 -3.69186 -3.61171 
0.0792993 -1.43254 1.07483 -2.68772 -3.61782 -3.53852 
0.0764682 -1.43428 1.0716 -2.68607 -3.54131 -3.46484 
0.071289 -1.43806 1.06787 -2.68475 -3.46396 -3.39267 
0.0633963 -1.44422 1.06358 -2.68382 -3.38739 -3.324 
0.0524247 -1.45307 1.05866 -2.68333 -3.31324 -3.26082 
0.0380088 -1.46495 1.05305 -2.68336 -3.24314 -3.20513 
0.0197832 -1.48017 1.04667 -2.68395 -3.17871 -3.15892 
-0.00261748 -1.49905 1.03946 -2.68517 -3.12158 -3.1242 
-0.0295513 -1.52191 1.03135 -2.68708 -3.07337 -3.10293 
-0.0607027 -1.54847 1.02239 -2.68963 -3.0349 -3.0956 
-0.0945507 -1.57739 1.01287 -2.69257 -3.00548 -3.10003 
-0.129449 -1.60721 1.00308 -2.69565 -2.98432 -3.11377 
-0.163751 -1.63648 0.993331 -2.69859 -2.9706 -3.13435 
-0.195811 -1.66374 0.983916 -2.70115 -2.96351 -3.15932 
-0.223983 -1.68755 0.975139 -2.70305 -2.96223 -3.18621 
-0.24662 -1.70645 0.967301 -2.70404 -2.96595 -3.21257 
-0.262075 -1.71898 0.960703 -2.70384 -2.97386 -3.23594 
-0.268703 -1.72369 0.955646 -2.70221 -2.98515 -3.25385 
-0.265025 -1.71928 0.952404 -2.69889 -2.99901 -3.26404 
-0.251218 -1.70591 0.950962 -2.69395 -3.0148 -3.26602 
-0.2284 -1.68457 0.951146 -2.68756 -3.03196 -3.26036 
-0.197703 -1.65627 0.952779 -2.67994 -3.04992 -3.24762 
-0.160258 -1.62203 0.955685 -2.67128 -3.06812 -3.22838 
-0.117196 -1.58285 0.959686 -2.66178 -3.08599 -3.20319 
-0.0696476 -1.53973 0.964606 -2.65164 -3.10297 -3.17262 
-0.0187434 -1.49369 0.970267 -2.64106 -3.11851 -3.13725 
0.0343856 -1.44573 0.976494 -2.63023 -3.13202 -3.09764 
0.0886129 -1.39686 0.983109 -2.61937 -3.14297 -3.05435 
0.143197 -1.34773 0.989994 -2.60859 -3.15101 -3.00782 
0.198067 -1.29841 0.997128 -2.5979 -3.15627 -2.95821 
0.253218 -1.2489 1.0045 -2.58729 -3.15889 -2.90567 
0.308647 -1.19919 1.0121 -2.57677 -3.15902 -2.85037 
0.364348 -1.1493 1.01992 -2.56631 -3.15679 -2.79244 
0.420319 -1.09921 1.02795 -2.55592 -3.15237 -2.73205 
0.476554 -1.04894 1.03617 -2.5456 -3.14588 -2.66933 
0.533049 -0.998477 1.04458 -2.53532 -3.1375 -2.60445 
0.589801 -0.947827 1.05317 -2.5251 -3.12735 -2.53754 
0.646805 -0.896991 1.06192 -2.51491 -3.11558 -2.46878 
0.704058 -0.845968 1.07083 -2.50476 -3.10235 -2.39829 
0.761554 -0.79476 1.07988 -2.49464 -3.0878 -2.32624 
0.819289 -0.743368 1.08907 -2.48454 -3.07207 -2.25278 
0.877261 -0.691792 1.09838 -2.47445 -3.05532 -2.17806 
0.935463 -0.640034 1.10781 -2.46438 -3.03768 -2.10222 
0.993893 -0.588093 1.11734 -2.4543 -3.01931 -2.02542 
1.05255 -0.535971 1.12696 -2.44423 -3.00036 -1.94781 
1.11142 -0.483669 1.13667 -2.43414 -2.98097 -1.86955 
1.1705 -0.431187 1.14644 -2.42404 -2.96128 -1.79077 
1.2298 -0.378526 1.15628 -2.41392 -2.94144 -1.71164 
1.2893 -0.325687 1.16617 -2.40377 -2.92161 -1.6323 
1.34901 -0.272671 1.1761 -2.39359 -2.90192 -1.55291 
1.40891 -0.219478 1.18607 -2.38336 -2.88253 -1.47361 
1.46899 -0.166125 1.19605 -2.37309 -2.86354 -1.39455 
1.52918 -0.112675 1.20602 -2.36279 -2.84498 -1.3158 
1.58938 -0.0591979 1.21597 -2.35246 -2.82683 -1.23745 
1.64952 -0.00576705 1.22588 -2.34212 -2.80908 -1.15956 
1.70951 0.0475461 1.23571 -2.33178 -2.79174 -1.08223 
1.76927 0.10067 1.24545 -2.32145 -2.77479 -1.00552 
1.82871 0.153533 1.25507 -2.31114 -2.75823 -0.92952 
1.88776 0.206063 1.26456 -2.30087 -2.74205 -0.854297 
1.94632 0.258188 1.27388 -2.29064 -2.72625 -0.779933 
2.00431 0.309837 1.28303 -2.28046 -2.71081 -0.706504 
2.06166 0.360938 1.29196 -2.27035 -2.69574 -0.634087 
2.11827 0.411418 1.30067 -2.26031 -2.68103 -0.562759 
2.17406 0.461208 1.30913 -2.25037 -2.66666 -0.492599 
2.22895 0.510234 1.31732 -2.24052 -2.65263 -0.423683 
2.28286 0.558425 1.32521 -2.23079 -2.63894 -0.356088 
2.33569 0.605709 1.33279 -2.22117 -2.62559 -0.289891 
2.38738 0.652014 1.34002 -2.21169 -2.61255 -0.22517 
2.43783 0.697269 1.3469 -2.20235 -2.59983 -0.162003 
2.48696 0.741402 1.35339 -2.19317 -2.58742 -0.100465 
2.53468 0.784342 1.35947 -2.18416 -2.57532 -0.0406348 
2.58092 0.826015 1.36512 -2.17532 -2.56351 0.0174108 
2.62559 0.866351 1.37032 -2.16667 -2.552 0.0735945 
2.66844 0.905136 1.37502 -2.15825 -2.54082 0.127623 
2.70859 0.941582 1.37907 -2.15021 -2.53027 0.178326 
2.74499 0.974753 1.38229 -2.14272 -2.52067 0.224313 
2.77657 1.00372 1.38451 -2.13597 -2.51238 0.264195 
2.80229 1.02754 1.38555 -2.13014 -2.50571 0.296579 
2.8211 1.04528 1.38524 -2.1254 -2.50103 0.320076 
2.83195 1.05602 1.38339 -2.12193 -2.49865 0.333294 
2.83377 1.05881 1.37984 -2.11991 -2.49893 0.334844 
2.82552 1.05272 1.3744 -2.11953 -2.50219 0.323333 
2.80635 1.037 1.36693 -2.12092 -2.50872 0.297629 
2.77757 1.01282 1.35764 -2.12385 -2.51814 0.25943 
2.74187 0.982558 1.34698 -2.12787 -2.52967 0.212202 
2.70194 0.94862 1.33538 -2.13251 -2.5425 0.159434 
2.66048 0.913407 1.32328 -2.13729 -2.55586 0.104618 
2.62019 0.879317 1.31112 -2.14176 -2.56894 0.0512448 
2.58377 0.848752 1.29935 -2.14545 -2.58097 0.00280421 
2.55387 0.824061 1.28839 -2.1479 -2.59115 -0.0372867 
2.53191 0.806529 1.27846 -2.14886 -2.59908 -0.0671721 
2.5182 0.796431 1.26959 -2.14826 -2.60468 -0.0864812 
2.51299 0.793997 1.26179 -2.14604 -2.60789 -0.0949024 
2.51652 0.799462 1.25507 -2.14215 -2.60865 -0.0921237 
2.52899 0.813006 1.24944 -2.13655 -2.6069 -0.0779098 
2.54864 0.833114 1.24445 -2.12947 -2.6032 -0.0545575 
2.57136 0.856222 1.23918 -2.12149 -2.59878 -0.027422 
2.59288 0.878643 1.23263 -2.11322 -2.59492 -0.00204132 
2.60917 0.896869 1.22387 -2.10523 -2.59286 0.0163033 
2.61813 0.909174 1.21222 -2.09772 -2.59325 0.0248817 
2.61885 0.914853 1.19717 -2.0907 -2.59642 0.0224262 
2.61236 0.915017 1.17845 -2.08375 -2.60215 0.0102118 
2.60606 0.916551 1.15638 -2.0752 -2.60845 -0.00239194 
2.60682 0.926111 1.13061 -2.06317 -2.61359 -0.00677508 
2.6158 0.945765 1.09867 -2.04616 -2.61762 -0.00182311 
2.62474 0.968685 1.05809 -2.02505 -2.62293 0.00181339 
2.63025 0.991632 1.00916 -2.00077 -2.63023 1.9645e-05 
2.63644 1.01546 0.960448 -1.97629 -2.63684 -0.000398705 
2.64196 1.03718 0.91715 -1.95428 -2.64191 5.07578e-05 
2.64621 1.05611 0.878831 -1.93482 -2.64607 0.000136797 
2.64939 1.07054 0.849442 -1.91992 -2.64932 6.5007e-05 
2.65166 1.07996 0.830276 -1.91024 -2.65166 -1.01438e-06 
2.65327 1.08545 0.819214 -1.90469 -2.6533 -3.15063e-05 
2.6548 1.09118 0.807656 -1.89887 -2.65483 -3.36459e-05 
2.65685 1.10161 0.786421 -1.88805 -2.65687 -2.31864e-05 
2.65948 1.11718 0.754601 -1.87179 -2.65949 -9.13514e-06 
2.6625 1.13654 0.714962 -1.8515 -2.6625 2.51515e-06 
2.66572 1.1582 0.670532 -1.82873 -2.66571 8.24349e-06 
2.66892 1.18048 0.624814 -1.80528 -2.66891 9.39439e-06 
2.67191 1.20164 0.58137 -1.783 -2.6719 7.88438e-06 
2.67447 1.21996 0.543729 -1.76369 -2.67447 5.61594e-06 
2.67651 1.23457 0.513732 -1.7483 -2.67651 3.74001e-06 
2.67808 1.24578 0.490712 -1.73649 -2.67808 2.29377e-06 
2.67923 1.25401 0.473801 -1.72781 -2.67923 1.22434e-06 
2.68002 1.2597 0.462132 -1.72183 -2.68002 4.7882e-07 
2.68052 1.26325 0.454835 -1.71808 -2.68052 4.31331e-09 
2.68077 1.2651 0.451042 -1.71614 -2.68077 -2.52073e-07 
2.68085 1.26566 0.449886 -1.71554 -2.68085 -3.43232e-07 
2.68081 1.26536 0.450498 -1.71586 -2.68081 -3.22058e-07 
2.6807 1.26462 0.452011 -1.71663 -2.6807 -2.41446e-07 
2.6806 1.26387 0.453555 -1.71743 -2.6806 -1.5429e-07 
2.68055 1.26353 0.454262 -1.71779 -2.68055 -1.13484e-07 
2.68055 1.26353 0.454262 -1.71779 -2.68055 -1.13484e-07 
