0 0 0 0 0 0 
-0.0184768 -0.0109532 0.0140387 -0.00308548 0.0184768 -1.13976e-06 
0.0334479 0.0230523 -0.0322196 0.00916734 -0.0334479 -1.99835e-06 
0.0480645 0.0311701 -0.0421668 0.0109967 -0.0480645 -4.06105e-07 
0.0519953 0.0330452 -0.0441998 0.0111546 -0.0519953 4.06947e-07 
0.0473631 0.0301271 -0.0403332 0.0102061 -0.0473631 3.31735e-07 
0.0320492 0.0204407 -0.027421 0.00698028 -0.0320492 1.50455e-07 
0.0056219 0.00358367 -0.00482211 0.00123844 -0.0056219 2.25494e-08 
-0.0319189 -0.0204441 0.0274635 -0.00701944 0.0319189 -5.19813e-08 
-0.0805732 -0.0516426 0.0694359 -0.0177933 0.0805732 -7.31373e-08 
-0.140341 -0.0900118 0.121095 -0.0310833 0.140341 -4.09186e-08 
-0.177027 -0.113593 0.152843 -0.0392502 0.177027 7.42548e-09 
-0.14639 -0.0939771 0.126388 -0.0324113 0.14639 2.37039e-08 
-0.0484747 -0.0311922 0.0417689 -0.0105766 0.0484747 7.84249e-09 
0.064662 0.0414113 -0.0559435 0.0145322 -0.064662 -1.20753e-08 
0.153093 0.0982542 -0.132179 0.0339248 -0.153093 -1.451e-08 
0.216819 0.139336 -0.186938 0.0476013 -0.216819 5.38522e-10 
0.259545 0.167008 -0.223493 0.0564849 -0.259545 2.81004e-08 
0.293935 0.1893 -0.253031 0.0637305 -0.293935 5.11913e-08 
0.321045 0.206883 -0.276483 0.0696006 -0.321045 6.83978e-08 
0.340872 0.219755 -0.29385 0.0740953 -0.340872 7.97199e-08 
0.353419 0.227916 -0.305131 0.0772145 -0.353419 8.51577e-08 
0.358684 0.231368 -0.310326 0.0789583 -0.358684 8.47112e-08 
0.356676 0.230143 -0.309406 0.079263 -0.356676 7.90295e-08 
0.347531 0.224804 -0.301879 0.0770743 -0.347531 7.88637e-08 
0.331296 0.215552 -0.287571 0.0720187 -0.331296 8.80242e-08 
0.307973 0.202387 -0.266483 0.064096 -0.307973 1.06511e-07 
0.27756 0.185307 -0.238614 0.0533063 -0.27756 1.34324e-07 
0.240057 0.164315 -0.203964 0.0396497 -0.240057 1.71463e-07 
0.195466 0.139408 -0.162534 0.023126 -0.195466 2.17929e-07 
0.142623 0.110316 -0.115047 0.00473068 -0.142623 2.68967e-07 
0.0746988 0.0754414 -0.0657562 -0.00968508 -0.0746988 2.96636e-07 
-0.00942303 0.0345227 -0.0153567 -0.0191659 0.00942303 2.96374e-07 
-0.109742 -0.0124398 0.0361517 -0.0237118 0.109742 2.6818e-07 
-0.2066 -0.0550383 0.076228 -0.0211896 0.2066 2.16081e-07 
-0.251491 -0.0675915 0.0739272 -0.00633565 0.251491 1.50017e-07 
-0.242164 -0.0489082 0.027814 0.0210942 0.242164 7.04462e-08 
-0.180151 6.68689e-05 -0.0606998 0.0606329 0.180151 -2.18946e-08 
-0.112247 0.0504528 -0.148451 0.0979981 0.112247 -1.04524e-07 
-0.0604875 0.0886501 -0.215115 0.126465 0.0604875 -1.66854e-07 
-0.024872 0.114659 -0.260691 0.146033 0.024872 -2.08887e-07 
-0.00540091 0.128479 -0.285181 0.156702 0.00540091 -2.30621e-07 
0.00903459 0.132139 -0.285956 0.153816 -0.00903459 -2.35002e-07 
0.0385744 0.129319 -0.258255 0.128935 -0.0385744 -2.27366e-07 
0.0836359 0.120095 -0.201978 0.0818836 -0.0836359 -2.07825e-07 
0.144219 0.104466 -0.117127 0.0126614 -0.144219 -1.76378e-07 
0.211036 0.0835609 -0.0119171 -0.0716437 -0.211036 -1.27668e-07 
0.235563 0.063274 0.070731 -0.134005 -0.235563 -3.37039e-08 
0.210808 0.0444547 0.12463 -0.169085 -0.210808 1.09549e-07 
0.157016 0.0306058 0.144125 -0.17473 -0.157016 2.45534e-07 
0.105414 0.0271294 0.12049 -0.147619 -0.105414 2.87031e-07 
0.0565335 0.0335619 0.0560687 -0.0896306 -0.0565335 2.38005e-07 
0.0133305 0.0414857 -0.00994026 -0.0315455 -0.0133305 1.77805e-07 
-0.023165 0.0479667 -0.0638727 0.0159061 0.023165 1.3409e-07 
-0.0529531 0.0530046 -0.105729 0.052724 0.0529531 1.06862e-07 
-0.0760339 0.0565997 -0.135508 0.0789083 0.0760339 9.61196e-08 
-0.0924072 0.0587519 -0.153211 0.094459 0.0924072 1.01863e-07 
-0.102073 0.0594611 -0.158837 0.0993761 0.102073 1.24093e-07 
-0.103956 0.0592613 -0.154314 0.0950525 0.103956 1.52405e-07 
-0.094183 0.0600752 -0.146581 0.0865056 0.094183 1.49323e-07 
-0.0724046 0.062076 -0.136263 0.0741869 0.0724046 1.11474e-07 
-0.0386212 0.0652637 -0.12336 0.0580966 0.0386212 3.88587e-08 
0.00716738 0.0696382 -0.107873 0.0382345 -0.00716738 -6.85236e-08 
0.064961 0.0751997 -0.0898003 0.0146006 -0.064961 -2.10673e-07 
0.13218 0.0799883 -0.0665071 -0.0134812 -0.13218 -3.77363e-07 
0.191098 0.0705387 -0.0198813 -0.0506574 -0.191098 -4.98333e-07 
0.238352 0.0442959 0.0535139 -0.0978097 -0.238352 -5.60248e-07 
0.25572 0.00975407 0.131175 -0.140929 -0.25572 -5.34415e-07 
0.203022 -0.0143568 0.163481 -0.149124 -0.203022 -3.57561e-07 
0.0790463 -0.0273581 0.148719 -0.121361 -0.0790463 -2.79003e-08 
-0.0516565 -0.0276346 0.105836 -0.078201 0.0516565 3.19087e-07 
-0.138502 -0.0139204 0.0496807 -0.0357604 0.138502 5.77233e-07 
-0.170136 0.0126575 -0.0141348 0.00147711 0.170136 7.10169e-07 
-0.115177 0.0489845 -0.0701025 0.0211178 0.115177 6.17377e-07 
0.0146868 0.0937931 -0.118638 0.0248444 -0.0146868 3.31181e-07 
0.138155 0.140547 -0.167662 0.0271149 -0.138155 8.11942e-08 
0.241538 0.188113 -0.218446 0.0303324 -0.241538 -9.40561e-08 
0.310945 0.231152 -0.263912 0.0327598 -0.310945 -1.73845e-07 
0.336839 0.266334 -0.299447 0.033113 -0.336839 -1.43244e-07 
0.326061 0.307043 -0.336393 0.0293499 -0.326061 9.71654e-09 
0.349977 0.365677 -0.386426 0.0207488 -0.349977 7.70108e-08 
0.4464 0.444363 -0.451186 0.00682283 -0.4464 -3.30907e-08 
0.489363 0.525635 -0.504876 -0.0207583 -0.489363 6.93667e-08 
0.539328 0.623035 -0.556875 -0.066161 -0.539328 -4.87859e-07 
0.571065 0.718662 -0.584106 -0.134554 -0.571065 6.18036e-07 
0.567346 0.786167 -0.562463 -0.223704 -0.567346 -5.27015e-07 
0.498031 0.759935 -0.462991 -0.296945 -0.498031 1.32344e-07 
0.438163 0.730138 -0.363251 -0.366886 -0.438163 4.77805e-07 
0.386703 0.696355 -0.263353 -0.433001 -0.386703 3.63795e-07 
0.342503 0.658121 -0.163354 -0.494769 -0.342503 -5.45136e-07 
0.304496 0.615082 -0.063291 -0.551791 -0.304496 -5.37395e-09 
0.271639 0.566889 0.0368201 -0.603709 -0.271639 4.29158e-09 
0.243032 0.513323 0.136904 -0.650228 -0.243032 -2.05198e-09 
0.217975 0.45452 0.236919 -0.691437 -0.217975 1.39028e-08 
0.195809 0.390537 0.336839 -0.727377 -0.195809 3.55276e-07 
0.175957 0.321575 0.436626 -0.7582 -0.175957 -7.35608e-07 
0.157941 0.247901 0.536213 -0.784116 -0.157941 2.07301e-07 
0.141346 0.169887 0.635481 -0.805368 -0.141346 -1.21833e-06 
0.125213 0.087312 0.731148 -0.818458 -0.125213 1.94733e-06 
0.098375 0.00517751 0.729477 -0.734655 -0.098375 -4.41222e-07 
0.0761098 -0.0474086 0.687046 -0.639638 -0.0761098 4.09078e-07 
0.0579524 -0.0907883 0.639557 -0.548769 -0.0579524 -3.81879e-07 
0.0460827 -0.104848 0.585373 -0.480526 -0.0460827 6.10568e-07 
0.035888 -0.0973569 0.505655 -0.408298 -0.035888 2.63916e-07 
0.0283781 -0.132487 0.497845 -0.365358 -0.0283781 -1.8424e-07 
0.0246119 -0.162317 0.507981 -0.345664 -0.0246119 -3.82834e-07 
0.0187081 -0.137148 0.416733 -0.279585 -0.0187081 -3.69047e-07 
0.0129702 -0.0983617 0.30749 -0.209128 -0.0129702 -2.8978e-07 
0.0085595 -0.0661635 0.221194 -0.155031 -0.0085595 -2.14255e-07 
0.00522593 -0.0380932 0.152262 -0.114169 -0.00522593 -1.41116e-07 
0.00195273 -0.00414765 0.0779842 -0.0738364 -0.00195273 -6.48395e-08 
-0.00136839 0.0367387 -0.00405723 -0.0326813 0.00136839 1.51614e-08 
-0.00422595 0.0839074 -0.0936464 0.00973918 0.00422595 9.27473e-08 
-0.00223164 0.13171 -0.18893 0.0572207 0.00223164 1.1524e-07 
0.00554399 0.178555 -0.288822 0.110267 -0.00554399 7.11003e-08 
0.0114317 0.195103 -0.327498 0.132395 -0.0114317 1.43168e-08 
0.0103454 0.161897 -0.261308 0.0994104 -0.0103454 -1.93041e-08 
0.00505234 0.101989 -0.139709 0.0377201 -0.00505234 -3.27594e-08 
0.000172265 0.0538632 -0.045271 -0.00859248 -0.000172265 -3.10519e-08 
-0.00422318 0.0181163 0.0207273 -0.0388438 0.00422318 -1.42593e-08 
-0.0081214 -0.00925412 0.0686001 -0.0593461 0.0081214 9.31408e-09 
-0.0115072 -0.0330768 0.110792 -0.0777152 0.0115072 2.96485e-08 
-0.0143804 -0.053362 0.14733 -0.0939676 0.0143804 4.67225e-08 
-0.0167413 -0.07011 0.178213 -0.108103 0.0167413 6.0536e-08 
-0.0185896 -0.0833206 0.203443 -0.120122 0.0185896 7.1089e-08 
-0.0199254 -0.0929938 0.223018 -0.130024 0.0199254 7.83815e-08 
-0.0207488 -0.0991297 0.23694 -0.13781 0.0207488 8.24135e-08 
-0.0215046 -0.102933 0.247282 -0.144349 0.0215046 8.48686e-08 
-0.0228491 -0.10618 0.257105 -0.150925 0.0228491 8.82293e-08 
-0.0247882 -0.108886 0.266436 -0.157549 0.0247882 9.25179e-08 
-0.0273219 -0.111052 0.275275 -0.164222 0.0273219 9.77345e-08 
-0.0304501 -0.112678 0.283622 -0.170944 0.0304501 1.03879e-07 
-0.0341729 -0.113764 0.291478 -0.177714 0.0341729 1.10952e-07 
-0.0383272 -0.113653 0.297286 -0.183633 0.0383272 1.18321e-07 
-0.0395716 -0.0988907 0.269161 -0.170271 0.0395716 1.13049e-07 
-0.0365845 -0.0641558 0.19449 -0.130335 0.0365845 9.00186e-08 
-0.0293657 -0.00944794 0.0732735 -0.0638258 0.0293657 4.92294e-08 
-0.0217923 0.0514085 -0.0599583 0.00854947 0.0217923 2.37465e-09 
-0.0204969 0.0947637 -0.146131 0.0513669 0.0204969 -3.05414e-08 
-0.025592 0.120216 -0.184241 0.0640249 0.025592 -4.91791e-08 
-0.0370201 0.12866 -0.176047 0.0473872 0.0370201 -5.44193e-08 
-0.0543568 0.126701 -0.134532 0.00783087 0.0543568 -5.27665e-08 
-0.0775159 0.115676 -0.0623229 -0.053353 0.0775159 -4.55375e-08 
-0.0996079 0.0902927 0.03614 -0.126433 0.0996079 -1.81174e-08 
-0.106629 0.0397945 0.151834 -0.191628 0.106629 5.91985e-08 
-0.0971453 -0.0177103 0.246627 -0.228916 0.0971453 1.38449e-07 
-0.0691673 -0.0453293 0.244822 -0.199492 0.0691673 1.21954e-07 
-0.0389138 -0.0418986 0.177217 -0.135318 0.0389138 3.05951e-08 
-0.0188494 -0.0073755 0.06916 -0.0617844 0.0188494 -1.17548e-07 
-0.00496489 0.0447406 -0.0556988 0.0109584 0.00496489 -3.29608e-07 
0.00580547 0.104128 -0.179277 0.075149 -0.00580547 -6.11035e-07 
0.00928774 0.160172 -0.266154 0.105983 -0.00928774 -9.40929e-07 
-0.00379046 0.189293 -0.237648 0.0483549 0.00379046 -1.27286e-06 
-0.0265812 0.191793 -0.127866 -0.0639268 0.0265812 -1.55023e-06 
-0.0449681 0.169959 -0.00945756 -0.160502 0.0449681 -1.6652e-06 
-0.0543333 0.132582 0.0840679 -0.21665 0.0543333 -1.64198e-06 
-0.0487419 0.0918674 0.108542 -0.200409 0.0487419 -1.51842e-06 
-0.030517 0.042302 0.082183 -0.124485 0.030517 -1.30416e-06 
-0.00304913 -0.022682 0.0299944 -0.00731231 0.00304913 -9.95004e-07 
0.0145654 -0.00676602 -0.0502522 0.0570182 -0.0145654 1.04719e-06 
0.0100671 0.0976037 -0.113325 0.0157212 -0.0100671 4.14161e-06 
-0.0044062 0.135482 -0.0611851 -0.0742976 0.0044062 4.63899e-06 
-0.00135371 0.0247236 0.0810671 -0.105791 0.00135371 2.54033e-06 
0.00113426 -0.0281989 0.0780211 -0.0498222 -0.00113426 3.31627e-07 
0.00108319 -0.0235564 0.0133413 0.0102151 -0.00108319 -7.03632e-07 
-0.000362606 0.0108084 -0.0483169 0.0375086 0.000362606 -4.73666e-07 
-0.00157667 0.0393139 -0.0957283 0.0564145 0.00157667 -2.11632e-07 
-0.00240548 0.0586015 -0.127833 0.0692318 0.00240548 -3.39367e-08 
-0.00284903 0.0686711 -0.144632 0.0759606 0.00284903 5.94198e-08 
-0.00290821 0.0695448 -0.146154 0.0766097 0.00290821 6.87422e-08 
-0.00273345 0.0649206 -0.137581 0.0726606 0.00273345 4.5152e-08 
-0.00243459 0.0574993 -0.122695 0.0651954 0.00243459 2.5983e-08 
-0.00201163 0.0472808 -0.101495 0.0542139 0.00201163 1.12353e-08 
-0.00146458 0.0342651 -0.0739814 0.0397163 0.00146458 9.0887e-10 
-0.000793424 0.0184523 -0.0401548 0.0217025 0.000793424 -4.99629e-09 
1.82653e-06 -0.000157683 -1.47464e-05 0.00017243 -1.82653e-06 -6.48017e-09 
0.000921174 -0.0215649 0.0464386 -0.0248738 -0.000921174 -3.54278e-09 
0.00196462 -0.0457692 0.0992054 -0.0534362 -0.00196462 3.81587e-09 
0.00313216 -0.0727707 0.158286 -0.0855148 -0.00313216 1.55958e-08 
0.00442786 -0.102852 0.224185 -0.121333 -0.00442786 3.09531e-08 
0.00589645 -0.139118 0.302471 -0.163353 -0.00589645 4.05992e-08 
0.00755026 -0.182427 0.394681 -0.212254 -0.00755026 4.19717e-08 
0.00938929 -0.232779 0.500815 -0.268035 -0.00938929 3.50705e-08 
0.0114135 -0.290173 0.620871 -0.330698 -0.0114135 1.98957e-08 
0.0133112 -0.346634 0.738048 -0.391414 -0.0133112 8.89087e-11 
0.0141415 -0.378092 0.801639 -0.423547 -0.0141415 -1.33599e-08 
0.0138404 -0.382908 0.808194 -0.425286 -0.0138404 -1.97031e-08 
0.0124079 -0.361084 0.757714 -0.39663 -0.0124079 -1.89406e-08 
0.0098744 -0.313924 0.652788 -0.338863 -0.0098744 -1.12441e-08 
0.00665471 -0.259175 0.528601 -0.269426 -0.00665471 1.05624e-09 
0.0028799 -0.202445 0.396277 -0.193831 -0.0028799 1.72236e-08 
-0.00145005 -0.143736 0.255816 -0.11208 0.00145005 3.7258e-08 
-0.00633513 -0.0830463 0.107219 -0.0241725 0.00633513 6.11595e-08 
-0.00923852 -0.0239183 -0.0358049 0.0597234 0.00923852 7.00902e-08 
-0.00494543 0.0263686 -0.145073 0.118704 0.00494543 2.53262e-08 
0.00670078 0.0675955 -0.219737 0.152142 -0.00670078 -7.42956e-08 
0.0220183 0.0871498 -0.23709 0.14994 -0.0220183 -1.96841e-07 
0.0357792 0.0671221 -0.164884 0.097762 -0.0357792 -2.96964e-07 
0.0465053 0.0129244 -0.0187032 0.00577874 -0.0465053 -3.64236e-07 
0.0462028 -0.0446526 0.113584 -0.0689318 -0.0462028 -3.42605e-07 
0.033641 -0.100869 0.218451 -0.117583 -0.033641 -2.23442e-07 
0.0124036 -0.154567 0.299993 -0.145426 -0.0124036 -3.05752e-08 
-0.0134919 -0.204451 0.3628 -0.15835 0.0134919 2.09279e-07 
-0.0345673 -0.237086 0.38832 -0.151234 0.0345673 4.21683e-07 
-0.0294983 -0.222241 0.334787 -0.112546 0.0294983 4.39156e-07 
-0.00189096 -0.169214 0.21758 -0.0483661 0.00189096 2.92576e-07 
0.0355992 -0.107953 0.085348 0.0226045 -0.0355992 8.86791e-08 
0.0698757 -0.0562132 -0.0195171 0.0757306 -0.0698757 -9.39517e-08 
0.0635832 -0.0622222 0.0224441 0.0397784 -0.0635832 -3.69906e-08 
0.0312316 -0.0993842 0.143749 -0.0443641 -0.0312316 1.30868e-07 
-0.00522977 -0.130243 0.249274 -0.119031 0.00522977 2.23989e-07 
-0.0317222 -0.151798 0.324153 -0.172355 0.0317222 1.03326e-07 
-0.0427232 -0.162796 0.362419 -0.199624 0.0427232 -2.80615e-07 
-0.0439936 -0.16126 0.363901 -0.202641 0.0439936 -7.27065e-07 
-0.0380916 -0.146604 0.328764 -0.18216 0.0380916 -1.13091e-06 
-0.0234728 -0.125612 0.262279 -0.136668 0.0234728 -1.2036e-06 
0.000489137 -0.101462 0.16774 -0.0662772 -0.000489136 -8.36836e-07 
0.0338224 -0.0800817 0.0608887 0.0191928 -0.0338224 -1.43981e-07 
0.0701183 -0.0669404 -0.0304292 0.0973693 -0.0701183 7.23418e-07 
0.074266 -0.0817405 0.0189431 0.0627973 -0.074266 1.13188e-06 
0.0568713 -0.11002 0.145048 -0.0350284 -0.0568713 1.10212e-06 
0.0368052 -0.131822 0.251963 -0.120141 -0.0368052 7.79991e-07 
0.0252246 -0.146195 0.318227 -0.172032 -0.0252246 3.65922e-07 
0.0261901 -0.155415 0.342883 -0.187468 -0.0261901 -1.34925e-07 
0.0415892 -0.181171 0.379414 -0.198244 -0.0415892 -1.25601e-06 
0.066671 -0.223665 0.44158 -0.217916 -0.066671 -2.21972e-06 
0.0853806 -0.268254 0.530603 -0.262349 -0.0853807 -5.67041e-07 
0.0989384 -0.304743 0.615788 -0.31105 -0.0989381 6.12765e-06 
0.130219 -0.350123 0.697636 -0.347509 -0.130219 -4.90786e-06 
0.16477 -0.394461 0.784856 -0.390405 -0.16477 1.0116e-05 
0.169143 -0.355317 0.702986 -0.347535 -0.169154 -0.00011335 
0.164938 -0.308745 0.60851 -0.30022 -0.164903 0.000387927 
0.154711 -0.260908 0.511918 -0.25102 -0.15471 8.23677e-06 
0.140327 -0.214272 0.416433 -0.1962 -0.140779 -0.0050875 
0.116092 -0.171467 0.341297 -0.187366 -0.11476 0.0149689 
0.0995566 -0.134298 0.261636 -0.128848 -0.099442 0.00128907 
0.106092 -0.11889 0.209616 -0.0399551 -0.109947 -0.0433384 
0.0895747 -0.0987066 0.178838 -0.050848 -0.0917984 -0.024997 
0.0564861 -0.0769112 0.162679 -0.119796 -0.0539021 0.0290463 
0.0340779 -0.0628084 0.153064 -0.167161 -0.028238 0.0656457 
0.0250478 -0.0572925 0.149147 -0.18506 -0.0179701 0.0795578 
0.02309 -0.0530428 0.138119 -0.171429 -0.0165326 0.0737083 
0.0233553 -0.0444298 0.110128 -0.124682 -0.0188762 0.050347 
0.0258438 -0.0314534 0.0651748 -0.0448195 -0.025001 0.00947408 
0.0305553 -0.0141137 0.00325943 0.0681595 -0.034907 -0.0489106 
0.0366342 0.00582392 -0.0687636 0.200876 -0.0471088 -0.117733 
0.0399329 0.0198019 -0.117668 0.288479 -0.0544074 -0.162702 
0.0399018 0.0266868 -0.139053 0.32238 -0.055849 -0.179276 
0.0369163 0.0268715 -0.134743 0.306576 -0.0520041 -0.169642 
0.0334377 0.0229328 -0.1167 0.267291 -0.0466135 -0.148145 
0.0299132 0.015339 -0.0870982 0.20929 -0.0403569 -0.117392 
0.0263429 0.00409023 -0.0459378 0.132574 -0.0332344 -0.0773828 
0.0227945 -0.00984521 0.00362701 0.0424145 -0.025548 -0.0307626 
0.0195183 -0.0228976 0.0499688 -0.0417498 -0.0184106 0.0127189 
0.0165376 -0.0347348 0.0920054 -0.11811 -0.0119257 0.052154 
0.0138523 -0.0453567 0.129737 -0.186666 -0.00609353 0.0875427 
0.0114625 -0.0547634 0.163163 -0.247419 -0.000913917 0.118885 
0.00936812 -0.0629548 0.192284 -0.300367 0.00361309 0.146181 
0.00756919 -0.0699309 0.2171 -0.345511 0.00748748 0.169431 
0.00606571 -0.0756918 0.237611 -0.382852 0.0107093 0.188634 
0.00485767 -0.0802374 0.253816 -0.412388 0.0132785 0.203791 
0.00394509 -0.0835677 0.265717 -0.43412 0.015195 0.214902 
0.00332795 -0.0856828 0.273312 -0.448049 0.016459 0.221966 
0.00300626 -0.0865826 0.276602 -0.454173 0.0170704 0.224984 
0.00298 -0.0862673 0.275587 -0.452494 0.0170292 0.223956 
0.00310195 -0.0851491 0.271791 -0.445872 0.0166144 0.220403 
0.00323266 -0.0836186 0.266656 -0.437015 0.0160905 0.215764 
0.00337214 -0.0816759 0.260183 -0.425925 0.0154573 0.21004 
0.00352038 -0.0793209 0.252372 -0.4126 0.0147149 0.203231 
0.00367738 -0.0765536 0.243222 -0.397041 0.0138633 0.195337 
0.00384315 -0.0733741 0.232734 -0.379248 0.0129025 0.186358 
0.00401768 -0.0697823 0.220908 -0.359221 0.0118325 0.176294 
0.00420097 -0.0657782 0.207743 -0.33696 0.0106532 0.165145 
0.00439303 -0.0613619 0.19324 -0.312465 0.00936469 0.152911 
0.00459385 -0.0565333 0.177398 -0.285736 0.00796698 0.139591 
0.00480343 -0.0512925 0.160219 -0.256773 0.00646004 0.125187 
0.00502178 -0.0456394 0.141701 -0.225576 0.00484389 0.109697 
0.00524889 -0.039574 0.121844 -0.192145 0.00311852 0.0931226 
0.00548476 -0.0330964 0.10065 -0.156479 0.00128392 0.0754628 
0.0057294 -0.0262065 0.0781164 -0.11858 -0.000659894 0.056718 
0.0059828 -0.0189043 0.054245 -0.0784461 -0.00271293 0.036888 
0.00624497 -0.0111899 0.0290353 -0.0360785 -0.00487519 0.015973 
0.00651589 -0.00306323 0.00248723 0.00852319 -0.00714666 -0.00602714 
0.00679559 0.00547572 -0.0253992 0.055359 -0.00952736 -0.0291124 
0.00708404 0.0144269 -0.0546239 0.104429 -0.0120173 -0.0532827 
0.00738126 0.0237904 -0.085187 0.155733 -0.0146164 -0.0785381 
0.00768724 0.0335662 -0.117088 0.209271 -0.0173248 -0.104879 
0.00800199 0.0437542 -0.150328 0.265043 -0.0201424 -0.132304 
0.00832549 0.0543544 -0.184906 0.323049 -0.0230692 -0.160815 
0.00865547 0.0654059 -0.220946 0.383489 -0.026111 -0.190529 
0.00896267 0.0774055 -0.260021 0.448918 -0.0293424 -0.222952 
0.00923818 0.0905043 -0.30261 0.520112 -0.0327858 -0.258543 
0.00948201 0.104702 -0.348712 0.597072 -0.0364415 -0.297301 
0.00969415 0.12 -0.398329 0.679798 -0.0403092 -0.339228 
0.00987462 0.136397 -0.451459 0.768288 -0.0443891 -0.384322 
0.0100234 0.153893 -0.508103 0.862545 -0.0486812 -0.432584 
0.0101405 0.172488 -0.568261 0.962566 -0.0531854 -0.484013 
0.0102259 0.192182 -0.631933 1.06835 -0.0579017 -0.53861 
0.0102796 0.212976 -0.699118 1.17991 -0.0628301 -0.596375 
0.0103017 0.234869 -0.769818 1.29722 -0.0679707 -0.657307 
0.010292 0.257862 -0.844031 1.42031 -0.0733235 -0.721407 
0.0102507 0.281954 -0.921758 1.54916 -0.0788884 -0.788675 
0.0101777 0.307145 -1.003 1.68377 -0.0846654 -0.859111 
0.0100879 0.331992 -1.08311 1.81644 -0.0903177 -0.929366 
0.0100078 0.353934 -1.15382 1.93348 -0.095247 -0.993491 
0.00993795 0.372919 -1.21497 2.0346 -0.0994415 -1.05137 
0.0098783 0.388948 -1.26658 2.11982 -0.102901 -1.103 
0.00982888 0.402021 -1.30862 2.18913 -0.105626 -1.14839 
0.00978968 0.412138 -1.34111 2.24253 -0.107617 -1.18753 
0.00976069 0.419299 -1.36405 2.28003 -0.108873 -1.22043 
0.00974192 0.423504 -1.37743 2.30162 -0.109393 -1.24708 
0.00973338 0.424752 -1.38126 2.30731 -0.10918 -1.26749 
0.00973505 0.423045 -1.37553 2.29709 -0.108231 -1.28165 
0.00974695 0.418381 -1.36024 2.27096 -0.106548 -1.28956 
0.00976906 0.410762 -1.33541 2.22893 -0.10413 -1.29123 
0.00980139 0.400186 -1.30101 2.17098 -0.100977 -1.28666 
0.00984394 0.386654 -1.25706 2.09714 -0.0970901 -1.27584 
0.00989239 0.371318 -1.20728 2.01359 -0.0927555 -1.26057 
0.00994161 0.355547 -1.1561 1.9277 -0.088315 -1.24301 
0.00999159 0.339343 -1.10352 1.83949 -0.0837693 -1.22316 
0.0100423 0.322707 -1.04954 1.74895 -0.0791182 -1.20101 
0.0100938 0.305637 -0.994157 1.6561 -0.0743619 -1.17657 
0.0101461 0.288135 -0.93738 1.56092 -0.0695003 -1.14983 
0.0101991 0.270199 -0.879205 1.46341 -0.0645334 -1.1208 
0.0102528 0.251831 -0.819631 1.36358 -0.0594612 -1.08948 
0.0103074 0.23303 -0.75866 1.26143 -0.0542838 -1.05586 
0.0103626 0.213797 -0.69629 1.15696 -0.049001 -1.01994 
0.0104187 0.19413 -0.632522 1.05016 -0.043613 -0.981737 
0.0104755 0.17403 -0.567356 0.941036 -0.0381197 -0.941237 
0.010533 0.153498 -0.500792 0.82959 -0.0325211 -0.898442 
0.0105914 0.132533 -0.432829 0.715821 -0.0268173 -0.853354 
0.0106499 0.111172 -0.363594 0.599936 -0.0210179 -0.805937 
0.010694 0.0905415 -0.296762 0.488074 -0.0154107 -0.755182 
0.0107165 0.0711612 -0.234041 0.383082 -0.0101292 -0.700621 
0.0107177 0.0530314 -0.17543 0.28496 -0.00517341 -0.642253 
0.0106975 0.0361522 -0.12093 0.193709 -0.00054333 -0.580079 
0.0106558 0.0205236 -0.0705406 0.109328 0.00376105 -0.514099 
0.0105927 0.00614562 -0.0242617 0.0318172 0.00773973 -0.444312 
0.0105082 -0.00698178 0.0179067 -0.038823 0.0113927 -0.370718 
0.0104022 -0.0188586 0.0559645 -0.102593 0.01472 -0.293318 
0.0102748 -0.0294848 0.0899118 -0.159492 0.0177215 -0.212112 
0.010126 -0.0388604 0.119749 -0.209521 0.0203974 -0.127099 
0.00995582 -0.0469855 0.145475 -0.25268 0.0227476 -0.0382792 
0.00976417 -0.0538599 0.16709 -0.288968 0.024772 0.0543467 
0.0095511 -0.0594837 0.184595 -0.318386 0.0264708 0.150779 
0.0093166 -0.063857 0.19799 -0.340934 0.0278438 0.251018 
0.00906068 -0.0669796 0.207274 -0.356611 0.0288912 0.355063 
0.00880904 -0.0691324 0.213415 -0.36703 0.0296796 0.461736 
0.00859328 -0.0706606 0.217605 -0.374171 0.0302913 0.569588 
0.00841348 -0.071565 0.219846 -0.37804 0.0307264 0.678615 
0.00826964 -0.0718456 0.220139 -0.378637 0.030985 0.788817 
0.00816177 -0.0715024 0.218483 -0.375962 0.0310671 0.900194 
0.00808985 -0.0705355 0.214878 -0.370014 0.0309726 1.01275 
0.0080539 -0.0689448 0.209324 -0.360795 0.0307015 1.12647 
0.00805391 -0.0667304 0.201822 -0.348303 0.0302539 1.24137 
0.00808988 -0.0638921 0.192371 -0.33254 0.0296298 1.35745 
0.00816181 -0.0604302 0.180972 -0.313504 0.0288291 1.4747 
0.00826971 -0.0563444 0.167624 -0.291196 0.0278519 1.59313 
0.00841356 -0.0516349 0.152327 -0.265615 0.0266981 1.71273 
0.00859338 -0.0463016 0.135081 -0.236763 0.0253677 1.83351 
0.00880916 -0.0403445 0.115887 -0.204639 0.0238608 1.95546 
0.00906083 -0.0337644 0.0947465 -0.169246 0.0221776 2.07858 
0.00929267 -0.0271457 0.0734867 -0.133642 0.0204672 2.19455 
0.00945643 -0.0209945 0.0536897 -0.100473 0.0188589 2.2962 
0.00955212 -0.0153108 0.0353554 -0.0697403 0.0173526 2.38352 
0.00957972 -0.0100945 0.018484 -0.0414429 0.0159483 2.45651 
0.00953926 -0.00534571 0.0030754 -0.0155811 0.0146461 2.51517 
0.00943071 -0.00106438 -0.0108704 0.00784515 0.0134459 2.5595 
0.00925409 0.00274948 -0.0233535 0.0288358 0.0123478 2.5895 
0.00900939 0.00609588 -0.0343737 0.047391 0.0113518 2.60518 
0.00869662 0.00897481 -0.0439312 0.0635105 0.0104577 2.60652 
0.00831576 0.0113863 -0.0520258 0.0771946 0.00966576 2.59353 
0.00786683 0.0133303 -0.0586577 0.088443 0.00897583 2.56622 
0.00734983 0.0148068 -0.0638268 0.0972559 0.00838795 2.52457 
0.00676475 0.0158158 -0.067533 0.103633 0.00790211 2.4686 
0.00611159 0.0163574 -0.0697765 0.107575 0.00751831 2.39829 
0.00552168 0.0165907 -0.0708277 0.109557 0.00717491 2.31557 
0.00533857 0.0169319 -0.0713941 0.110825 0.00671063 2.22544 
0.00558021 0.0174028 -0.0715127 0.111444 0.00611704 2.12814 
0.00624661 0.0180034 -0.0711835 0.111414 0.00539414 2.02369 
0.00733777 0.0187337 -0.0704065 0.110734 0.00454192 1.91208 
0.00885368 0.0195938 -0.0691817 0.109405 0.0035604 1.79332 
0.0107943 0.0205835 -0.0675092 0.107427 0.00244956 1.6674 
0.0131598 0.0217029 -0.0653888 0.1048 0.00120941 1.53432 
0.0159499 0.022952 -0.0628207 0.101523 -0.000160048 1.39409 
0.0191649 0.0243309 -0.0598047 0.0975975 -0.00165882 1.2467 
0.0228045 0.0258394 -0.056341 0.0930226 -0.0032869 1.09215 
0.026869 0.0274777 -0.0524295 0.0877985 -0.00504429 0.93045 
0.0313582 0.0292456 -0.0480701 0.0819252 -0.006931 0.761592 
0.0362721 0.0311433 -0.043263 0.0754027 -0.00894701 0.585577 
0.0416108 0.0331706 -0.0380081 0.068231 -0.0110923 0.402406 
0.0470931 0.0350954 -0.032375 0.0603781 -0.0131281 0.214964 
0.0502071 0.034842 -0.0269845 0.0515584 -0.0129201 0.049032 
0.0503578 0.0319188 -0.0219839 0.0417042 -0.0099629 -0.0892843 
0.0475452 0.0263259 -0.0173731 0.0308156 -0.00425645 -0.199985 
0.0417694 0.0180632 -0.0131521 0.0188925 0.00419922 -0.28307 
0.0330302 0.00713076 -0.00932099 0.00593491 0.0154041 -0.338539 
0.0213278 -0.00647143 -0.00587968 -0.00805712 0.0293582 -0.366392 
0.00666211 -0.0227434 -0.00282819 -0.0230836 0.0460616 -0.36663 
-0.00968565 -0.0403211 -0.000251523 -0.0381335 0.0640735 -0.343277 
-0.0230564 -0.0542447 0.0015412 -0.0495301 0.0781549 -0.310976 
-0.0330248 -0.0640613 0.00252178 -0.0569377 0.0878277 -0.271061 
-0.0395909 -0.069771 0.0026902 -0.0603564 0.0930918 -0.223532 
-0.0427547 -0.0713738 0.00204647 -0.0597861 0.0939472 -0.168391 
-0.0425162 -0.0688696 0.000590588 -0.0552269 0.090394 -0.105636 
-0.0390185 -0.062436 -0.00163894 -0.0468577 0.082624 -0.0357526 
-0.0348619 -0.0552997 -0.00394248 -0.0379301 0.0741239 0.0324506 
-0.0310147 -0.048662 -0.00605948 -0.029655 0.0661922 0.0956933 
-0.027477 -0.0425231 -0.00798995 -0.0220324 0.0588287 0.153976 
-0.0242487 -0.0368828 -0.00973388 -0.0150624 0.0520337 0.207298 
-0.0213299 -0.0317413 -0.0112913 -0.00874477 0.0458069 0.255659 
-0.0187205 -0.0270985 -0.0126621 -0.00307968 0.0401485 0.299061 
-0.0164205 -0.0229543 -0.0138465 0.00193291 0.0350584 0.337502 
-0.01443 -0.0193089 -0.0148443 0.006293 0.0305366 0.370982 
-0.0127489 -0.0161621 -0.0156555 0.0100006 0.0265832 0.399503 
-0.0113773 -0.0135141 -0.0162803 0.0130557 0.0231981 0.423063 
-0.0103151 -0.0113648 -0.0167185 0.0154583 0.0203813 0.441662 
-0.00956234 -0.00971414 -0.0169701 0.0172084 0.0181329 0.455301 
-0.00911903 -0.00856221 -0.0170353 0.018306 0.0164528 0.46398 
-0.00898516 -0.00790898 -0.0169138 0.0187511 0.015341 0.467698 
-0.00916073 -0.00775446 -0.0166059 0.0185437 0.0147976 0.466457 
-0.00964575 -0.00809864 -0.0161114 0.0176838 0.0148224 0.460254 
-0.010414 -0.00890786 -0.0154386 0.0162074 0.0153791 0.449224 
-0.011068 -0.00967023 -0.0147118 0.0146621 0.015911 0.435374 
-0.0114732 -0.0102128 -0.0139732 0.0132329 0.0162301 0.419382 
-0.0116297 -0.0105355 -0.0132226 0.0119197 0.0163365 0.40125 
-0.0115374 -0.0106384 -0.0124602 0.0107226 0.0162302 0.380977 
-0.0111964 -0.0105215 -0.0116858 0.00964167 0.0159111 0.358563 
-0.0106066 -0.0101848 -0.0108996 0.00867679 0.0153792 0.334008 
-0.00976815 -0.00962829 -0.0101015 0.00782799 0.0146346 0.307312 
-0.00868093 -0.00885193 -0.00929144 0.00709528 0.0136773 0.278475 
-0.00734497 -0.00785575 -0.00846951 0.00647866 0.0125072 0.247497 
-0.00576028 -0.00663976 -0.00763569 0.00597813 0.0111243 0.214378 
-0.00392685 -0.00520394 -0.00678997 0.00559368 0.00952871 0.179119 
-0.00184468 -0.00354831 -0.00593236 0.00532533 0.00772035 0.141718 
0.000486222 -0.00167285 -0.00506285 0.00517306 0.00569923 0.102176 
0.00306586 0.000422422 -0.00418145 0.00513687 0.00346537 0.0604934 
0.00589424 0.00273751 -0.00328815 0.00521678 0.00101875 0.0166697 
0.00897136 0.00527243 -0.00238296 0.00541277 -0.00164062 -0.0292949 
0.0122972 0.00802716 -0.00146587 0.00572486 -0.00451275 -0.0774004 
0.0158718 0.0110017 -0.000536886 0.00615303 -0.00759762 -0.127647 
0.0196951 0.0141961 0.000403993 0.00669728 -0.0108953 -0.180034 
0.0237672 0.0176103 0.00135677 0.00735763 -0.0144056 -0.234563 
0.028088 0.0212443 0.00232144 0.00813406 -0.0181288 -0.291232 
0.0326575 0.0250981 0.003298 0.00902658 -0.0220646 -0.350043 
0.0374758 0.0291717 0.00428647 0.0100352 -0.0262133 -0.410994 
0.0425428 0.0334652 0.00528682 0.0111599 -0.0305747 -0.474086 
0.0478586 0.0379785 0.00629907 0.0124007 -0.0351488 -0.539319 
0.0534231 0.0427116 0.00732322 0.0137575 -0.0399357 -0.606694 
0.0592363 0.0476645 0.00835926 0.0152305 -0.0449354 -0.676209 
0.0652982 0.0528373 0.0094072 0.0168196 -0.0501478 -0.747865 
0.0716089 0.0582298 0.010467 0.0185247 -0.0555729 -0.821662 
0.0781684 0.0638422 0.0115388 0.0203459 -0.0612108 -0.8976 
0.0849765 0.0696744 0.0126224 0.0222832 -0.0670615 -0.975679 
0.0920334 0.0757264 0.0137179 0.0243366 -0.0731249 -1.0559 
0.0993391 0.0819983 0.0148253 0.0265061 -0.079401 -1.13826 
0.106893 0.0884899 0.0159446 0.0287917 -0.0858899 -1.22276 
0.114697 0.0952014 0.0170758 0.0311934 -0.0925916 -1.3094 
0.122748 0.102133 0.0182189 0.0337111 -0.099506 -1.39819 
0.131049 0.109284 0.0193739 0.0363449 -0.106633 -1.48911 
0.139598 0.116655 0.0205408 0.0390949 -0.113973 -1.58218 
0.148396 0.124245 0.0217196 0.0419609 -0.121526 -1.67739 
0.157202 0.131843 0.0228725 0.0448679 -0.129073 -1.77358 
0.164116 0.13777 0.0237016 0.0472239 -0.134891 -1.86168 
0.16873 0.141665 0.0241432 0.048902 -0.138613 -1.93974 
0.171045 0.14353 0.0241971 0.0499024 -0.140237 -2.00775 
0.171062 0.143365 0.0238635 0.0502249 -0.139764 -2.06572 
0.168779 0.141168 0.0231423 0.0498696 -0.137195 -2.11366 
0.164197 0.136941 0.0220336 0.0488366 -0.132528 -2.15155 
0.157316 0.130684 0.0205373 0.0471257 -0.125764 -2.17939 
0.148136 0.122395 0.0186534 0.044737 -0.116902 -2.1972 
0.136656 0.112077 0.016382 0.0416706 -0.105944 -2.20496 
0.122878 0.0997269 0.0137229 0.0379263 -0.0928886 -2.20269 
0.106801 0.0853467 0.0106763 0.0335042 -0.0777361 -2.19037 
0.088424 0.0689357 0.00724219 0.0284043 -0.0604864 -2.16801 
0.0677484 0.0504942 0.00342046 0.0226266 -0.0411397 -2.1356 
0.0447737 0.0300219 -0.000788834 0.0161712 -0.0196958 -2.09316 
0.0194999 0.00751905 -0.0053857 0.00903787 0.00384518 -2.04067 
-0.00807298 -0.0170145 -0.0103701 0.00122677 0.0294833 -1.97815 
-0.037945 -0.0435787 -0.0157421 -0.00726213 0.0572185 -1.90558 
-0.0697743 -0.0718699 -0.0214428 -0.0163284 0.0867343 -1.82381 
-0.100901 -0.0995236 -0.0270137 -0.0251899 0.115567 -1.73939 
-0.130762 -0.126039 -0.0323577 -0.033681 0.143194 -1.65372 
-0.159356 -0.151417 -0.0374748 -0.0418017 0.169616 -1.56679 
-0.186685 -0.175656 -0.042365 -0.0495521 0.194833 -1.4786 
-0.212747 -0.198757 -0.0470283 -0.0569321 0.218845 -1.38915 
-0.237543 -0.22072 -0.0514648 -0.0639417 0.241651 -1.29845 
-0.261074 -0.241545 -0.0556743 -0.070581 0.263253 -1.20649 
-0.283338 -0.261232 -0.059657 -0.0768498 0.283649 -1.11327 
-0.304336 -0.279781 -0.0634127 -0.0827483 0.30284 -1.01879 
-0.324068 -0.297191 -0.0669416 -0.0882764 0.320825 -0.92306 
-0.342534 -0.313463 -0.0702436 -0.0934342 0.337606 -0.826068 
-0.359735 -0.328598 -0.0733186 -0.0982216 0.353181 -0.727818 
-0.375668 -0.342594 -0.0761668 -0.102639 0.367551 -0.628311 
-0.390336 -0.355452 -0.0787881 -0.106685 0.380716 -0.527546 
-0.403738 -0.367171 -0.0811825 -0.110361 0.392676 -0.425523 
-0.415874 -0.377753 -0.0833501 -0.113667 0.403431 -0.322243 
-0.426744 -0.387197 -0.0852907 -0.116603 0.41298 -0.217705 
-0.436626 -0.395756 -0.087055 -0.119252 0.421599 -0.11334 
-0.446229 -0.404077 -0.0887712 -0.121826 0.42998 -0.0127735 
-0.455586 -0.412191 -0.0904455 -0.124337 0.438158 0.0838164 
-0.464698 -0.420097 -0.092078 -0.126783 0.446133 0.17643 
-0.473565 -0.427795 -0.0936686 -0.129166 0.453905 0.265067 
-0.482186 -0.435286 -0.0952174 -0.131484 0.461474 0.349728 
-0.490562 -0.44257 -0.0967243 -0.133739 0.468841 0.430413 
-0.498693 -0.449647 -0.0981894 -0.13593 0.476004 0.507121 
-0.506578 -0.456516 -0.0996126 -0.138056 0.482964 0.579853 
-0.514219 -0.463177 -0.100994 -0.140119 0.489721 0.648608 
-0.521613 -0.469632 -0.102334 -0.142118 0.496275 0.713387 
-0.528763 -0.475878 -0.103631 -0.144053 0.502626 0.77419 
-0.535667 -0.481918 -0.104887 -0.145924 0.508775 0.831016 
-0.542325 -0.48775 -0.106101 -0.14773 0.51472 0.883866 
-0.548739 -0.493375 -0.107273 -0.149473 0.520462 0.93274 
-0.554907 -0.498792 -0.108403 -0.151152 0.526001 0.977637 
-0.560829 -0.504002 -0.109492 -0.152767 0.531337 1.01856 
-0.566507 -0.509004 -0.110538 -0.154318 0.536471 1.0555 
-0.571939 -0.513799 -0.111543 -0.155805 0.541401 1.08847 
-0.577126 -0.518387 -0.112506 -0.157228 0.546128 1.11746 
-0.582067 -0.522767 -0.113427 -0.158587 0.550652 1.14248 
-0.586763 -0.52694 -0.114306 -0.159882 0.554973 1.16352 
-0.591214 -0.530906 -0.115143 -0.161113 0.559092 1.18058 
-0.595419 -0.534664 -0.115939 -0.16228 0.563007 1.19367 
-0.598993 -0.537877 -0.116626 -0.163279 0.566348 1.20262 
-0.600279 -0.5391 -0.116918 -0.163663 0.567527 1.20681 
-0.599089 -0.538169 -0.116784 -0.16338 0.566361 1.20614 
-0.595423 -0.535082 -0.116223 -0.162431 0.562852 1.20062 
-0.589281 -0.529841 -0.115235 -0.160815 0.556998 1.19026 
-0.580663 -0.522444 -0.11382 -0.158534 0.548801 1.17504 
-0.569568 -0.512893 -0.111979 -0.155585 0.538259 1.15498 
-0.555997 -0.501187 -0.10971 -0.151971 0.525374 1.13006 
-0.53995 -0.487326 -0.107015 -0.14769 0.510144 1.10029 
-0.521427 -0.471309 -0.103892 -0.142743 0.492571 1.06568 
-0.500428 -0.453138 -0.100343 -0.13713 0.472653 1.02621 
-0.476952 -0.432812 -0.0963671 -0.13085 0.450391 0.9819 
-0.451 -0.410331 -0.0919642 -0.123904 0.425785 0.932736 
-0.422572 -0.385695 -0.0871344 -0.116292 0.398836 0.878722 
-0.391668 -0.358904 -0.0818778 -0.108013 0.369542 0.819858 
-0.358288 -0.329959 -0.0761943 -0.0990682 0.337904 0.756145 
-0.322431 -0.298858 -0.0700839 -0.0894569 0.303922 0.687582 
-0.284099 -0.265602 -0.0635467 -0.0791793 0.267596 0.614169 
-0.24329 -0.230191 -0.0565825 -0.0682354 0.228926 0.535906 
-0.200426 -0.192969 -0.0492416 -0.056736 0.188315 0.453319 
-0.156276 -0.154558 -0.041615 -0.0448833 0.146495 0.367365 
-0.110855 -0.114972 -0.0337047 -0.0326815 0.103483 0.278064 
-0.0641629 -0.0742123 -0.0255107 -0.0201305 0.0592782 0.185417 
-0.0162006 -0.0322774 -0.0170329 -0.00723051 0.0138808 0.0894226 
0.0330323 0.0108321 -0.0082714 0.00601863 -0.0327091 -0.00991864 
0.0835359 0.0551163 0.000773834 0.0196169 -0.0804917 -0.112607 
0.13531 0.100575 0.0101028 0.0335642 -0.129467 -0.218642 
0.188355 0.147209 0.0197155 0.0478607 -0.179635 -0.328023 
0.24267 0.195017 0.0296119 0.0625063 -0.230995 -0.440752 
0.294547 0.240651 0.0390662 0.0764832 -0.280048 -0.548779 
0.33193 0.273226 0.0457195 0.0864841 -0.315417 -0.625958 
0.353894 0.291905 0.0493905 0.0922548 -0.336227 -0.670275 
0.360437 0.29669 0.0500792 0.0937952 -0.34248 -0.681733 
0.351561 0.287579 0.0477856 0.0911054 -0.334175 -0.66033 
0.327265 0.264572 0.0425096 0.0841853 -0.311312 -0.606067 
0.287549 0.22767 0.0342514 0.073035 -0.273891 -0.518943 
0.232413 0.176873 0.0230108 0.0576544 -0.221912 -0.398959 
0.168576 0.118226 0.0101012 0.03988 -0.161719 -0.260444 
0.108585 0.0630188 -0.00202519 0.0231411 -0.105156 -0.130153 
0.0527261 0.0115086 -0.0133126 0.00751562 -0.0524944 -0.00869737 
0.000998636 -0.0363046 -0.023761 -0.00699634 -0.00373321 0.103924 
-0.0465971 -0.080421 -0.0333703 -0.0203948 0.0411273 0.207712 
-0.0884923 -0.119541 -0.0418974 -0.0322751 0.0805975 0.299662 
-0.106962 -0.138982 -0.0465934 -0.0380659 0.0978483 0.345853 
-0.0970287 -0.134623 -0.0466864 -0.0364832 0.0881538 0.336757 
-0.0586925 -0.106462 -0.0421765 -0.0275272 0.051514 0.272374 
0.00679289 -0.0555668 -0.03326 -0.0115312 -0.0108824 0.155173 
0.0754844 -0.00232547 -0.0236845 0.00513885 -0.0763349 0.0322798 
0.138238 0.0454761 -0.0148816 0.0200518 -0.136174 -0.078308 
0.191803 0.0842503 -0.00774458 0.0321462 -0.187376 -0.168017 
0.209318 0.0843404 -0.00965835 0.0326491 -0.204944 -0.16598 
0.187854 0.041559 -0.021682 0.0203257 -0.186216 -0.0621699 
0.176318 -0.00539399 -0.034441 0.00668666 -0.177669 0.0512613 
0.206684 -0.0183329 -0.0370878 0.002697 -0.208832 0.0815306 
0.290649 0.0203413 -0.0231692 0.0130566 -0.290231 -0.0158196 
0.370495 0.0178754 -0.0144214 0.0100005 -0.369954 -0.020799 
0.456273 -0.00843953 0.00421429 -0.0041024 -0.456592 0.01286 
0.55044 -0.0242871 0.0473907 -0.0203502 -0.550428 -0.00417273 
0.583626 -0.0585659 0.105945 -0.0486217 -0.58297 0.00130774 
0.485134 -0.0741379 0.133543 -0.0565389 -0.487429 -0.00233195 
0.398083 -0.0813724 0.152217 -0.0798406 -0.390823 0.00726964 
0.298666 -0.07256 0.121937 -0.0241835 -0.319004 -0.0203467 
0.246561 -0.0707842 0.141235 -0.0971366 -0.225015 0.0215477 
0.183204 -0.0585609 0.130754 -0.126338 -0.139485 0.043719 
0.11939 -0.0377303 0.0654564 -0.0183402 -0.126968 -0.00757884 
0.0653831 -0.0238444 0.0106007 0.0916094 -0.128659 -0.0632755 
0.022738 -0.0232694 -0.00115017 0.128281 -0.106599 -0.0838605 
-0.00168957 -0.0265413 0.00988972 0.109029 -0.0728999 -0.0745893 
-0.0066413 -0.0314014 0.0385563 0.039057 -0.0306771 -0.0373183 
-0.00515859 -0.0363372 0.0697823 -0.0391474 0.00975425 0.00459578 
-0.00385828 -0.0405809 0.0959227 -0.104027 0.0431605 0.0393024 
-0.00274036 -0.0441328 0.116978 -0.155582 0.0695417 0.0668014 
-0.00180483 -0.0469926 0.132947 -0.193813 0.0888978 0.087093 
-0.00105169 -0.0491605 0.143831 -0.218719 0.101229 0.100177 
-0.000476039 -0.0506147 0.14967 -0.230551 0.106682 0.106206 
3.77631e-06 -0.0509927 0.15114 -0.233486 0.107703 0.107706 
0.000416761 -0.0501656 0.148479 -0.229008 0.105161 0.105577 
0.000762914 -0.0481335 0.141688 -0.217117 0.0990554 0.0998183 
0.00104224 -0.0448964 0.130768 -0.197813 0.0893872 0.0904294 
0.00125473 -0.0404543 0.115717 -0.171096 0.0761559 0.0774107 
0.00140038 -0.0348073 0.0965371 -0.136965 0.0593616 0.060762 
0.00147921 -0.0279552 0.0732268 -0.0954217 0.0390043 0.0404835 
0.00149121 -0.019898 0.0457866 -0.046465 0.0150839 0.0165751 
0.00143637 -0.0106359 0.0142164 0.00990476 -0.0123995 -0.0109631 
0.00131471 -0.000168804 -0.0214837 0.0736877 -0.043446 -0.0421313 
0.00112432 0.011439 -0.061035 0.14429 -0.0777429 -0.0766186 
0.000848035 0.0236039 -0.101907 0.216319 -0.112454 -0.111606 
0.000481742 0.0361858 -0.143494 0.288482 -0.146899 -0.146418 
2.54378e-05 0.0491849 -0.185795 0.36078 -0.181079 -0.181054 
-0.000520876 0.0626011 -0.22881 0.433212 -0.214993 -0.215514 
-0.0011572 0.0764343 -0.27254 0.505779 -0.248641 -0.249798 
-0.0018823 0.0906616 -0.316913 0.578366 -0.281971 -0.283853 
-0.00252844 0.102138 -0.352254 0.635384 -0.307932 -0.310461 
-0.00297738 0.108648 -0.371741 0.665845 -0.321554 -0.324532 
-0.00322912 0.11019 -0.375376 0.669748 -0.322836 -0.326066 
-0.00328366 0.106765 -0.363157 0.647094 -0.311779 -0.315063 
-0.003141 0.0983731 -0.335085 0.597884 -0.288382 -0.291523 
-0.00280114 0.0850138 -0.291161 0.522116 -0.252646 -0.255447 
-0.00226408 0.0666874 -0.231383 0.419791 -0.20457 -0.206835 
-0.00152982 0.0433937 -0.155753 0.290908 -0.144155 -0.145685 
-0.000629964 0.0159538 -0.066897 0.139884 -0.0734243 -0.0740543 
0.000264859 -0.0112009 0.0209965 -0.00944649 -0.00330298 -0.00303812 
0.00112916 -0.0374082 0.105808 -0.153523 0.0645766 0.0657058 
0.00196295 -0.0626681 0.187539 -0.292345 0.130215 0.132177 
0.00276621 -0.0869808 0.266188 -0.425912 0.193611 0.196377 
0.00353896 -0.110346 0.341755 -0.554225 0.254765 0.258304 
0.00428118 -0.132764 0.414241 -0.677284 0.313678 0.317959 
0.00499289 -0.154235 0.483646 -0.795088 0.370349 0.375342 
0.00567407 -0.174758 0.549969 -0.907638 0.424778 0.430452 
0.00632474 -0.194334 0.61321 -1.01493 0.476966 0.48329 
0.00694489 -0.212963 0.67337 -1.11698 0.526912 0.533856 
0.00753452 -0.230644 0.730448 -1.21376 0.574616 0.58215 
0.00809363 -0.247378 0.784445 -1.3053 0.620078 0.628172 
0.00862121 -0.263135 0.83527 -1.39143 0.663286 0.671908 
0.00910843 -0.277661 0.882126 -1.47087 0.704132 0.713241 
0.00955321 -0.290894 0.924827 -1.54332 0.74259 0.752143 
0.00995557 -0.302835 0.963373 -1.60877 0.77866 0.788615 
0.0103155 -0.313485 0.997764 -1.66724 0.812342 0.822657 
0.010633 -0.322842 1.028 -1.71871 0.843636 0.854269 
0.010908 -0.330907 1.05408 -1.76319 0.872542 0.88345 
0.0111407 -0.33768 1.07601 -1.80067 0.89906 0.9102 
0.0113309 -0.343161 1.09378 -1.83117 0.92319 0.934521 
0.0114786 -0.347351 1.1074 -1.85467 0.944932 0.95641 
0.011584 -0.350248 1.11686 -1.87118 0.964286 0.97587 
0.0116469 -0.351853 1.12216 -1.8807 0.981252 0.992899 
0.0116673 -0.352166 1.12332 -1.88322 0.99583 1.0075 
0.0116454 -0.351187 1.12031 -1.87876 1.00802 1.01967 
0.011581 -0.348916 1.11315 -1.8673 1.01782 1.0294 
0.0114742 -0.345353 1.10184 -1.84884 1.02524 1.03671 
0.0113254 -0.340514 1.08642 -1.82348 1.0303 1.04163 
0.0111473 -0.334775 1.06811 -1.79327 1.03396 1.04511 
0.0109453 -0.3283 1.04743 -1.75907 1.03662 1.04756 
0.0107193 -0.321089 1.02437 -1.7209 1.03827 1.04899 
0.0104694 -0.313141 0.998943 -1.67875 1.03893 1.0494 
0.0101955 -0.304456 0.971143 -1.63262 1.03858 1.04878 
0.00989769 -0.295035 0.94097 -1.58252 1.03723 1.04713 
0.00957593 -0.284878 0.908425 -1.52843 1.03489 1.04446 
0.00923022 -0.273983 0.873508 -1.47037 1.03154 1.04077 
0.00886056 -0.262353 0.836219 -1.40834 1.02718 1.03605 
0.00846696 -0.249985 0.796558 -1.34232 1.02183 1.0303 
0.00804942 -0.236881 0.754524 -1.27233 1.01548 1.02353 
0.00760793 -0.223041 0.710118 -1.19836 1.00812 1.01573 
0.00714249 -0.208464 0.66334 -1.12042 0.999766 1.00691 
0.00665311 -0.19315 0.61419 -1.0385 0.990409 0.997062 
0.00613979 -0.1771 0.562667 -0.952595 0.98005 0.98619 
0.00560251 -0.160314 0.508773 -0.862718 0.96869 0.974292 
0.0050413 -0.14279 0.452506 -0.768863 0.956329 0.96137 
0.00447543 -0.125166 0.39591 -0.674446 0.94086 0.945336 
0.00393115 -0.108306 0.341761 -0.58411 0.919423 0.923354 
0.0034086 -0.0922132 0.290074 -0.49788 0.892001 0.895409 
0.00290777 -0.0768887 0.240851 -0.415756 0.858594 0.861501 
0.00242868 -0.0623324 0.19409 -0.337739 0.819201 0.82163 
0.00197131 -0.0485443 0.149791 -0.263828 0.773824 0.775796 
0.00153567 -0.0355243 0.107956 -0.194024 0.722462 0.723998 
0.00112177 -0.0232724 0.0685831 -0.128326 0.665115 0.666237 
0.000729588 -0.0117886 0.0316731 -0.0667348 0.601783 0.602513 
0.000359139 -0.00107303 -0.0027742 -0.0092498 0.532466 0.532825 
1.04189e-05 0.00887444 -0.0347588 0.0441288 0.457164 0.457174 
-0.000316572 0.0180538 -0.0642806 0.093401 0.375877 0.37556 
-0.000621833 0.0264649 -0.0913397 0.138567 0.288605 0.287983 
-0.000905366 0.034108 -0.115936 0.179626 0.195348 0.194443 
-0.00116717 0.0409829 -0.13807 0.216579 0.096106 0.0949388 
-0.00140724 0.0470896 -0.157741 0.249426 -0.00912092 -0.0105282 
-0.00162558 0.0524594 -0.175048 0.27833 -0.118273 -0.119898 
-0.00182219 0.0571466 -0.190166 0.303578 -0.227751 -0.229574 
-0.00199705 0.0611523 -0.203096 0.325176 -0.337492 -0.339489 
-0.00215018 0.0644764 -0.21384 0.343123 -0.447494 -0.449644 
-0.00228157 0.0671189 -0.222397 0.357419 -0.557758 -0.56004 
-0.00239122 0.0690798 -0.228767 0.368065 -0.668284 -0.670675 
-0.00247913 0.0703591 -0.23295 0.37506 -0.779071 -0.78155 
-0.0025453 0.0709569 -0.234947 0.378404 -0.89012 -0.892665 
-0.00258974 0.0708731 -0.234756 0.378098 -1.00143 -1.00402 
-0.00261243 0.0701078 -0.232379 0.374141 -1.113 -1.11562 
-0.00261339 0.0686608 -0.227814 0.366533 -1.22484 -1.22745 
-0.00259261 0.0665323 -0.221063 0.355275 -1.33693 -1.33952 
-0.00255009 0.0637222 -0.212125 0.340366 -1.44929 -1.45184 
-0.00248583 0.0602306 -0.201 0.321806 -1.56191 -1.56439 
-0.00239984 0.0560573 -0.187688 0.299596 -1.67479 -1.67719 
-0.0022921 0.0512025 -0.17219 0.273735 -1.78793 -1.79022 
-0.00216307 0.0456858 -0.154567 0.244328 -1.90108 -1.90325 
-0.0020272 0.0401516 -0.136869 0.214801 -2.00597 -2.008 
-0.00189147 0.034912 -0.12009 0.186812 -2.0986 -2.10049 
-0.0017559 0.0299668 -0.104229 0.160362 -2.17897 -2.18072 
-0.00162049 0.0253161 -0.089285 0.13545 -2.24707 -2.24869 
-0.00148522 0.0209599 -0.0752593 0.112076 -2.3029 -2.30439 
-0.00135011 0.0168982 -0.0621514 0.0902403 -2.34648 -2.34783 
-0.00121515 0.0131309 -0.0499614 0.069943 -2.37779 -2.37901 
-0.00108034 0.00965817 -0.0386892 0.0511841 -2.39684 -2.39792 
-0.000945681 0.00647988 -0.028335 0.0339634 -2.40362 -2.40457 
-0.000811177 0.00359608 -0.0188985 0.018281 -2.39814 -2.39896 
-0.000676825 0.00100675 -0.01038 0.0041369 -2.3804 -2.38108 
-0.000542625 -0.00128809 -0.00277928 -0.00846893 -2.3504 -2.35094 
-0.000408578 -0.00328845 0.00390355 -0.0195365 -2.30813 -2.30854 
-0.000274683 -0.00499433 0.00966851 -0.0290657 -2.2536 -2.25387 
-0.000140939 -0.00640573 0.0145156 -0.0370567 -2.1868 -2.18694 
-7.34867e-06 -0.00752265 0.0184448 -0.0435094 -2.10775 -2.10775 
0.00012609 -0.00834509 0.0214562 -0.0484238 -2.01642 -2.0163 
0.000259376 -0.00887305 0.0235497 -0.0517999 -1.91284 -1.91258 
0.000390811 -0.00918234 0.0249567 -0.0540252 -1.80109 -1.8007 
0.000516654 -0.00943985 0.0261866 -0.0559524 -1.6902 -1.68969 
0.000636772 -0.00965155 0.0272575 -0.0576121 -1.5805 -1.57986 
0.000751164 -0.00981744 0.0281695 -0.0590042 -1.47198 -1.47123 
0.000859831 -0.00993752 0.0289226 -0.0601287 -1.36464 -1.36378 
0.000962773 -0.0100118 0.0295168 -0.0609857 -1.25848 -1.25752 
0.00105999 -0.0100402 0.029952 -0.0615752 -1.15351 -1.15245 
0.00115148 -0.0100229 0.0302283 -0.0618971 -1.04972 -1.04857 
0.00123724 -0.00995974 0.0303456 -0.0619514 -0.947115 -0.945878 
0.00131728 -0.00985078 0.0303041 -0.0617382 -0.845692 -0.844375 
0.0013916 -0.009696 0.0301036 -0.0612575 -0.745452 -0.744061 
0.00146019 -0.00949541 0.0297441 -0.0605092 -0.646396 -0.644935 
0.00152305 -0.00924902 0.0292258 -0.0594933 -0.548522 -0.546999 
0.00158019 -0.00895681 0.0285485 -0.0582099 -0.451831 -0.450251 
0.0016316 -0.0086188 0.0277123 -0.056659 -0.356324 -0.354692 
0.00167728 -0.00823497 0.0267171 -0.0548405 -0.261999 -0.260322 
0.00171725 -0.00780534 0.0255631 -0.0527544 -0.168858 -0.167141 
0.00175148 -0.00732989 0.0242501 -0.0504009 -0.0769 -0.0751485 
0.00177999 -0.00680864 0.0227781 -0.0477797 0.013875 0.015655 
0.00180278 -0.00624158 0.0211473 -0.044891 0.103467 0.10527 
0.00181983 -0.00562871 0.0193575 -0.0417348 0.191876 0.193696 
0.00183117 -0.00497002 0.0174087 -0.038311 0.279101 0.280933 
0.00183795 -0.00429108 0.0153832 -0.0347597 0.364417 0.366255 
0.00184215 -0.00363498 0.0134193 -0.0313175 0.446596 0.448438 
0.00184382 -0.00300242 0.0115193 -0.0279881 0.525619 0.527462 
0.00184294 -0.00239341 0.00968321 -0.0247715 0.601485 0.603328 
0.00183952 -0.00180793 0.00791101 -0.0216677 0.674195 0.676034 
0.00183355 -0.00124599 0.00620272 -0.0186767 0.743748 0.745582 
0.00182504 -0.000707591 0.00455832 -0.0157985 0.810145 0.81197 
0.00181399 -0.000192732 0.00297782 -0.0130331 0.873386 0.8752 
0.0018004 0.000298587 0.00146123 -0.0103806 0.93347 0.93527 
0.00178426 0.000766366 8.52907e-06 -0.00784081 0.990398 0.992182 
0.00176558 0.00121061 -0.00138027 -0.00541386 1.04417 1.04593 
0.00174436 0.0016313 -0.00270517 -0.00309971 1.09478 1.09653 
0.00172059 0.00202846 -0.00396617 -0.000898378 1.14224 1.14396 
0.00169428 0.00240208 -0.00516327 0.00119015 1.18655 1.18824 
0.00166543 0.00275216 -0.00629647 0.00316587 1.22769 1.22936 
0.00163404 0.0030787 -0.00736577 0.00502879 1.26568 1.26731 
0.0016001 0.0033817 -0.00837117 0.00677889 1.30051 1.30211 
0.00156362 0.00366116 -0.00931267 0.00841619 1.33219 1.33375 
0.00152459 0.00391708 -0.0101903 0.00994068 1.36071 1.36224 
0.00148303 0.00414946 -0.011004 0.0113524 1.38607 1.38756 
0.00143892 0.0043583 -0.0117538 0.0126512 1.40828 1.40972 
0.00139227 0.0045436 -0.0124397 0.0138373 1.42733 1.42873 
0.00134307 0.00470536 -0.0130617 0.0149106 1.44323 1.44457 
0.00129134 0.00484359 -0.0136198 0.015871 1.45597 1.45726 
0.00123706 0.00495827 -0.014114 0.0167186 1.46555 1.46679 
0.00118023 0.00504941 -0.0145443 0.0174535 1.47197 1.47315 
0.00112087 0.00511701 -0.0149107 0.0180755 1.47524 1.47636 
0.00105896 0.00516107 -0.0152132 0.0185847 1.47536 1.47641 
0.000994507 0.00518159 -0.0154518 0.0189811 1.47231 1.47331 
0.000927512 0.00517857 -0.0156265 0.0192647 1.46611 1.46704 
0.000857975 0.00515201 -0.0157374 0.0194355 1.45676 1.45761 
0.000784731 0.0051038 -0.0157934 0.0195081 1.44434 1.44512 
0.000701746 0.00504367 -0.0158424 0.019558 1.42935 1.43005 
0.000608156 0.00497304 -0.0158911 0.019596 1.41185 1.41246 
0.000503962 0.00489189 -0.0159394 0.0196222 1.39186 1.39236 
0.000389163 0.00480023 -0.0159875 0.0196366 1.36936 1.36975 
0.00026376 0.00469806 -0.0160352 0.0196391 1.34437 1.34463 
0.000127753 0.00458539 -0.0160826 0.0196297 1.31687 1.31699 
-1.88596e-05 0.00446219 -0.0161298 0.0196085 1.28686 1.28684 
-0.000176076 0.00432849 -0.0161766 0.0195755 1.25436 1.25418 
-0.000343898 0.00418428 -0.0162231 0.0195306 1.21935 1.21901 
-0.000522323 0.00402956 -0.0162693 0.0194738 1.18185 1.18132 
-0.000711354 0.00386432 -0.0163152 0.0194052 1.14184 1.14112 
-0.000910988 0.00368858 -0.0163608 0.0193248 1.09932 1.09841 
-0.00112123 0.00350232 -0.016406 0.0192325 1.05431 1.05319 
-0.00134207 0.00330555 -0.016451 0.0191284 1.00679 1.00545 
-0.00157352 0.00309827 -0.0164957 0.0190124 0.956776 0.955203 
-0.00181557 0.00288048 -0.01654 0.0188846 0.904256 0.902441 
-0.00206823 0.00265218 -0.0165841 0.0187449 0.849235 0.847166 
-0.00233149 0.00241337 -0.0166278 0.0185933 0.791711 0.78938 
-0.00260536 0.00216405 -0.0166712 0.0184299 0.731685 0.72908 
-0.00288983 0.00190421 -0.0167143 0.0182547 0.669158 0.666268 
-0.00318491 0.00163387 -0.0167572 0.0180676 0.604128 0.600943 
-0.00349059 0.00135301 -0.0167997 0.0178687 0.536597 0.533106 
-0.00380687 0.00106164 -0.0168419 0.0176579 0.466563 0.462756 
-0.00413376 0.000759766 -0.0168837 0.0174353 0.394028 0.389894 
-0.00447125 0.000447377 -0.0169253 0.0172008 0.31899 0.314519 
-0.00481935 0.000124476 -0.0169666 0.0169545 0.241451 0.236632 
-0.00517805 -0.000208935 -0.0170076 0.0166963 0.16141 0.156232 
-0.00554736 -0.000552858 -0.0170482 0.0164263 0.0788666 0.0733192 
-0.00592727 -0.000907291 -0.0170886 0.0161444 -0.00617863 -0.0121059 
-0.00631779 -0.00127224 -0.0171286 0.0158507 -0.0937258 -0.100044 
-0.00671891 -0.00164769 -0.0171683 0.0155451 -0.183775 -0.190494 
-0.00713063 -0.00203366 -0.0172078 0.0152277 -0.276326 -0.283457 
-0.00752884 -0.00240954 -0.0172388 0.014902 -0.369483 -0.377011 
-0.00787713 -0.00274424 -0.0172493 0.0145736 -0.460383 -0.46826 
-0.00817512 -0.00303746 -0.0172392 0.0142424 -0.548997 -0.557172 
-0.00842282 -0.00328919 -0.0172084 0.0139086 -0.635326 -0.643749 
-0.00862023 -0.00349944 -0.0171569 0.0135719 -0.71937 -0.72799 
-0.00876735 -0.00366819 -0.0170848 0.0132326 -0.801128 -0.809895 
-0.00886417 -0.00379546 -0.016992 0.0128905 -0.880601 -0.889465 
-0.00891071 -0.00388124 -0.0168786 0.0125458 -0.957788 -0.966698 
-0.00890695 -0.00392553 -0.0167445 0.0121982 -1.03269 -1.0416 
-0.0088529 -0.00392834 -0.0165897 0.011848 -1.10531 -1.11416 
-0.00874856 -0.00388965 -0.0164143 0.011495 -1.17564 -1.18438 
-0.00859393 -0.00380948 -0.0162182 0.0111393 -1.24368 -1.25227 
-0.00838901 -0.00368782 -0.0160014 0.0107809 -1.30944 -1.31783 
-0.0081338 -0.00352468 -0.015764 0.0104198 -1.37291 -1.38105 
-0.00782829 -0.00332004 -0.0155059 0.0100559 -1.4341 -1.44193 
-0.00747249 -0.00307392 -0.0152272 0.00968931 -1.49301 -1.50048 
-0.0070664 -0.00278631 -0.0149278 0.00931999 -1.54962 -1.55669 
-0.00661002 -0.00245721 -0.0146078 0.00894794 -1.60396 -1.61057 
-0.00610335 -0.00208663 -0.0142671 0.00857317 -1.656 -1.66211 
-0.00554639 -0.00167456 -0.0139057 0.00819567 -1.70576 -1.71131 
-0.00493914 -0.001221 -0.0135236 0.00781544 -1.75324 -1.75818 
-0.00428159 -0.000725948 -0.013121 0.00743249 -1.79843 -1.80271 
-0.00357375 -0.000189412 -0.0126976 0.00704682 -1.84133 -1.84491 
-0.00281411 0.000390474 -0.0122551 0.0066608 -1.8818 -1.88462 
-0.00196973 0.00105409 -0.0118264 0.00632604 -1.91656 -1.91853 
-0.00102724 0.00181785 -0.0114249 0.00606351 -1.94427 -1.9453 
1.33623e-05 0.00268174 -0.0110507 0.00587321 -1.96494 -1.96493 
0.00115207 0.00364578 -0.0107036 0.00575514 -1.97857 -1.97742 
0.00238889 0.00470995 -0.0103837 0.0057093 -1.98515 -1.98276 
0.00372382 0.00587427 -0.0100911 0.00573568 -1.98469 -1.98097 
0.00515686 0.00713872 -0.0098256 0.0058343 -1.97719 -1.97204 
0.00668801 0.00850331 -0.00958734 0.00600515 -1.96265 -1.95596 
0.00831727 0.00996804 -0.00937629 0.00624823 -1.94106 -1.93274 
0.0100446 0.0115329 -0.00919243 0.00656354 -1.91243 -1.90239 
0.0118701 0.0131979 -0.00903579 0.00695108 -1.87676 -1.86489 
0.0137937 0.0149631 -0.00890634 0.00741085 -1.83404 -1.82025 
0.0158154 0.0168284 -0.00880411 0.00794285 -1.78428 -1.76847 
0.0179352 0.0187938 -0.00872907 0.00854708 -1.72748 -1.70954 
0.0201531 0.0208594 -0.00868124 0.00922354 -1.66363 -1.64348 
0.0224692 0.0230251 -0.00866061 0.00997222 -1.59275 -1.57028 
0.0248833 0.0252909 -0.00866718 0.0107931 -1.51482 -1.48993 
0.0273956 0.0276569 -0.00870096 0.0116863 -1.42984 -1.40245 
0.0300059 0.030123 -0.00876194 0.0126517 -1.33782 -1.30782 
0.0327144 0.0326893 -0.00885013 0.0136893 -1.23876 -1.20605 
0.035505 0.0353411 -0.00896659 0.0147943 -1.13292 -1.09742 
0.0380585 0.0377861 -0.00913276 0.0158705 -1.02551 -0.987456 
0.0402503 0.0399102 -0.00935701 0.0168802 -0.918579 -0.878328 
0.0420804 0.0417133 -0.00963933 0.0178236 -0.812115 -0.770034 
0.0435486 0.0431954 -0.00997973 0.0187005 -0.706123 -0.662574 
0.0446551 0.0443566 -0.0103782 0.0195109 -0.600602 -0.555947 
0.0453999 0.0451968 -0.0108348 0.0202549 -0.495554 -0.450154 
0.0457828 0.0457161 -0.0113494 0.0209325 -0.390977 -0.345194 
0.0458041 0.0459144 -0.0119221 0.0215437 -0.286873 -0.241069 
0.0454635 0.0457918 -0.0125529 0.0220884 -0.18324 -0.137776 
0.0447612 0.0453482 -0.0132418 0.0225666 -0.080079 -0.0353179 
0.0436971 0.0445836 -0.0139887 0.0229785 0.0226099 0.0663071 
0.0422713 0.0434981 -0.0147938 0.0233239 0.124827 0.167098 
0.0404837 0.0420917 -0.0156569 0.0236029 0.226572 0.267056 
0.0383343 0.0403642 -0.0165781 0.0238154 0.327846 0.36618 
0.0358232 0.0383159 -0.0175573 0.0239615 0.428647 0.46447 
0.0322466 0.0353268 -0.0187288 0.0239275 0.525595 0.557842 
0.0252174 0.0292944 -0.0205478 0.0233276 0.607218 0.632435 
0.0145391 0.0200458 -0.0230517 0.02213 0.672571 0.68711 
0.000211768 0.00758092 -0.0262405 0.0203348 0.721655 0.721866 
-0.0177647 -0.00810024 -0.0301143 0.017942 0.754469 0.736704 
-0.0393902 -0.0269977 -0.0346729 0.0149515 0.771014 0.731624 
-0.0646648 -0.0491114 -0.0399165 0.0113634 0.77129 0.706625 
-0.0935885 -0.0744413 -0.045845 0.00717765 0.755296 0.661708 
-0.126161 -0.102988 -0.0524584 0.00239429 0.723033 0.596872 
-0.162383 -0.13475 -0.0597567 -0.00298672 0.6745 0.512117 
-0.202254 -0.169729 -0.0677399 -0.00896536 0.609699 0.407444 
-0.245774 -0.207924 -0.0764081 -0.0155416 0.528627 0.282853 
-0.292156 -0.248641 -0.0856166 -0.0225895 0.432242 0.140085 
-0.327307 -0.279438 -0.0927755 -0.0278511 0.33765 0.0103433 
-0.346016 -0.295718 -0.0969275 -0.030492 0.251176 -0.0948404 
-0.348285 -0.29748 -0.0980726 -0.0305122 0.172819 -0.175466 
-0.334112 -0.284724 -0.0962109 -0.0279117 0.102579 -0.231533 
-0.303499 -0.257451 -0.0913423 -0.0226904 0.0404569 -0.263042 
-0.256445 -0.215661 -0.0834668 -0.0148484 -0.0135482 -0.269993 
-0.192949 -0.159353 -0.0725845 -0.00438575 -0.059436 -0.252385 
-0.113013 -0.0885268 -0.0586953 0.00869766 -0.0972066 -0.210219 
-0.0166354 -0.00318342 -0.0417993 0.0244018 -0.12686 -0.143495 
0.0891399 0.0904351 -0.0231084 0.0415555 -0.149029 -0.0598888 
0.184767 0.175004 -0.0059866 0.0569087 -0.16547 0.0192967 
0.269099 0.249508 0.00936914 0.0702708 -0.176286 0.0928136 
0.342139 0.313948 0.0229588 0.081642 -0.181477 0.160662 
0.403884 0.368323 0.0347824 0.0910222 -0.181043 0.222841 
0.454336 0.412634 0.0448399 0.0984114 -0.174984 0.279352 
0.493495 0.44688 0.0531314 0.10381 -0.1633 0.330194 
0.521359 0.471061 0.0596567 0.107217 -0.145992 0.375368 
0.53793 0.485178 0.064416 0.108633 -0.123058 0.414872 
0.543681 0.489654 0.0674791 0.108145 -0.0947971 0.448883 
0.546553 0.491586 0.0700193 0.107202 -0.0662149 0.480338 
0.549384 0.493511 0.0724556 0.106321 -0.0390986 0.510285 
0.552173 0.495427 0.0747879 0.105504 -0.0134483 0.538725 
0.554921 0.497336 0.0770163 0.104749 0.0107362 0.565657 
0.557626 0.499237 0.0791408 0.104057 0.0334548 0.591081 
0.560291 0.50113 0.0811613 0.103428 0.0547075 0.614998 
0.562914 0.503015 0.083078 0.102862 0.0744943 0.637408 
0.565495 0.504892 0.0848906 0.102358 0.0928152 0.65831 
0.568034 0.506761 0.0865994 0.101918 0.10967 0.677704 
0.570532 0.508622 0.0882042 0.10154 0.125059 0.695591 
0.572988 0.510476 0.0897051 0.101225 0.138983 0.711971 
0.575403 0.512321 0.0911021 0.100973 0.15144 0.726843 
0.577776 0.514159 0.0923951 0.100784 0.162431 0.740207 
0.580107 0.515989 0.0935842 0.100657 0.171957 0.752064 
0.582397 0.517811 0.0946694 0.100594 0.180016 0.762414 
0.584645 0.519625 0.0956506 0.100593 0.18661 0.771255 
0.586852 0.521431 0.0965279 0.100655 0.191738 0.77859 
0.589017 0.523229 0.0973013 0.10078 0.1954 0.784417 
0.59114 0.525019 0.0979708 0.100968 0.197596 0.788736 
0.593222 0.526801 0.0985363 0.101219 0.198326 0.791548 
0.595262 0.528576 0.0989979 0.101532 0.19759 0.792852 
0.597261 0.530343 0.0993556 0.101909 0.195389 0.792649 
0.599214 0.532098 0.0996088 0.102347 0.191727 0.790941 
0.600662 0.533432 0.0996879 0.102746 0.187496 0.788157 
0.601273 0.534049 0.0995429 0.103034 0.183329 0.784602 
0.601048 0.533949 0.0991739 0.103211 0.179226 0.780275 
0.599988 0.533133 0.0985809 0.103276 0.175189 0.775177 
0.598092 0.5316 0.0977639 0.103229 0.171216 0.769308 
0.595359 0.52935 0.0967229 0.103072 0.167308 0.762667 
0.591791 0.526384 0.0954579 0.102802 0.163465 0.755256 
0.587387 0.522702 0.0939688 0.102422 0.159686 0.747073 
0.582147 0.518303 0.0922557 0.101929 0.155972 0.738119 
0.576071 0.513188 0.0903186 0.101326 0.152323 0.728394 
0.56916 0.507355 0.0881575 0.100611 0.148738 0.717898 
0.561412 0.500807 0.0857724 0.0997844 0.145218 0.70663 
0.552828 0.493542 0.0831633 0.0988465 0.141763 0.694591 
0.543409 0.48556 0.0803301 0.0977972 0.138373 0.681781 
0.533153 0.476862 0.0772729 0.0966364 0.135047 0.6682 
0.522062 0.467447 0.0739917 0.0953642 0.131786 0.653848 
0.510135 0.457316 0.0704865 0.0939806 0.12859 0.638724 
0.497372 0.446468 0.0667573 0.0924855 0.125458 0.62283 
0.483772 0.434904 0.0628041 0.090879 0.122391 0.606164 
0.469338 0.422623 0.0586268 0.0891611 0.119389 0.588727 
0.454067 0.409626 0.0542255 0.0873318 0.116452 0.570518 
0.43796 0.395912 0.0496002 0.085391 0.113579 0.551539 
0.416215 0.377207 0.0439877 0.0825073 0.109063 0.525278 
0.383959 0.349175 0.0366134 0.077837 0.10117 0.485128 
0.341191 0.311816 0.0274773 0.07138 0.0898997 0.431091 
0.287912 0.265129 0.0165794 0.0631364 0.0752527 0.363164 
0.224121 0.209114 0.00391978 0.0531061 0.0572287 0.28135 
0.149819 0.143771 -0.0105017 0.0412892 0.0358278 0.185647 
0.065006 0.0691009 -0.0266849 0.0276857 0.0110499 0.0760558 
-0.0303188 -0.0148969 -0.0446299 0.0122955 -0.0171049 -0.0474239 
-0.136155 -0.108222 -0.0643367 -0.00488136 -0.0486367 -0.184792 
-0.243835 -0.203171 -0.0843803 -0.0223542 -0.0809346 -0.32477 
-0.326477 -0.27585 -0.100342 -0.0355 -0.105902 -0.432379 
-0.382166 -0.324557 -0.111907 -0.0439894 -0.122961 -0.505127 
-0.410902 -0.349291 -0.119074 -0.0478225 -0.132113 -0.543015 
-0.412684 -0.350053 -0.121845 -0.0469991 -0.133357 -0.546041 
-0.387513 -0.326842 -0.120219 -0.0415194 -0.126693 -0.514207 
-0.33539 -0.27966 -0.114196 -0.0313832 -0.112122 -0.447511 
-0.259607 -0.211421 -0.10435 -0.0171421 -0.0906245 -0.350231 
-0.1785 -0.138354 -0.0938768 -0.00186499 -0.0676658 -0.246166 
-0.094898 -0.0629644 -0.08327 0.0139746 -0.0440888 -0.138987 
-0.00880064 0.0147487 -0.0725293 0.0303766 -0.0198935 -0.0286939 
0.079792 0.0947851 -0.0616546 0.0473411 0.00492016 0.0847124 
0.166765 0.173564 -0.0515517 0.0642636 0.0291224 0.195888 
0.218619 0.221931 -0.0495935 0.0762239 0.0427027 0.261322 
0.22799 0.233478 -0.0574007 0.0821402 0.0434603 0.271451 
0.194878 0.208205 -0.0749735 0.0820126 0.0313953 0.226274 
0.127685 0.153666 -0.101109 0.0773809 0.00892111 0.136606 
0.0498744 0.0909552 -0.132448 0.0725453 -0.0172219 0.0326523 
-0.0369007 0.0215624 -0.168765 0.0678136 -0.0465613 -0.0834623 
-0.0782328 -0.00489966 -0.20451 0.0741543 -0.0639684 -0.142202 
-0.0338535 0.0483911 -0.235845 0.099814 -0.058287 -0.0921408 
0.051358 0.146655 -0.283546 0.143452 -0.044461 0.00689696 
0.10897 0.229538 -0.358694 0.193442 -0.0413845 0.0675857 
0.0664674 0.22564 -0.452394 0.227811 -0.0653575 0.00111054 
0.0550086 0.236319 -0.50495 0.250642 -0.0739205 -0.0189112 
0.0612082 0.229786 -0.458535 0.232444 -0.0573221 0.00388599 
0.0486381 0.205062 -0.411505 0.209253 -0.0456829 0.00295418 
0.0367117 0.169429 -0.344937 0.175022 -0.0372233 -0.000512795 
0.026982 0.118563 -0.241522 0.122241 -0.0277366 -0.000755269 
0.0187305 0.0702169 -0.142301 0.071607 -0.0192321 -0.000501503 
0.0145116 0.0476649 -0.0957863 0.047992 -0.0146474 -0.000135187 
0.0171129 0.0751125 -0.152231 0.0771786 -0.0170489 6.46949e-05 
0.0237143 0.132058 -0.269471 0.137539 -0.0235825 0.000132443 
0.0285609 0.17666 -0.36146 0.184931 -0.0284231 0.000138226 
0.0314797 0.20758 -0.425435 0.217938 -0.0313934 8.64445e-05 
0.0323851 0.222299 -0.456074 0.233805 -0.0323538 3.11606e-05 
0.0312412 0.219763 -0.451147 0.23138 -0.0312459 -4.98319e-06 
0.0280481 0.199972 -0.410654 0.210661 -0.0280698 -2.19869e-05 
0.0229676 0.164243 -0.337307 0.173044 -0.0229884 -2.10562e-05 
0.0179212 0.128202 -0.26329 0.135073 -0.0179375 -1.65008e-05 
0.0134665 0.0963823 -0.197944 0.10155 -0.0134788 -1.24736e-05 
0.00960347 0.0687848 -0.141268 0.0724751 -0.00961235 -8.97471e-06 
0.00633213 0.0454094 -0.093263 0.0478479 -0.00633807 -6.00402e-06 
0.00365248 0.0262562 -0.0539282 0.0276687 -0.00365601 -3.56158e-06 
0.00156452 0.0113249 -0.0232639 0.0119374 -0.00156615 -1.64738e-06 
6.82437e-05 0.000615796 -0.00127013 0.00065409 -6.85015e-05 -2.61425e-07 
-0.000836347 -0.00587127 0.0120532 -0.00618133 0.000836938 5.96293e-07 
-0.00114925 -0.00813625 0.0167059 -0.00856882 0.00115017 9.2577e-07 
-0.000870469 -0.00617917 0.0126882 -0.00650837 0.000871188 7.27005e-07 
-6.93889e-18 0 0 -1.11022e-16 6.93889e-18 0 
0 0 0 0 0 0 
