-0.676482 -0.427161 0.569175 -0.142014 0.676482 -8.79949e-06 
0.307436 0.208387 -0.288774 0.0803865 -0.307436 -1.39656e-05 
0.330066 0.205361 -0.271209 0.0658474 -0.330066 8.16329e-06 
0.0805939 0.0413371 -0.0476529 0.00631578 -0.0805939 1.30798e-05 
-0.0020814 -0.00388378 0.00704614 -0.00316237 0.0020814 3.15973e-06 
-0.0974418 -0.060929 0.0805809 -0.0196518 0.0974418 -2.07692e-06 
-0.208429 -0.132541 0.17732 -0.0447789 0.208429 -1.54388e-06 
-0.319417 -0.204153 0.274059 -0.0699059 0.319417 -1.01084e-06 
-0.430405 -0.275766 0.370799 -0.0950329 0.430405 -4.778e-07 
-0.541392 -0.347378 0.467538 -0.12016 0.541392 5.52405e-08 
-0.65238 -0.41899 0.564277 -0.145287 0.65238 5.88281e-07 
-0.0310926 -0.0203707 0.0272003 -0.00682958 0.0310926 3.23652e-07 
0.643016 0.412168 -0.555596 0.143428 -0.643016 1.48436e-09 
1.25323 0.803773 -1.08307 0.279298 -1.25323 -2.86215e-07 
1.0065 0.646375 -0.868587 0.222213 -1.0065 -1.11614e-07 
0.759776 0.488976 -0.654103 0.165127 -0.759776 6.29858e-08 
0.513048 0.331577 -0.439618 0.108041 -0.513048 2.37586e-07 
0.37981 0.246153 -0.325381 0.0792278 -0.37981 2.59986e-07 
0.307092 0.199112 -0.264603 0.0654916 -0.307092 2.0122e-07 
0.234375 0.15207 -0.203826 0.0517554 -0.234375 1.42454e-07 
0.161658 0.105029 -0.143048 0.0380192 -0.161658 8.36888e-08 
0.0889407 0.0579875 -0.0822704 0.024283 -0.0889407 2.49231e-08 
0.0162235 0.0109461 -0.0214928 0.0105468 -0.0162235 -3.38425e-08 
-0.0559331 -0.0337705 0.0413122 -0.00754166 0.0559331 -4.82251e-08 
-0.126731 -0.072855 0.109029 -0.0361737 0.126731 4.49139e-08 
-0.19753 -0.111939 0.176745 -0.0648057 0.19753 1.38053e-07 
-0.268328 -0.151024 0.244462 -0.0934377 0.268328 2.31192e-07 
-0.339126 -0.190108 0.312178 -0.12207 0.339126 3.24331e-07 
-0.409925 -0.229193 0.379895 -0.150702 0.409925 4.1747e-07 
-0.480723 -0.268277 0.447611 -0.179334 0.480723 5.10609e-07 
-0.597467 -0.318108 0.486716 -0.168609 0.597467 4.15799e-07 
-0.759225 -0.378466 0.49779 -0.119325 0.759225 1.36852e-07 
-0.920983 -0.438824 0.508865 -0.0700408 0.920983 -1.42094e-07 
-1.08274 -0.499182 0.519939 -0.0207569 1.08274 -4.21041e-07 
-0.719039 -0.28134 0.195793 0.0855469 0.719039 -5.92335e-07 
-0.177585 0.0306101 -0.24175 0.211139 0.177585 -7.27212e-07 
0.363869 0.34256 -0.679292 0.336732 -0.363869 -8.62089e-07 
0.758756 0.564055 -0.981647 0.417592 -0.758756 -9.26552e-07 
0.597527 0.44233 -0.771053 0.328723 -0.597527 -7.23839e-07 
0.436298 0.320605 -0.560459 0.239854 -0.436298 -5.21125e-07 
0.275068 0.19888 -0.349865 0.150985 -0.275068 -3.18412e-07 
0.113839 0.0771545 -0.139271 0.0621161 -0.113839 -1.15699e-07 
0.217501 0.00381574 0.133959 -0.137775 -0.217501 1.68075e-08 
0.372513 -0.0601432 0.41933 -0.359187 -0.372513 1.35704e-07 
0.527524 -0.124102 0.704702 -0.5806 -0.527524 2.54601e-07 
0.682536 -0.188061 0.990074 -0.802012 -0.682536 3.73498e-07 
0.491041 -0.209929 0.96894 -0.75901 -0.491041 6.9228e-07 
-0.00113924 -0.195272 0.681834 -0.486561 0.00113924 1.18451e-06 
-0.493319 -0.180615 0.394728 -0.214113 0.493319 1.67674e-06 
-0.528014 -0.0868128 -0.0201884 0.107001 0.528014 8.91102e-07 
-0.502666 0.0173769 -0.451879 0.434502 0.502666 -6.22553e-08 
-0.46495 0.0863383 -0.719518 0.63318 0.46495 -6.83527e-07 
-0.397965 0.0719283 -0.598913 0.526984 0.397965 -5.18885e-07 
-0.330979 0.0575182 -0.478308 0.420789 0.330979 -3.54243e-07 
-0.263994 0.0431081 -0.357702 0.314594 0.263994 -1.89602e-07 
-0.197009 0.0286981 -0.237097 0.208399 0.197009 -2.49596e-08 
-0.130024 0.014288 -0.116492 0.102203 0.130024 1.39682e-07 
-0.0630389 -0.000122068 0.00411379 -0.00399174 0.0630389 3.04324e-07 
0.0376573 0.00220212 0.0643204 -0.0665224 -0.0376573 1.42827e-07 
0.157549 0.0140551 0.0901347 -0.10419 -0.157549 -2.04381e-07 
0.277441 0.0259081 0.115949 -0.141857 -0.277441 -5.51589e-07 
0.397333 0.0377611 0.141763 -0.179524 -0.397333 -8.98797e-07 
0.517225 0.0496141 0.167578 -0.217192 -0.517225 -1.24601e-06 
0.637117 0.061467 0.193392 -0.254859 -0.637117 -1.59321e-06 
0.646647 -0.0105154 0.331971 -0.321455 -0.646647 -1.50297e-06 
0.530159 -0.178226 0.59931 -0.421084 -0.530159 -9.13214e-07 
0.413671 -0.345936 0.866649 -0.520713 -0.413671 -3.23461e-07 
-0.169213 -0.296235 0.558009 -0.261774 0.169213 1.00075e-06 
-0.883363 -0.185344 0.0872615 0.0980823 0.883363 2.53166e-06 
-1.52429 -0.0726214 -0.361992 0.434613 1.52429 3.9089e-06 
-1.0863 0.0670997 -0.494534 0.427434 1.0863 3.02166e-06 
-0.648311 0.206821 -0.627075 0.420254 0.648311 2.13442e-06 
0.107363 0.315012 -0.602624 0.287612 -0.107363 2.2963e-07 
0.990368 0.410565 -0.515248 0.104682 -0.990368 -2.083e-06 
1.33283 0.46266 -0.48054 0.0178807 -1.33283 -2.86898e-06 
1.13327 0.471176 -0.498645 0.0274686 -1.13327 -2.12415e-06 
0.9115 0.471151 -0.505428 0.034278 -0.9115 -1.34617e-06 
0.474801 0.388479 -0.402684 0.0142058 -0.474801 -2.47499e-07 
0.0591702 0.347034 -0.334876 -0.0121566 -0.0591702 8.88046e-07 
-0.274451 0.466071 -0.403066 -0.0630049 0.274451 2.16712e-06 
0.892152 0.717402 -0.609139 -0.108268 -0.892152 -1.26244e-06 
0.814937 0.810576 -0.623127 -0.187445 -0.814937 -1.30477e-07 
0.360322 0.933524 -0.564372 -0.369144 -0.360322 -3.38405e-07 
0.495514 0.963313 -0.414577 -0.548749 -0.495514 -2.66053e-06 
0.243913 0.985519 -0.158659 -0.826872 -0.243913 2.89438e-06 
-0.633951 -0.0920714 0.881297 -0.789179 0.633951 -9.34356e-06 
-0.644775 -0.281395 0.996329 -0.714925 0.644775 1.382e-05 
-0.554348 -0.316878 0.99743 -0.680552 0.554348 -2.61925e-05 
-0.4753 -0.358501 0.998055 -0.639525 0.4753 0.000110383 
-0.40867 -0.405266 0.999052 -0.593717 0.40867 -5.3707e-06 
-0.352713 -0.455802 0.999803 -0.544031 0.352713 -3.4881e-06 
-0.30581 -0.508353 0.99972 -0.491384 0.30581 -3.23752e-07 
-0.266598 -0.560644 0.998986 -0.438293 0.266598 -3.10337e-07 
-0.234857 -0.613561 0.998545 -0.38503 0.234857 -1.67921e-06 
-0.208924 -0.664188 0.99752 -0.33327 0.208924 7.76527e-07 
-0.188334 -0.712669 0.994997 -0.282265 0.188334 7.65123e-05 
-0.172345 -0.758641 0.993571 -0.234955 0.172345 -5.10763e-05 
-0.160613 -0.800467 0.985766 -0.185312 0.160613 6.14926e-05 
-0.20475 -0.857328 0.63187 0.225437 0.20475 -5.79326e-05 
-0.24875 -0.713395 -0.201936 0.915372 0.24875 8.69806e-05 
-0.205051 -0.404631 -0.597439 1.00205 0.205051 -4.17022e-05 
-0.146595 -0.394041 -0.348177 0.742228 0.146595 1.79566e-05 
-0.103944 0.131606 -0.842281 0.710677 0.103944 1.27265e-06 
-0.103409 -0.209519 -0.478924 0.688441 0.103409 -5.36521e-06 
-0.0408205 -0.458002 0.330115 0.127887 0.0408205 -3.14962e-06 
-0.0479453 -0.0226692 -0.403927 0.426596 0.0479453 -8.95122e-07 
-0.0639309 0.420252 -1.20558 0.785329 0.0639309 8.10319e-07 
-0.050676 0.354454 -0.9764 0.621946 0.050676 7.72936e-07 
-0.0374212 0.288656 -0.747218 0.458563 0.0374212 7.35553e-07 
-0.0324493 0.304348 -0.703025 0.398677 0.0324493 7.43152e-07 
-0.0329279 0.373664 -0.78056 0.406896 0.0329279 7.80351e-07 
-0.0334065 0.44298 -0.858095 0.415115 0.0334065 8.1755e-07 
-0.009337 0.480696 -0.925264 0.444567 0.009337 5.6007e-07 
0.0491703 0.474083 -0.97789 0.503805 -0.0491703 -1.10804e-07 
0.0936237 0.413706 -0.909898 0.496189 -0.0936237 -6.82742e-07 
0.0239753 -0.0831791 0.137388 -0.0542099 -0.0239753 -4.51423e-07 
-0.0456731 -0.580065 1.18467 -0.604609 0.0456731 -2.20105e-07 
-0.051156 -0.542431 1.08514 -0.542712 0.051156 -5.82739e-08 
-0.0463162 -0.418808 0.801121 -0.382312 0.0463162 9.23782e-08 
-0.0414764 -0.295184 0.517097 -0.221912 0.0414764 2.4303e-07 
-0.0363718 -0.255574 0.449593 -0.194018 0.0363718 2.19356e-07 
-0.0312538 -0.220248 0.393127 -0.172878 0.0312538 1.86794e-07 
-0.0261358 -0.184921 0.33666 -0.151739 0.0261358 1.54233e-07 
-0.0210177 -0.149594 0.280194 -0.1306 0.0210177 1.21671e-07 
-0.0158997 -0.114267 0.223728 -0.10946 0.0158997 8.91093e-08 
-0.0107817 -0.0789408 0.167262 -0.0883207 0.0107817 5.65476e-08 
-0.00566361 -0.0436141 0.110795 -0.0671813 0.00566361 2.39859e-08 
-0.0104584 -0.0351237 0.100554 -0.0654304 0.0104584 2.89287e-08 
-0.0163962 -0.0297276 0.0956426 -0.0659151 0.0163962 3.8196e-08 
-0.022334 -0.0243315 0.0907311 -0.0663998 0.022334 4.74632e-08 
-0.0282718 -0.0189354 0.0858196 -0.0668844 0.0282718 5.67305e-08 
-0.0342096 -0.0135393 0.0809081 -0.0673691 0.0342096 6.59977e-08 
-0.0401474 -0.00814319 0.0759967 -0.0678538 0.0401474 7.52649e-08 
-0.0335581 0.0476931 -0.0484555 0.000761939 0.0335581 3.6028e-08 
0.00870198 0.247157 -0.513299 0.266141 -0.00870198 -1.41324e-07 
0.0509621 0.446622 -0.978142 0.531519 -0.0509621 -3.18676e-07 
0.0932221 0.646086 -1.44299 0.796898 -0.0932221 -4.96028e-07 
0.0448478 0.522373 -1.10058 0.578203 -0.0448478 -4.00021e-07 
-0.0189731 0.343582 -0.620592 0.27701 0.0189731 -2.57428e-07 
-0.082794 0.164791 -0.140608 -0.0241835 0.082794 -1.14834e-07 
-0.144063 0.0257044 0.261341 -0.287044 0.144063 -1.13379e-08 
-0.202211 -0.0648342 0.567869 -0.503034 0.202211 4.43499e-08 
-0.260359 -0.155373 0.874398 -0.719023 0.260359 1.00038e-07 
-0.147412 -0.37734 1.07068 -0.693336 0.147412 5.18666e-07 
0.00716588 -0.631287 1.24013 -0.608846 -0.00716588 1.0256e-06 
0.187122 -0.43021 0.474212 -0.0440032 -0.187122 3.26514e-07 
0.3531 -0.121287 -0.472649 0.593936 -0.3531 -6.28989e-07 
0.251169 0.189812 -0.87766 0.687848 -0.251169 -1.19577e-06 
0.154212 0.484163 -1.25333 0.769168 -0.154212 -1.7714e-06 
0.123111 0.556779 -1.24054 0.68376 -0.123111 -2.46416e-06 
0.0920107 0.629395 -1.22775 0.598352 -0.0920107 -3.15692e-06 
-0.0462224 0.429567 -0.30584 -0.123728 0.0462224 -3.31323e-06 
-0.214995 0.152075 0.875223 -1.0273 0.214995 -3.31661e-06 
-0.207482 -0.0968421 1.14904 -1.0522 0.207482 -1.97336e-06 
-0.15977 -0.339244 1.21598 -0.876742 0.15977 -3.23035e-07 
-0.0190445 -0.390354 0.590705 -0.200352 0.0190445 7.34203e-07 
0.130725 -0.422865 -0.10188 0.524746 -0.130725 1.73377e-06 
0.229231 -0.576742 -0.392778 0.969522 -0.229231 2.52964e-06 
0.28797 -0.562484 -0.653507 1.21599 -0.28797 6.34392e-06 
0.0638534 0.880382 -0.949298 0.0689138 -0.0638534 3.44458e-05 
-0.152139 0.938107 -0.0882087 -0.849901 0.152139 1.89917e-05 
-0.0494229 -0.505248 1.16078 -0.655534 0.0494229 -9.91072e-06 
0.0444754 -0.995621 0.882977 0.112646 -0.0444754 -2.37607e-05 
0.00863615 -0.149778 -0.645971 0.795751 -0.00863615 -1.83108e-05 
-0.00965611 0.242507 -0.645911 0.403405 0.00965611 -2.36699e-06 
-0.0140484 0.330706 -0.549917 0.21921 0.0140484 3.038e-06 
-0.0102009 0.238649 -0.397055 0.158406 0.0102009 2.19573e-06 
-0.00635336 0.146592 -0.244193 0.0976012 0.00635336 1.35346e-06 
-0.00250586 0.0545342 -0.0913309 0.0367966 0.00250586 5.11195e-07 
0.00112565 -0.032213 0.0540936 -0.0218805 -0.00112565 -2.57667e-07 
0.00236498 -0.0601477 0.117144 -0.0569959 -0.00236498 -2.13513e-07 
0.00360431 -0.0880823 0.180194 -0.0921113 -0.00360431 -1.69359e-07 
0.00484364 -0.116017 0.243244 -0.127227 -0.00484364 -1.25205e-07 
0.00608297 -0.143952 0.306294 -0.162342 -0.00608297 -8.10504e-08 
0.0073223 -0.171886 0.369344 -0.197457 -0.0073223 -3.68963e-08 
0.00856163 -0.199821 0.432394 -0.232573 -0.00856163 7.25788e-09 
0.00980096 -0.227755 0.495444 -0.267688 -0.00980096 5.1412e-08 
0.0110403 -0.25569 0.558494 -0.302804 -0.0110403 9.55662e-08 
0.0122796 -0.283625 0.621544 -0.337919 -0.0122796 1.3972e-07 
0.0137415 -0.327019 0.712305 -0.385286 -0.0137415 1.37647e-07 
0.0155913 -0.397352 0.851353 -0.454002 -0.0155913 5.50201e-08 
0.0174411 -0.467684 0.990402 -0.522717 -0.0174411 -2.76069e-08 
0.0192909 -0.538017 1.12945 -0.591433 -0.0192909 -1.10234e-07 
0.0211406 -0.60835 1.2685 -0.660149 -0.0211406 -1.92861e-07 
0.0139415 -0.447187 0.91987 -0.472683 -0.0139415 -1.69791e-07 
0.00264228 -0.181129 0.350267 -0.169138 -0.00264228 -9.88289e-08 
-0.00865696 0.0849281 -0.219335 0.134407 0.00865696 -2.78667e-08 
-0.0199562 0.350985 -0.788938 0.437953 0.0199562 4.30955e-08 
-0.0293822 0.536883 -1.1996 0.662713 0.0293822 1.03531e-07 
-0.0349262 0.556657 -1.28086 0.724199 0.0349262 1.4215e-07 
-0.0404701 0.57643 -1.36211 0.785685 0.0404701 1.80769e-07 
-0.0460141 0.596204 -1.44337 0.847171 0.0460141 2.19388e-07 
-0.051558 0.615978 -1.52463 0.908657 0.051558 2.58008e-07 
0.00615719 0.547442 -1.26401 0.716573 -0.00615719 -1.73121e-07 
0.079591 0.456963 -0.918445 0.461482 -0.079591 -7.20973e-07 
0.153025 0.366484 -0.572875 0.206391 -0.153025 -1.26882e-06 
0.145392 -0.00170381 0.272715 -0.271012 -0.145392 -1.11354e-06 
0.12946 -0.398321 1.16949 -0.771175 -0.12946 -8.86267e-07 
0.0581942 -0.581803 1.45804 -0.876242 -0.0581942 -2.70995e-07 
-0.0642362 -0.568212 1.1842 -0.61599 0.0642362 7.03039e-07 
-0.186666 -0.55462 0.910358 -0.355738 0.186666 1.67707e-06 
-0.235369 -0.517229 0.720771 -0.203542 0.235369 2.16084e-06 
-0.281855 -0.479123 0.533716 -0.0545932 0.281855 2.62988e-06 
-0.0839443 -0.0945318 -0.132011 0.226544 0.0839443 1.17942e-06 
0.18519 0.391035 -0.937237 0.546203 -0.18519 -8.30434e-07 
0.328991 0.579998 -1.26067 0.680669 -0.328991 -1.78324e-06 
0.419819 0.6436 -1.38046 0.736862 -0.419819 -2.28929e-06 
0.152549 0.244892 -0.355082 0.110191 -0.152549 -7.02409e-07 
-0.278233 -0.364912 1.1932 -0.828283 0.278233 1.84012e-06 
-0.347117 -0.34087 1.13738 -0.796508 0.347117 1.33737e-06 
-0.342944 -0.267617 0.930585 -0.662969 0.342944 1.45043e-07 
-0.186202 -0.162894 0.565006 -0.402112 0.186202 -2.55511e-06 
-0.0481427 -0.0517584 0.198868 -0.14711 0.0481427 -4.60417e-06 
0.0227682 0.0824287 -0.169279 0.0868502 -0.0227682 -4.31301e-06 
0.0993511 0.1917 -0.518071 0.326371 -0.0993511 -2.96199e-06 
0.192638 0.227595 -0.809864 0.582267 -0.192638 1.51023e-06 
0.286052 0.236683 -1.03043 0.793741 -0.286052 5.46964e-06 
0.37973 0.190363 -1.10376 0.913397 -0.37973 8.36911e-06 
0.228517 0.00662449 -0.30415 0.297526 -0.228517 6.85018e-06 
-0.145674 -0.302235 1.29029 -0.988051 0.145674 1.30824e-06 
-0.19069 -0.250474 1.17084 -0.920367 0.19069 -1.82145e-06 
-0.177174 -0.182236 0.901473 -0.719236 0.177174 -4.02054e-06 
-0.0541329 -0.104856 0.422053 -0.317197 0.054133 -4.24988e-06 
0.0795976 -0.150316 0.245536 -0.0952214 -0.0795974 -7.50049e-06 
0.227977 -0.36412 0.484124 -0.120008 -0.227977 -1.48915e-05 
0.249157 -0.463113 0.765577 -0.302456 -0.249158 -2.23498e-07 
0.0824369 -0.38839 0.99648 -0.608079 -0.0824387 3.81866e-05 
0.229498 -0.375074 0.71741 -0.342467 -0.229487 8.07333e-05 
0.353576 -0.522 0.989719 -0.466982 -0.353631 -0.000626216 
0.220729 -0.0173187 0.00714309 0.00623155 -0.220431 0.00338659 
0.00174911 0.433935 -0.89695 0.479094 -0.00296917 -0.0137382 
-0.0801156 0.474689 -0.941588 0.417174 0.0838906 0.0424396 
-0.110375 0.477344 -1.00441 0.644581 0.101453 -0.100299 
-0.191045 0.439725 -0.829271 0.279173 0.199427 0.0942155 
-0.284822 0.458238 -0.833585 0.209023 0.297451 0.141967 
0.0490628 0.205483 -0.65208 1.04579 -0.0945639 -0.511475 
-0.0435689 0.176438 -0.402583 0.356859 0.033643 -0.111582 
-0.282926 0.22184 -0.223385 -0.504823 0.321377 0.432238 
-0.290719 0.183871 -0.124744 -0.620112 0.333318 0.478857 
-0.156852 0.0978109 -0.0673036 -0.325929 0.179285 0.252162 
-0.0306525 0.0206527 -0.0254393 -0.0292367 0.0332367 0.0290245 
-0.00845095 0.0642284 -0.194838 0.301486 -0.00452475 -0.145861 
0.0137506 0.107804 -0.364236 0.63221 -0.0422862 -0.320746 
0.0359521 0.15138 -0.533634 0.962933 -0.0800476 -0.495631 
0.0581537 0.194955 -0.703033 1.29366 -0.117809 -0.670516 
0.0495692 0.175014 -0.625814 1.14303 -0.102135 -0.590883 
0.0163162 0.104176 -0.350983 0.606716 -0.043643 -0.307308 
-0.0169367 0.033339 -0.0761531 0.0703989 0.0148486 -0.0237336 
-0.0345111 -0.0210835 0.122474 -0.298875 0.049511 0.168464 
-0.0349692 -0.0575857 0.237908 -0.485785 0.0581588 0.260903 
-0.0354272 -0.094088 0.353342 -0.672695 0.0668065 0.353343 
-0.0358852 -0.13059 0.468777 -0.859605 0.0754543 0.445782 
-0.0341937 -0.13642 0.484302 -0.879496 0.0745385 0.454443 
-0.0312431 -0.124283 0.441307 -0.80156 0.0680211 0.414033 
-0.0282925 -0.112147 0.398312 -0.723623 0.0615036 0.373624 
-0.0253419 -0.10001 0.355317 -0.645687 0.0549862 0.333214 
-0.0223914 -0.0878737 0.312323 -0.56775 0.0484688 0.292804 
-0.0194408 -0.0757372 0.269328 -0.489814 0.0419514 0.252394 
-0.0164902 -0.0636007 0.226333 -0.411877 0.0354339 0.211984 
-0.0135396 -0.0514642 0.183338 -0.333941 0.0289165 0.171574 
-0.0105891 -0.0393277 0.140343 -0.256004 0.0223991 0.131165 
-0.00763847 -0.0271912 0.0973487 -0.178068 0.0158817 0.0907548 
-0.00468789 -0.0150547 0.0543539 -0.100131 0.00936425 0.0503449 
-0.00173731 -0.00291815 0.0113592 -0.0221947 0.00284682 0.00993509 
0.00117412 0.00910869 -0.0312305 0.0549812 -0.00359639 -0.0300703 
0.00126164 0.0132259 -0.0445961 0.0772924 -0.00468715 -0.0409069 
0.00134915 0.017343 -0.0579617 0.0996035 -0.00577791 -0.0517434 
0.00143667 0.0214602 -0.0713274 0.121915 -0.00686867 -0.06258 
0.00152419 0.0255774 -0.084693 0.144226 -0.00795943 -0.0734165 
0.00161171 0.0296946 -0.0980586 0.166537 -0.00905019 -0.0842531 
0.00169923 0.0338117 -0.111424 0.188848 -0.010141 -0.0950896 
0.00178675 0.0379289 -0.12479 0.211159 -0.0112317 -0.105926 
0.00187427 0.0420461 -0.138156 0.23347 -0.0123225 -0.116763 
0.00196178 0.0461633 -0.151521 0.255782 -0.0134132 -0.127599 
0.0020493 0.0502804 -0.164887 0.278093 -0.014504 -0.138436 
0.00213682 0.0543976 -0.178252 0.300404 -0.0155948 -0.149272 
0.00222434 0.0585148 -0.191618 0.322715 -0.0166855 -0.160109 
0.00231186 0.062632 -0.204984 0.345026 -0.0177763 -0.170945 
0.00239938 0.0667491 -0.218349 0.367337 -0.018867 -0.181782 
0.00248689 0.0708663 -0.231715 0.389648 -0.0199578 -0.192619 
0.00257441 0.0749835 -0.245081 0.41196 -0.0210485 -0.203455 
0.00266193 0.0791006 -0.258446 0.434271 -0.0221393 -0.214292 
0.00274945 0.0832178 -0.271812 0.456582 -0.0232301 -0.225128 
0.00283697 0.087335 -0.285178 0.478893 -0.0243208 -0.235965 
0.00292449 0.0914522 -0.298543 0.501204 -0.0254116 -0.246801 
0.003012 0.0955693 -0.311909 0.523515 -0.0265023 -0.257638 
0.00309952 0.0996865 -0.325274 0.545826 -0.0275931 -0.268474 
0.00318704 0.103804 -0.33864 0.568138 -0.0286839 -0.279311 
0.00327456 0.107921 -0.352006 0.590449 -0.0297746 -0.290148 
0.0032261 0.114348 -0.372685 0.624632 -0.0312114 -0.307986 
0.00290968 0.125326 -0.407777 0.682211 -0.03333 -0.339621 
0.00259326 0.136304 -0.442869 0.73979 -0.0354485 -0.371256 
0.00227684 0.147283 -0.477961 0.797368 -0.0375671 -0.40289 
0.00196042 0.158261 -0.513053 0.854947 -0.0396857 -0.434525 
0.00164401 0.169239 -0.548145 0.912525 -0.0418043 -0.46616 
0.00132759 0.180217 -0.583237 0.970104 -0.0439229 -0.497795 
0.00101117 0.191196 -0.618328 1.02768 -0.0460414 -0.52943 
0.000694752 0.202174 -0.65342 1.08526 -0.04816 -0.561065 
0.000378334 0.213152 -0.688512 1.14284 -0.0502786 -0.5927 
6.19162e-05 0.22413 -0.723604 1.20042 -0.0523972 -0.624335 
-0.000254502 0.235109 -0.758696 1.258 -0.0545158 -0.65597 
-0.00057092 0.246087 -0.793788 1.31558 -0.0566343 -0.687605 
-0.000887338 0.257065 -0.82888 1.37315 -0.0587529 -0.71924 
-0.000850801 0.233885 -0.753891 1.24819 -0.052896 -0.671586 
-0.00074874 0.204363 -0.658467 1.08933 -0.0455586 -0.609213 
-0.00064668 0.174841 -0.563044 0.930478 -0.0382211 -0.54684 
-0.000544619 0.145319 -0.46762 0.771623 -0.0308837 -0.484467 
-0.000442559 0.115797 -0.372196 0.612768 -0.0235462 -0.422094 
-0.000340498 0.0862745 -0.276772 0.453913 -0.0162088 -0.359721 
-0.000238438 0.0567525 -0.181348 0.295058 -0.00887132 -0.297348 
-0.000136377 0.0272305 -0.0859238 0.136203 -0.00153387 -0.234975 
-3.43164e-05 -0.00229157 0.00950013 -0.0226517 0.00580359 -0.172603 
6.77441e-05 -0.0318136 0.104924 -0.181507 0.013141 -0.11023 
0.000169805 -0.0613356 0.200348 -0.340362 0.0204785 -0.0478566 
0.000271865 -0.0908576 0.295772 -0.499217 0.0278159 0.0145163 
0.000373926 -0.12038 0.391196 -0.658071 0.0351534 0.0768892 
0.000475986 -0.149902 0.48662 -0.816926 0.0424909 0.139262 
0.000487738 -0.155339 0.504186 -0.84613 0.0438203 0.163917 
0.00049531 -0.159662 0.518149 -0.869335 0.0448717 0.186827 
0.000502882 -0.163985 0.532112 -0.892539 0.0459231 0.209737 
0.000510454 -0.168308 0.546075 -0.915744 0.0469746 0.232646 
0.000518026 -0.172631 0.560038 -0.938948 0.048026 0.255556 
0.000525598 -0.176954 0.574001 -0.962152 0.0490774 0.278466 
0.000533171 -0.181276 0.587964 -0.985357 0.0501288 0.301375 
0.000540743 -0.185599 0.601927 -1.00856 0.0511802 0.324285 
0.000548315 -0.189922 0.61589 -1.03177 0.0522317 0.347195 
0.000555887 -0.194245 0.629853 -1.05497 0.0532831 0.370104 
0.000563459 -0.198568 0.643816 -1.07817 0.0543345 0.393014 
0.000571031 -0.202891 0.657779 -1.10138 0.0553859 0.415924 
0.000578603 -0.207214 0.671742 -1.12458 0.0564373 0.438834 
0.000586176 -0.211537 0.685705 -1.14779 0.0574888 0.461743 
0.000546595 -0.212281 0.687958 -1.15145 0.0576241 0.487868 
0.000332636 -0.199792 0.646907 -1.08284 0.0543713 0.525882 
0.000118677 -0.187302 0.605856 -1.01422 0.0511186 0.563896 
-9.52825e-05 -0.174813 0.564804 -0.945611 0.0478659 0.601911 
-0.000309242 -0.162324 0.523753 -0.876998 0.0446132 0.639925 
-0.000523201 -0.149834 0.482702 -0.808385 0.0413604 0.677939 
-0.00073716 -0.137345 0.441651 -0.739773 0.0381077 0.715954 
-0.000951119 -0.124855 0.4006 -0.67116 0.034855 0.753968 
-0.00116508 -0.112366 0.359549 -0.602547 0.0316023 0.791982 
-0.00137904 -0.0998767 0.318497 -0.533934 0.0283496 0.829996 
-0.001593 -0.0873873 0.277446 -0.465322 0.0250968 0.868011 
-0.00180696 -0.074898 0.236395 -0.396709 0.0218441 0.906025 
-0.00202091 -0.0624086 0.195344 -0.328096 0.0185914 0.944039 
-0.00223487 -0.0499192 0.154293 -0.259484 0.0153387 0.982053 
-0.00244883 -0.0374298 0.113241 -0.190871 0.0120859 1.02007 
-0.00266279 -0.0249405 0.0721903 -0.122258 0.00883322 1.05808 
-0.00233432 -0.018376 0.0515739 -0.087657 0.00699036 1.07122 
-0.00197518 -0.0121466 0.032113 -0.0549789 0.00522722 1.08296 
-0.00161604 -0.00591717 0.012652 -0.0223008 0.00346408 1.09469 
-0.0012569 0.000312258 -0.00680896 0.0103774 0.00170094 1.10643 
-0.00089776 0.00654169 -0.0262699 0.0430555 -6.22014e-05 1.11816 
-0.000538619 0.0127711 -0.0457309 0.0757336 -0.00182534 1.1299 
-0.000179479 0.0190005 -0.0651918 0.108412 -0.00358848 1.14163 
0.000179661 0.02523 -0.0846528 0.14109 -0.00535162 1.15336 
0.000538802 0.0314594 -0.104114 0.173768 -0.00711476 1.1651 
0.000897942 0.0376888 -0.123575 0.206446 -0.0088779 1.17683 
0.00125708 0.0439182 -0.143036 0.239124 -0.010641 1.18857 
0.00161622 0.0501477 -0.162497 0.271802 -0.0124042 1.2003 
0.00197536 0.0563771 -0.181958 0.304481 -0.0141673 1.21204 
0.0023345 0.0626065 -0.201419 0.337159 -0.0159305 1.22377 
0.00265525 0.0684333 -0.219621 0.367731 -0.0175908 1.22979 
0.00197539 0.0637648 -0.205012 0.343407 -0.0165717 1.08668 
0.00129552 0.0590963 -0.190404 0.319084 -0.0155526 0.94358 
0.000615654 0.0544278 -0.175795 0.294761 -0.0145335 0.800477 
-6.4213e-05 0.0497593 -0.161186 0.270437 -0.0135144 0.657375 
-0.000744079 0.0450909 -0.146578 0.246114 -0.0124953 0.514272 
-0.00142395 0.0404224 -0.131969 0.221791 -0.0114762 0.37117 
-0.00210381 0.0357539 -0.117361 0.197467 -0.0104571 0.228067 
-0.00278368 0.0310854 -0.102752 0.173144 -0.00943794 0.0849643 
-0.00346355 0.0264169 -0.0881437 0.148821 -0.00841884 -0.0581384 
-0.00414341 0.0217484 -0.0735351 0.124497 -0.00739973 -0.201241 
-0.00482328 0.01708 -0.0589265 0.100174 -0.00638062 -0.344344 
-0.00550315 0.0124115 -0.044318 0.0758506 -0.00536152 -0.487446 
-0.00618301 0.00774298 -0.0297094 0.0515273 -0.00434241 -0.630549 
-0.00686288 0.0030745 -0.0151009 0.0272039 -0.0033233 -0.773652 
-0.00394964 0.00275984 -0.00789242 0.0159044 -0.00399096 -0.864459 
0.000292284 0.00405516 -0.00342043 0.00942098 -0.00528236 -0.935927 
0.00453421 0.00535049 0.00105156 0.00293753 -0.00657376 -1.0074 
0.00877613 0.00664582 0.00552354 -0.00354591 -0.00786516 -1.07886 
0.0130181 0.00794115 0.00999553 -0.0100294 -0.00915656 -1.15033 
0.01726 0.00923647 0.0144675 -0.0165128 -0.010448 -1.2218 
0.0215019 0.0105318 0.0189395 -0.0229963 -0.0117394 -1.29327 
0.0257438 0.0118271 0.0234115 -0.0294797 -0.0130308 -1.36474 
0.0299858 0.0131225 0.0278835 -0.0359631 -0.0143222 -1.43621 
0.0342277 0.0144178 0.0323555 -0.0424466 -0.0156136 -1.50768 
0.0384696 0.0157131 0.0368275 -0.04893 -0.016905 -1.57914 
0.0427115 0.0170084 0.0412994 -0.0554135 -0.0181964 -1.65061 
0.0469534 0.0183038 0.0457714 -0.0618969 -0.0194877 -1.72208 
0.0511954 0.0195991 0.0502434 -0.0683804 -0.0207791 -1.79355 
0.0554373 0.0208944 0.0547154 -0.0748638 -0.0220705 -1.86502 
0.0458952 0.0108003 0.0557796 -0.0829147 -0.0116507 -1.79502 
0.0163016 -0.0158619 0.0518865 -0.0932457 0.0158051 -1.51923 
-0.0132919 -0.0425241 0.0479934 -0.103577 0.0432609 -1.24344 
-0.0428854 -0.0691863 0.0441003 -0.113908 0.0707168 -0.967644 
-0.0724789 -0.0958485 0.0402072 -0.124239 0.0981726 -0.691852 
-0.102072 -0.122511 0.0363141 -0.13457 0.125628 -0.41606 
-0.131666 -0.149173 0.032421 -0.144901 0.153084 -0.140268 
-0.161259 -0.175835 0.0285279 -0.155231 0.18054 0.135523 
-0.150519 -0.159559 0.0219589 -0.133733 0.162642 0.284575 
-0.116541 -0.118544 0.0138481 -0.0938964 0.118614 0.360606 
-0.0825631 -0.0775288 0.00573737 -0.0540598 0.0745855 0.436638 
-0.0485851 -0.0365139 -0.00237339 -0.0142232 0.0305572 0.512669 
-0.0146071 0.00450104 -0.0104842 0.0256134 -0.013471 0.588701 
0.0193709 0.045516 -0.0185949 0.06545 -0.0574993 0.664732 
0.0430561 0.0737593 -0.0239363 0.0924157 -0.0877261 0.705897 
0.0399658 0.0687788 -0.0220734 0.0858994 -0.0820503 0.656359 
0.0368755 0.0637984 -0.0202105 0.079383 -0.0763746 0.606821 
0.0337852 0.058818 -0.0183477 0.0728667 -0.0706988 0.557283 
0.0306949 0.0538376 -0.0164848 0.0663504 -0.065023 0.507745 
0.0276046 0.0488572 -0.0146219 0.059834 -0.0593472 0.458207 
0.0245143 0.0438767 -0.0127591 0.0533177 -0.0536714 0.40867 
0.0214239 0.0388963 -0.0108962 0.0468013 -0.0479956 0.359132 
0.0183336 0.0339159 -0.00903333 0.040285 -0.0423198 0.309594 
0.0152433 0.0289355 -0.00717046 0.0337687 -0.0366441 0.260056 
0.012153 0.0239551 -0.00530759 0.0272523 -0.0309683 0.210518 
0.0090627 0.0189746 -0.00344472 0.020736 -0.0252925 0.16098 
0.00597239 0.0139942 -0.00158185 0.0142196 -0.0196167 0.111442 
0.00288208 0.00901381 0.000281014 0.0077033 -0.0139409 0.0619043 
-0.00020823 0.00403339 0.00214388 0.00118696 -0.00826513 0.0123664 
-0.00329854 -0.00094703 0.00400675 -0.00532938 -0.00258934 -0.0371715 
-0.00638885 -0.00592745 0.00586962 -0.0118457 0.00308644 -0.0867094 
-0.00777278 -0.0087113 0.00719861 -0.0160124 0.00637441 -0.127628 
-0.0052887 -0.00651602 0.0073174 -0.0148531 0.0042497 -0.149009 
-0.00280463 -0.00432074 0.0074362 -0.0136938 0.002125 -0.170391 
-0.000320549 -0.00212546 0.007555 -0.0125344 2.95912e-07 -0.191772 
0.00216353 6.98188e-05 0.00767379 -0.0113751 -0.00212441 -0.213153 
0.0046476 0.0022651 0.00779259 -0.0102157 -0.00424911 -0.234534 
0.00713168 0.00446038 0.00791138 -0.0090564 -0.00637381 -0.255916 
0.00961576 0.00665566 0.00803018 -0.00789706 -0.00849852 -0.277297 
0.0120998 0.00885094 0.00814898 -0.00673771 -0.0106232 -0.298678 
0.0145839 0.0110462 0.00826777 -0.00557837 -0.0127479 -0.320059 
0.017068 0.0132415 0.00838657 -0.00441903 -0.0148726 -0.341441 
0.0195521 0.0154368 0.00850536 -0.00325969 -0.0169973 -0.362822 
0.0220361 0.0176321 0.00862416 -0.00210035 -0.019122 -0.384203 
0.0245202 0.0198273 0.00874296 -0.000941008 -0.0212467 -0.405584 
0.0270043 0.0220226 0.00886175 0.000218333 -0.0233714 -0.426965 
0.0294884 0.0242179 0.00898055 0.00137767 -0.0254961 -0.448347 
0.0319724 0.0264132 0.00909934 0.00253702 -0.0276208 -0.469728 
0.0344565 0.0286085 0.00921814 0.00369636 -0.0297456 -0.491109 
0.0369406 0.0308037 0.00933694 0.0048557 -0.0318703 -0.51249 
0.0394247 0.032999 0.00945573 0.00601504 -0.033995 -0.533872 
0.0419087 0.0351943 0.00957453 0.00717438 -0.0361197 -0.555253 
0.0443928 0.0373896 0.00969332 0.00833372 -0.0382444 -0.576634 
0.0468769 0.0395849 0.00981212 0.00949306 -0.0403691 -0.598015 
0.049361 0.0417801 0.00993092 0.0106524 -0.0424938 -0.619396 
0.051845 0.0439754 0.0100497 0.0118117 -0.0446185 -0.640778 
0.0543291 0.0461707 0.0101685 0.0129711 -0.0467432 -0.662159 
0.0568132 0.048366 0.0102873 0.0141304 -0.0488679 -0.68354 
0.0592973 0.0505613 0.0104061 0.0152898 -0.0509926 -0.704921 
0.0617814 0.0527565 0.0105249 0.0164491 -0.0531173 -0.726303 
0.0642654 0.0549518 0.0106437 0.0176085 -0.055242 -0.747684 
0.0667495 0.0571471 0.0107625 0.0187678 -0.0573667 -0.769065 
0.0692336 0.0593424 0.0108813 0.0199271 -0.0594914 -0.790446 
0.0717177 0.0615377 0.0110001 0.0210865 -0.0616161 -0.811828 
0.0742017 0.0637329 0.0111189 0.0222458 -0.0637408 -0.833209 
0.0766858 0.0659282 0.0112377 0.0234052 -0.0658655 -0.85459 
0.0791699 0.0681235 0.0113565 0.0245645 -0.0679902 -0.875971 
0.081654 0.0703188 0.0114753 0.0257238 -0.0701149 -0.897352 
0.084138 0.0725141 0.0115941 0.0268832 -0.0722396 -0.918734 
0.0866221 0.0747093 0.0117129 0.0280425 -0.0743643 -0.940115 
0.0891062 0.0769046 0.0118317 0.0292019 -0.076489 -0.961496 
0.0805235 0.0693247 0.0102153 0.0269129 -0.0685806 -0.929961 
0.0575631 0.049045 0.00634478 0.0201438 -0.0476373 -0.829676 
0.0346026 0.0287653 0.00247422 0.0133748 -0.0266939 -0.729391 
0.0116421 0.00848565 -0.00139634 0.0066057 -0.00575054 -0.629107 
-0.0113183 -0.011794 -0.0052669 -0.000163359 0.0151928 -0.528822 
-0.0342788 -0.0320737 -0.00913746 -0.00693242 0.0361362 -0.428538 
-0.0572393 -0.0523534 -0.013008 -0.0137015 0.0570795 -0.328253 
-0.0801998 -0.0726331 -0.0168786 -0.0204705 0.0780229 -0.227969 
-0.10316 -0.0929128 -0.0207491 -0.0272396 0.0989662 -0.127684 
-0.126121 -0.113193 -0.0246197 -0.0340086 0.11991 -0.0273994 
-0.149081 -0.133472 -0.0284903 -0.0407777 0.140853 0.0728852 
-0.172042 -0.153752 -0.0323608 -0.0475468 0.161796 0.17317 
-0.195002 -0.174032 -0.0362314 -0.0543158 0.18274 0.273454 
-0.217963 -0.194311 -0.0401019 -0.0610849 0.203683 0.373739 
-0.240923 -0.214591 -0.0439725 -0.0678539 0.224626 0.474024 
-0.263884 -0.234871 -0.0478431 -0.074623 0.24557 0.574308 
-0.286844 -0.25515 -0.0517136 -0.081392 0.266513 0.674593 
-0.309804 -0.27543 -0.0555842 -0.0881611 0.287456 0.774877 
-0.317176 -0.281854 -0.056768 -0.090347 0.293961 0.836754 
-0.304533 -0.270488 -0.0545021 -0.0866482 0.281925 0.849314 
-0.291889 -0.259122 -0.0522362 -0.0829493 0.269889 0.861874 
-0.279245 -0.247755 -0.0499703 -0.0792505 0.257853 0.874434 
-0.266601 -0.236389 -0.0477044 -0.0755516 0.245817 0.886994 
-0.253957 -0.225023 -0.0454385 -0.0718528 0.233781 0.899554 
-0.241313 -0.213656 -0.0431726 -0.0681539 0.221745 0.912114 
-0.22867 -0.20229 -0.0409067 -0.0644551 0.209709 0.924674 
-0.216026 -0.190924 -0.0386408 -0.0607563 0.197673 0.937235 
-0.203382 -0.179557 -0.0363749 -0.0570574 0.185637 0.949795 
-0.190738 -0.168191 -0.034109 -0.0533586 0.173601 0.962355 
-0.178094 -0.156825 -0.0318431 -0.0496597 0.161565 0.974915 
-0.16545 -0.145459 -0.0295772 -0.0459609 0.14953 0.987475 
-0.152807 -0.134092 -0.0273113 -0.042262 0.137494 1.00004 
-0.140163 -0.122726 -0.0250453 -0.0385632 0.125458 1.0126 
-0.127519 -0.11136 -0.0227794 -0.0348643 0.113422 1.02516 
-0.114875 -0.0999933 -0.0205135 -0.0311655 0.101386 1.03772 
-0.102231 -0.0886269 -0.0182476 -0.0274666 0.0893499 1.05028 
-0.0971246 -0.0841333 -0.0173481 -0.0260303 0.0847143 1.02419 
-0.0946745 -0.0820621 -0.0169301 -0.0253914 0.082687 0.984476 
-0.0922245 -0.0799909 -0.0165122 -0.0247526 0.0806597 0.944765 
-0.0897744 -0.0779197 -0.0160942 -0.0241137 0.0786324 0.905054 
-0.0873244 -0.0758485 -0.0156762 -0.0234748 0.0766051 0.865343 
-0.0848743 -0.0737773 -0.0152583 -0.022836 0.0745778 0.825632 
-0.0824242 -0.0717061 -0.0148403 -0.0221971 0.0725505 0.785921 
-0.0799742 -0.0696349 -0.0144223 -0.0215582 0.0705232 0.74621 
-0.0775241 -0.0675637 -0.0140044 -0.0209194 0.0684959 0.706499 
-0.0750741 -0.0654925 -0.0135864 -0.0202805 0.0664686 0.666788 
-0.072624 -0.0634213 -0.0131685 -0.0196416 0.0644413 0.627077 
-0.0701739 -0.0613501 -0.0127505 -0.0190028 0.0624141 0.587366 
-0.0677239 -0.0592789 -0.0123325 -0.0183639 0.0603868 0.547655 
-0.0652738 -0.0572077 -0.0119146 -0.017725 0.0583595 0.507944 
-0.0628238 -0.0551365 -0.0114966 -0.0170862 0.0563322 0.468233 
-0.0603737 -0.0530653 -0.0110787 -0.0164473 0.0543049 0.428522 
-0.0579236 -0.0509941 -0.0106607 -0.0158085 0.0522776 0.388811 
-0.0554736 -0.0489229 -0.0102427 -0.0151696 0.0502503 0.3491 
-0.0530235 -0.0468517 -0.00982478 -0.0145307 0.048223 0.309389 
-0.0505734 -0.0447805 -0.00940682 -0.0138919 0.0461957 0.269678 
-0.0481234 -0.0427093 -0.00898886 -0.013253 0.0441684 0.229967 
-0.0456733 -0.0406381 -0.0085709 -0.0126141 0.0421411 0.190256 
-0.0432233 -0.0385668 -0.00815294 -0.0119753 0.0401139 0.150545 
-0.0407732 -0.0364956 -0.00773498 -0.0113364 0.0380866 0.110834 
-0.0252112 -0.0229777 -0.00505408 -0.00715721 0.0234753 0.0659898 
-0.000482047 -0.00145683 -0.000791056 -0.000502828 6.59634e-05 0.0175567 
0.0242471 0.020064 0.00347197 0.00615155 -0.0233433 -0.0308764 
0.0489762 0.0415849 0.00773499 0.0128059 -0.0467526 -0.0793096 
0.0737054 0.0631058 0.011998 0.0194603 -0.070162 -0.127743 
0.0984345 0.0846266 0.016261 0.0261147 -0.0935713 -0.176176 
0.123164 0.106148 0.0205241 0.0327691 -0.116981 -0.224609 
0.147893 0.127668 0.0247871 0.0394234 -0.14039 -0.273042 
0.172622 0.149189 0.0290501 0.0460778 -0.163799 -0.321475 
0.197351 0.17071 0.0333131 0.0527322 -0.187208 -0.369908 
0.22208 0.192231 0.0375761 0.0593866 -0.210618 -0.418341 
0.246809 0.213752 0.0418392 0.0660409 -0.234027 -0.466775 
0.271539 0.235273 0.0461022 0.0726953 -0.257436 -0.515208 
0.296268 0.256794 0.0503652 0.0793497 -0.280846 -0.563641 
0.320997 0.278314 0.0546282 0.0860041 -0.304255 -0.612074 
0.345726 0.299835 0.0588913 0.0926585 -0.327664 -0.660507 
0.370455 0.321356 0.0631543 0.0993128 -0.351074 -0.70894 
0.395184 0.342877 0.0674173 0.105967 -0.374483 -0.757373 
0.419913 0.364398 0.0716803 0.112622 -0.397892 -0.805806 
0.434575 0.377733 0.074748 0.116627 -0.411686 -0.841689 
0.447264 0.389464 0.0775816 0.120113 -0.423596 -0.875113 
0.459954 0.401196 0.0804151 0.1236 -0.435507 -0.908536 
0.472643 0.412927 0.0832487 0.127086 -0.447417 -0.94196 
0.485333 0.424659 0.0860823 0.130573 -0.459328 -0.975384 
0.498022 0.43639 0.0889158 0.134059 -0.471238 -1.00881 
0.510712 0.448122 0.0917494 0.137546 -0.483148 -1.04223 
0.523401 0.459853 0.0945829 0.141032 -0.495059 -1.07566 
0.536091 0.471585 0.0974165 0.144519 -0.506969 -1.10908 
0.54878 0.483316 0.10025 0.148005 -0.51888 -1.1425 
0.450336 0.394704 0.0813368 0.121 -0.425915 -0.934844 
0.296342 0.255934 0.0515532 0.0787536 -0.280528 -0.606675 
0.142347 0.117164 0.0217696 0.0365071 -0.135141 -0.278507 
-0.0116481 -0.0216059 -0.00801402 -0.00573935 0.0102467 0.0496613 
-0.165643 -0.160376 -0.0377976 -0.0479858 0.155634 0.37783 
-0.319638 -0.299146 -0.0675812 -0.0902323 0.301021 0.705998 
-0.473633 -0.437916 -0.0973648 -0.132479 0.446408 1.03417 
-0.627627 -0.576685 -0.127148 -0.174725 0.591796 1.36233 
-0.619744 -0.569799 -0.125293 -0.172728 0.584354 1.34529 
-0.578482 -0.532879 -0.116914 -0.161608 0.545399 1.25706 
-0.53722 -0.495959 -0.108535 -0.150488 0.506444 1.16884 
-0.495958 -0.459039 -0.100156 -0.139367 0.467488 1.08061 
-0.454696 -0.422119 -0.0917768 -0.128247 0.428533 0.992387 
-0.32628 -0.313007 -0.069882 -0.0946487 0.306828 0.737359 
-0.0426258 -0.075309 -0.0239135 -0.0210126 0.0377317 0.185226 
0.241028 0.162389 0.022055 0.0526235 -0.231365 -0.366906 
0.524682 0.400088 0.0680234 0.12626 -0.500462 -0.919039 
0.715656 0.55887 0.0994847 0.175254 -0.681688 -1.28875 
0.656354 0.504545 0.09177 0.157706 -0.625628 -1.16586 
0.597052 0.450221 0.0840553 0.140158 -0.569568 -1.04297 
0.384791 0.227029 0.0342906 0.0726553 -0.371181 -0.516552 
-0.0349603 -0.225231 -0.0725152 -0.0626105 0.0202739 0.557244 
-0.249795 -0.515347 -0.140044 -0.149649 0.216989 1.24495 
0.0193915 -0.42247 -0.114798 -0.122771 -0.0462829 1.02067 
0.654583 0.27556 0.0961578 0.0744825 -0.636385 -0.690029 
0.879165 0.245704 0.113365 0.0596266 -0.862135 -0.647444 
0.657366 -0.344033 0.0699083 -0.140334 -0.674409 0.641086 
0.972464 -0.120528 0.322756 -0.124607 -0.968569 -0.12071 
1.00126 -0.33085 0.545876 -0.248229 -1.00688 0.0550801 
-0.904513 -0.216996 0.440417 -0.209728 0.917708 -0.0321472 
-0.94287 -0.113269 0.218037 -0.140163 0.967973 0.0315952 
-0.906713 0.00495966 -0.0368808 0.111174 0.843412 -0.0645755 
-0.930707 0.114372 -0.311807 0.446067 0.72976 -0.200644 
-0.441559 0.0259797 0.252433 -0.973407 1.00274 0.561176 
-0.679558 0.178491 -0.402436 0.402461 0.535433 -0.144144 
-0.592201 0.210501 -0.774574 1.47377 -0.142333 -0.734533 
-0.486502 0.0668486 -0.321086 0.722306 0.108574 -0.377926 
-0.342943 -0.0245426 0.0202241 0.0666722 0.292599 -0.0503426 
-0.144961 -0.0408083 0.200281 -0.451202 0.380481 0.235521 
0.0157182 -0.0527471 0.337239 -0.847544 0.438857 0.454575 
0.0138967 -0.0458367 0.286452 -0.714474 0.3687 0.382596 
0.0120752 -0.0389264 0.235665 -0.581403 0.298542 0.310616 
0.0102537 -0.032016 0.184877 -0.448333 0.228384 0.238637 
0.00843215 -0.0251056 0.13409 -0.315263 0.158226 0.166658 
0.00661064 -0.0181952 0.0833021 -0.182193 0.0880677 0.0946782 
0.00512552 -0.00979145 0.035296 -0.0663299 0.0279872 0.0331127 
0.00445809 0.00224266 -0.00594863 0.00770319 -0.007596 -0.00313793 
0.00379066 0.0142768 -0.0471933 0.0817362 -0.0431792 -0.0393886 
0.00312323 0.0263109 -0.088438 0.155769 -0.0787625 -0.0756392 
0.0024558 0.038345 -0.129683 0.229802 -0.114346 -0.11189 
0.00178838 0.0503791 -0.170927 0.303835 -0.149929 -0.148141 
0.00112095 0.0624132 -0.212172 0.377868 -0.185512 -0.184391 
0.00045352 0.0744473 -0.253417 0.451902 -0.221095 -0.220642 
-0.000213909 0.0864814 -0.294661 0.525935 -0.256679 -0.256893 
-0.000881337 0.0985155 -0.335906 0.599968 -0.292262 -0.293143 
-0.00154876 0.11055 -0.377151 0.674001 -0.327845 -0.329394 
-0.00230972 0.119405 -0.404613 0.718664 -0.347979 -0.350289 
-0.00320863 0.12357 -0.411748 0.720007 -0.345324 -0.348533 
-0.00410754 0.127736 -0.418883 0.72135 -0.34267 -0.346778 
-0.00500645 0.131901 -0.426017 0.722693 -0.340016 -0.345022 
-0.00590536 0.136067 -0.433152 0.724036 -0.337361 -0.343267 
-0.00680427 0.140232 -0.440286 0.725379 -0.334707 -0.341511 
-0.00743751 0.139418 -0.432097 0.702033 -0.320885 -0.328322 
-0.00546813 0.0898116 -0.273776 0.436813 -0.197653 -0.203121 
-0.00349875 0.0402055 -0.115456 0.171593 -0.0744214 -0.0779202 
-0.00152936 -0.00940059 0.0428638 -0.0936265 0.0488101 0.0472808 
0.000440023 -0.0590067 0.201184 -0.358846 0.172042 0.172482 
0.00240941 -0.108613 0.359504 -0.624066 0.295273 0.297683 
0.00437879 -0.158219 0.517824 -0.889286 0.418505 0.422884 
0.00634818 -0.207825 0.676144 -1.15451 0.541736 0.548084 
0.00831756 -0.257431 0.834464 -1.41973 0.664968 0.673285 
0.00908877 -0.275917 0.893158 -1.51756 0.711478 0.720567 
0.00878398 -0.266456 0.862384 -1.46509 0.689091 0.697875 
0.00847919 -0.256995 0.831609 -1.41262 0.666703 0.675182 
0.0081744 -0.247535 0.800835 -1.36014 0.644316 0.65249 
0.00786961 -0.238074 0.770061 -1.30767 0.621928 0.629798 
0.00756482 -0.228613 0.739287 -1.25519 0.599541 0.607106 
0.00726003 -0.219152 0.708512 -1.20272 0.577153 0.584413 
0.00695524 -0.209692 0.677738 -1.15025 0.554766 0.561721 
0.00665045 -0.200231 0.646964 -1.09777 0.532378 0.539029 
0.00634566 -0.19077 0.61619 -1.0453 0.509991 0.516336 
0.00604087 -0.181309 0.585415 -0.992825 0.487603 0.493644 
0.00573608 -0.171849 0.554641 -0.940351 0.465216 0.470952 
0.00543129 -0.162388 0.523867 -0.887877 0.442828 0.44826 
0.0050776 -0.151512 0.488686 -0.828269 0.419841 0.424918 
0.00465385 -0.138609 0.447192 -0.758439 0.395993 0.400646 
0.00423009 -0.125706 0.405698 -0.688609 0.372145 0.376375 
0.00380634 -0.112803 0.364203 -0.618778 0.348297 0.352103 
0.00338258 -0.0999 0.322709 -0.548948 0.324449 0.327831 
0.00295883 -0.0869969 0.281215 -0.479118 0.300601 0.30356 
0.00253507 -0.0740939 0.23972 -0.409287 0.276753 0.279288 
0.00211132 -0.0611908 0.198226 -0.339457 0.252905 0.255016 
0.00168757 -0.0482878 0.156732 -0.269626 0.229057 0.230745 
0.00126381 -0.0353847 0.115237 -0.199796 0.205209 0.206473 
0.000840057 -0.0224817 0.073743 -0.129966 0.181361 0.182201 
0.000416303 -0.00957864 0.0322487 -0.0601353 0.157513 0.15793 
-7.45128e-06 0.00332441 -0.0092456 0.00969506 0.133665 0.133658 
-0.000431206 0.0162275 -0.0507399 0.0795254 0.109817 0.109386 
-0.00085496 0.0291305 -0.0922342 0.149356 0.0859695 0.0851145 
-0.00127871 0.0420335 -0.133729 0.219186 0.0621216 0.0608428 
-0.00165897 0.0536296 -0.171028 0.281922 0.0415366 0.0398776 
-0.00189811 0.0609854 -0.194719 0.321642 0.0315375 0.0296393 
-0.00213725 0.0683411 -0.218409 0.361363 0.0215383 0.019401 
-0.00237638 0.0756969 -0.2421 0.401083 0.0115391 0.00916272 
-0.00261552 0.0830527 -0.265791 0.440803 0.00153994 -0.00107559 
-0.00285466 0.0904085 -0.289481 0.480523 -0.00845923 -0.0113139 
-0.0030938 0.0977643 -0.313172 0.520244 -0.0184584 -0.0215522 
-0.00333293 0.10512 -0.336863 0.559964 -0.0284576 -0.0317905 
-0.00357207 0.112476 -0.360553 0.599684 -0.0384567 -0.0420288 
-0.00381121 0.119832 -0.384244 0.639404 -0.0484559 -0.0522671 
-0.00405035 0.127187 -0.407934 0.679125 -0.0584551 -0.0625054 
-0.00428949 0.134543 -0.431625 0.718845 -0.0684543 -0.0727438 
-0.00452862 0.141899 -0.455316 0.758565 -0.0784534 -0.0829821 
-0.00476776 0.149255 -0.479006 0.798286 -0.0884526 -0.0932204 
-0.0050069 0.156611 -0.502697 0.838006 -0.0984518 -0.103459 
-0.00524604 0.163966 -0.526388 0.877726 -0.108451 -0.113697 
-0.00548517 0.171322 -0.550078 0.917446 -0.11845 -0.123935 
-0.00572431 0.178678 -0.573769 0.957167 -0.128449 -0.134174 
-0.00554412 0.17222 -0.553071 0.922672 -0.184203 -0.189747 
-0.00532712 0.164548 -0.528477 0.881662 -0.243974 -0.249301 
-0.00511011 0.156877 -0.503882 0.840653 -0.303744 -0.308854 
-0.00489311 0.149206 -0.479287 0.799643 -0.363515 -0.368408 
-0.0046761 0.141535 -0.454693 0.758633 -0.423285 -0.427961 
-0.0044591 0.133863 -0.430098 0.717623 -0.483056 -0.487515 
-0.0042421 0.126192 -0.405503 0.676613 -0.542826 -0.547068 
-0.00402509 0.118521 -0.380909 0.635604 -0.602597 -0.606622 
-0.00380809 0.11085 -0.356314 0.594594 -0.662367 -0.666175 
-0.00359108 0.103178 -0.331719 0.553584 -0.722138 -0.725729 
-0.00337408 0.0955073 -0.307125 0.512574 -0.781908 -0.785282 
-0.00315707 0.087836 -0.28253 0.471565 -0.841679 -0.844836 
-0.00294007 0.0801648 -0.257936 0.430555 -0.901449 -0.904389 
-0.00272307 0.0724936 -0.233341 0.389545 -0.96122 -0.963943 
-0.00250606 0.0648224 -0.208746 0.348535 -1.02099 -1.0235 
-0.00228906 0.0571511 -0.184152 0.307525 -1.08076 -1.08305 
-0.00207198 0.0502135 -0.161895 0.270378 -1.09203 -1.0941 
-0.00185488 0.0434068 -0.140055 0.233919 -1.09465 -1.0965 
-0.00163778 0.0366 -0.118215 0.197461 -1.09726 -1.0989 
-0.00142069 0.0297933 -0.0963755 0.161003 -1.09987 -1.10129 
-0.00120359 0.0229866 -0.0745358 0.124545 -1.10249 -1.10369 
-0.000986497 0.0161799 -0.0526961 0.0880864 -1.1051 -1.10609 
-0.000769401 0.00937323 -0.0308564 0.0516281 -1.10771 -1.10848 
-0.000552305 0.00256652 -0.00901667 0.0151699 -1.11033 -1.11088 
-0.000335209 -0.00424018 0.012823 -0.0212884 -1.11294 -1.11327 
-0.000118113 -0.0110469 0.0346627 -0.0577466 -1.11555 -1.11567 
9.89827e-05 -0.0178536 0.0565024 -0.0942049 -1.11816 -1.11807 
0.000316079 -0.0246603 0.0783421 -0.130663 -1.12078 -1.12046 
0.000533174 -0.031467 0.100182 -0.167121 -1.12339 -1.12286 
0.00075027 -0.0382737 0.122022 -0.20358 -1.126 -1.12525 
0.000967366 -0.0450804 0.143861 -0.240038 -1.12862 -1.12765 
0.00118446 -0.0518871 0.165701 -0.276496 -1.13123 -1.13005 
0.0013577 -0.0567385 0.181321 -0.30256 -1.10875 -1.1074 
0.00135618 -0.0537976 0.172154 -0.287197 -0.986283 -0.984927 
0.00135466 -0.0508567 0.162988 -0.271835 -0.863813 -0.862458 
0.00135314 -0.0479158 0.153821 -0.256472 -0.741343 -0.73999 
0.00135162 -0.0449749 0.144655 -0.24111 -0.618873 -0.617521 
0.0013501 -0.042034 0.135488 -0.225747 -0.496403 -0.495053 
0.00134858 -0.039093 0.126322 -0.210385 -0.373933 -0.372584 
0.00134706 -0.0361521 0.117155 -0.195022 -0.251463 -0.250116 
0.00134554 -0.0332112 0.107989 -0.17966 -0.128993 -0.127647 
0.00134402 -0.0302703 0.0988225 -0.164297 -0.00652278 -0.00517876 
0.0013425 -0.0273294 0.089656 -0.148935 0.115947 0.11729 
0.00134098 -0.0243885 0.0804895 -0.133573 0.238417 0.239758 
0.00133946 -0.0214476 0.071323 -0.11821 0.360887 0.362227 
0.00133794 -0.0185067 0.0621565 -0.102848 0.483357 0.484695 
0.00133642 -0.0155658 0.05299 -0.0874852 0.605827 0.607164 
0.0013349 -0.0126249 0.0438235 -0.0721227 0.728297 0.729632 
0.00133338 -0.00968394 0.034657 -0.0567603 0.850767 0.852101 
0.00133186 -0.00674303 0.0254905 -0.0413978 0.973238 0.974569 
0.00133034 -0.00380212 0.016324 -0.0260353 1.09571 1.09704 
0.00128536 -0.00280043 0.013076 -0.0205825 1.11332 1.1146 
0.00122818 -0.00234294 0.0114888 -0.0179105 1.1015 1.10273 
0.001171 -0.00188545 0.00990159 -0.0152386 1.08969 1.09086 
0.00111382 -0.00142796 0.0083144 -0.0125666 1.07787 1.07899 
0.00105664 -0.000970473 0.00672721 -0.00989465 1.06606 1.06711 
0.00099946 -0.000512984 0.00514002 -0.00722269 1.05424 1.05524 
0.000942281 -5.54948e-05 0.00355283 -0.00455074 1.04243 1.04337 
0.000885102 0.000401994 0.00196565 -0.00187878 1.03061 1.0315 
0.000827923 0.000859484 0.000378456 0.000793175 1.01879 1.01962 
0.000770744 0.00131697 -0.00120873 0.00346513 1.00698 1.00775 
0.000713565 0.00177446 -0.00279592 0.00613709 0.995164 0.995878 
0.000656386 0.00223195 -0.00438311 0.00880904 0.983349 0.984005 
0.000599207 0.00268944 -0.0059703 0.011481 0.971533 0.972132 
0.000542028 0.00314693 -0.00755749 0.014153 0.959718 0.96026 
0.000484849 0.00360442 -0.00914468 0.0168249 0.947902 0.948387 
0.00042767 0.00406191 -0.0107319 0.0194969 0.936087 0.936514 
0.000370491 0.0045194 -0.0123191 0.0221688 0.924271 0.924642 
0.000313312 0.00497689 -0.0139062 0.0248408 0.912456 0.912769 
0.000256133 0.00543438 -0.0154934 0.0275127 0.90064 0.900896 
0.000198954 0.00589186 -0.0170806 0.0301847 0.888825 0.889024 
0.000141775 0.00634935 -0.0186678 0.0328566 0.877009 0.877151 
8.45965e-05 0.00680684 -0.020255 0.0355286 0.865194 0.865278 
5.47004e-05 0.00666983 -0.019932 0.0349399 0.836463 0.836517 
2.93053e-05 0.00643475 -0.0192938 0.0338134 0.80494 0.80497 
3.91028e-06 0.00619966 -0.0186557 0.0326868 0.773418 0.773422 
-2.14848e-05 0.00596457 -0.0180176 0.0315602 0.741896 0.741875 
-4.68798e-05 0.00572949 -0.0173794 0.0304336 0.710374 0.710327 
-7.22749e-05 0.0054944 -0.0167413 0.029307 0.678852 0.67878 
-9.76699e-05 0.00525931 -0.0161031 0.0281804 0.64733 0.647232 
-0.000123065 0.00502423 -0.015465 0.0270538 0.615808 0.615685 
-0.00014846 0.00478914 -0.0148268 0.0259273 0.584286 0.584137 
-0.000173855 0.00455405 -0.0141887 0.0248007 0.552763 0.55259 
-0.00019925 0.00431896 -0.0135505 0.0236741 0.521241 0.521042 
-0.000224645 0.00408388 -0.0129124 0.0225475 0.489719 0.489495 
-0.00025004 0.00384879 -0.0122742 0.0214209 0.458197 0.457947 
-0.000275435 0.0036137 -0.0116361 0.0202943 0.426675 0.426399 
-0.00030083 0.00337862 -0.0109979 0.0191677 0.395153 0.394852 
-0.000326225 0.00314353 -0.0103598 0.0180412 0.363631 0.363304 
-0.000351621 0.00290844 -0.00972163 0.0169146 0.332109 0.331757 
-0.000377016 0.00267336 -0.00908348 0.015788 0.300586 0.300209 
-0.000402411 0.00243827 -0.00844533 0.0146614 0.269064 0.268662 
-0.000427806 0.00220318 -0.00780718 0.0135348 0.237542 0.237114 
-0.000453201 0.00196809 -0.00716904 0.0124082 0.20602 0.205567 
-0.000478596 0.00173301 -0.00653089 0.0112817 0.174498 0.174019 
-0.000503991 0.00149792 -0.00589274 0.0101551 0.142976 0.142472 
-0.000529386 0.00126283 -0.00525459 0.00902848 0.111454 0.110924 
-0.000554781 0.00102775 -0.00461644 0.00790189 0.0799316 0.0793768 
-0.000580176 0.000792659 -0.0039783 0.00677531 0.0484095 0.0478293 
-0.000605571 0.000557572 -0.00334015 0.00564872 0.0168874 0.0162818 
-0.000630966 0.000322485 -0.002702 0.00452214 -0.0146348 -0.0152657 
-0.000656361 8.73981e-05 -0.00206385 0.00339555 -0.0461569 -0.0468132 
-0.000681756 -0.000147689 -0.0014257 0.00226897 -0.077679 -0.0783608 
-0.000707151 -0.000382776 -0.000787555 0.00114238 -0.109201 -0.109908 
-0.000775799 -0.00054796 -0.000490593 0.000557469 -0.137212 -0.137988 
-0.000881704 -0.000652931 -0.000487518 0.000439137 -0.162198 -0.16308 
-0.000987609 -0.000757902 -0.000484443 0.000320804 -0.187185 -0.188173 
-0.00109351 -0.000862874 -0.000481368 0.000202472 -0.212171 -0.213265 
-0.00119942 -0.000967845 -0.000478293 8.41399e-05 -0.237158 -0.238357 
-0.00130532 -0.00107282 -0.000475218 -3.41924e-05 -0.262144 -0.26345 
-0.00141123 -0.00117779 -0.000472142 -0.000152525 -0.287131 -0.288542 
-0.00151713 -0.00128276 -0.000469067 -0.000270857 -0.312117 -0.313634 
-0.00162304 -0.00138773 -0.000465992 -0.000389189 -0.337104 -0.338727 
-0.00172894 -0.0014927 -0.000462917 -0.000507521 -0.36209 -0.363819 
-0.00183485 -0.00159767 -0.000459842 -0.000625854 -0.387077 -0.388911 
-0.00194075 -0.00170264 -0.000456767 -0.000744186 -0.412063 -0.414004 
-0.00204666 -0.00180762 -0.000453692 -0.000862518 -0.437049 -0.439096 
-0.00215256 -0.00191259 -0.000450617 -0.000980851 -0.462036 -0.464188 
-0.00225847 -0.00201756 -0.000447541 -0.00109918 -0.487022 -0.489281 
-0.00236437 -0.00212253 -0.000444466 -0.00121752 -0.512009 -0.514373 
-0.00247028 -0.0022275 -0.000441391 -0.00133585 -0.536995 -0.539465 
-0.00257618 -0.00233247 -0.000438316 -0.00145418 -0.561982 -0.564558 
-0.00268209 -0.00243744 -0.000435241 -0.00157251 -0.586968 -0.58965 
-0.00278799 -0.00254241 -0.000432166 -0.00169084 -0.611955 -0.614743 
-0.00289389 -0.00264739 -0.000429091 -0.00180918 -0.636941 -0.639835 
-0.0029998 -0.00275236 -0.000426016 -0.00192751 -0.661927 -0.664927 
-0.0031057 -0.00285733 -0.00042294 -0.00204584 -0.686914 -0.69002 
-0.00321161 -0.0029623 -0.000419865 -0.00216417 -0.7119 -0.715112 
-0.00331751 -0.00306727 -0.00041679 -0.00228251 -0.736887 -0.740204 
-0.00342342 -0.00317224 -0.000413715 -0.00240084 -0.761873 -0.765297 
-0.00352932 -0.00327721 -0.00041064 -0.00251917 -0.78686 -0.790389 
-0.00363523 -0.00338218 -0.000407565 -0.0026375 -0.811846 -0.815481 
-0.00374113 -0.00348716 -0.00040449 -0.00275583 -0.836833 -0.840574 
-0.00384704 -0.00359213 -0.000401415 -0.00287417 -0.861819 -0.865666 
-0.00395294 -0.0036971 -0.000398339 -0.0029925 -0.886805 -0.890758 
-0.00405885 -0.00380207 -0.000395264 -0.00311083 -0.911792 -0.915851 
-0.00416475 -0.00390704 -0.000392189 -0.00322916 -0.936778 -0.940943 
-0.00372935 -0.00354979 -0.000208198 -0.0032664 -0.919209 -0.922938 
-0.0032271 -0.00313547 -1.86578e-06 -0.00329362 -0.896384 -0.899611 
-0.00272485 -0.00272114 0.000204467 -0.00332084 -0.87356 -0.876284 
-0.0022226 -0.00230681 0.000410799 -0.00334806 -0.850735 -0.852957 
-0.00172035 -0.00189248 0.000617131 -0.00337528 -0.82791 -0.829631 
-0.00121811 -0.00147815 0.000823464 -0.0034025 -0.805086 -0.806304 
-0.000715857 -0.00106383 0.0010298 -0.00342972 -0.782261 -0.782977 
-0.000213608 -0.000649499 0.00123613 -0.00345694 -0.759436 -0.75965 
0.00028864 -0.000235171 0.00144246 -0.00348417 -0.736612 -0.736323 
0.000790889 0.000179156 0.00164879 -0.00351139 -0.713787 -0.712996 
0.00129314 0.000593484 0.00185513 -0.00353861 -0.690962 -0.689669 
0.00179539 0.00100781 0.00206146 -0.00356583 -0.668137 -0.666342 
0.00229764 0.00142214 0.00226779 -0.00359305 -0.645313 -0.643015 
0.00279988 0.00183647 0.00247412 -0.00362027 -0.622488 -0.619688 
0.00330213 0.00225079 0.00268046 -0.00364749 -0.599663 -0.596361 
0.00380438 0.00266512 0.00288679 -0.00367471 -0.576839 -0.573034 
0.00430663 0.00307945 0.00309312 -0.00370193 -0.554014 -0.549707 
0.00480888 0.00349378 0.00329945 -0.00372915 -0.531189 -0.52638 
0.00531113 0.00390811 0.00350578 -0.00375637 -0.508365 -0.503054 
0.00581338 0.00432243 0.00371212 -0.00378359 -0.48554 -0.479727 
0.00631562 0.00473676 0.00391845 -0.00381081 -0.462715 -0.4564 
0.00681787 0.00515109 0.00412478 -0.00383803 -0.439891 -0.433073 
0.00732012 0.00556542 0.00433111 -0.00386525 -0.417066 -0.409746 
0.00794271 0.00612735 0.00441699 -0.00370384 -0.382269 -0.374326 
0.00892251 0.00712741 0.00414532 -0.0029825 -0.311933 -0.30301 
0.00990231 0.00812748 0.00387364 -0.00226116 -0.241596 -0.231694 
0.0108821 0.00912755 0.00360196 -0.00153981 -0.17126 -0.160378 
0.0118619 0.0101276 0.00333029 -0.000818472 -0.100924 -0.089062 
0.0128417 0.0111277 0.00305861 -9.71287e-05 -0.0305878 -0.017746 
0.0138215 0.0121278 0.00278694 0.000624214 0.0397485 0.05357 
0.0148013 0.0131278 0.00251526 0.00134556 0.110085 0.124886 
0.0157811 0.0141279 0.00224358 0.0020669 0.180421 0.196202 
0.0167609 0.015128 0.00197191 0.00278824 0.250757 0.267518 
0.0177407 0.016128 0.00170023 0.00350959 0.321093 0.338834 
0.0187205 0.0171281 0.00142856 0.00423093 0.39143 0.41015 
0.0197003 0.0181282 0.00115688 0.00495227 0.461766 0.481466 
0.0206801 0.0191282 0.000885203 0.00567362 0.532102 0.552782 
0.0216599 0.0201283 0.000613527 0.00639496 0.602438 0.624098 
0.0226397 0.0211284 0.000341851 0.0071163 0.672774 0.695414 
0.0236195 0.0221284 7.0175e-05 0.00783764 0.743111 0.76673 
0.0245993 0.0231285 -0.000201501 0.00855899 0.813447 0.838046 
0.0255791 0.0241286 -0.000473177 0.00928033 0.883783 0.909362 
0.0265589 0.0251286 -0.000744853 0.0100017 0.954119 0.980678 
0.0275387 0.0261287 -0.00101653 0.010723 1.02446 1.05199 
0.0273081 0.0260204 -0.00136947 0.0110794 1.07501 1.10232 
0.0236953 0.0228151 -0.00194948 0.0104159 1.0703 1.09399 
0.0200824 0.0196098 -0.0025295 0.00975245 1.06559 1.08567 
0.0164696 0.0164045 -0.00310951 0.00908898 1.06087 1.07734 
0.0128568 0.0131992 -0.00368952 0.00842551 1.05616 1.06902 
0.00924393 0.00999385 -0.00426953 0.00776205 1.05145 1.06069 
0.0056311 0.00678853 -0.00484955 0.00709858 1.04674 1.05237 
0.00201827 0.00358322 -0.00542956 0.00643511 1.04202 1.04404 
-0.00159457 0.000377907 -0.00600957 0.00577165 1.03731 1.03572 
-0.0052074 -0.00282741 -0.00658958 0.00510818 1.0326 1.02739 
-0.00882024 -0.00603272 -0.0071696 0.00444471 1.02789 1.01907 
-0.0124331 -0.00923803 -0.00774961 0.00378125 1.02317 1.01074 
-0.0160459 -0.0124433 -0.00832962 0.00311778 1.01846 1.00241 
-0.0196587 -0.0156487 -0.00890963 0.00245431 1.01375 0.99409 
-0.0232716 -0.018854 -0.00948965 0.00179085 1.00904 0.985764 
-0.0268844 -0.0220593 -0.0100697 0.00112738 1.00432 0.977439 
-0.0519777 -0.0441836 -0.0147457 -0.00300713 0.896384 0.844406 
-0.0884202 -0.0763037 -0.0215858 -0.00897556 0.733906 0.645486 
-0.124863 -0.108424 -0.0284259 -0.014944 0.571427 0.446565 
-0.161305 -0.140544 -0.035266 -0.0209124 0.408949 0.247644 
-0.197748 -0.172664 -0.0421061 -0.0268808 0.24647 0.0487228 
-0.23419 -0.204784 -0.0489462 -0.0328493 0.0839921 -0.150198 
-0.270633 -0.236904 -0.0557863 -0.0388177 -0.0784864 -0.349119 
-0.307075 -0.269024 -0.0626264 -0.0447861 -0.240965 -0.54804 
-0.343518 -0.301144 -0.0694665 -0.0507546 -0.403443 -0.746961 
-0.37996 -0.333264 -0.0763066 -0.056723 -0.565922 -0.945882 
-0.416403 -0.365384 -0.0831467 -0.0626914 -0.7284 -1.1448 
-0.452845 -0.397505 -0.0899868 -0.0686598 -0.890878 -1.34372 
-0.433135 -0.380058 -0.0865082 -0.0656328 -0.985195 -1.41833 
-0.268943 -0.235074 -0.0564794 -0.0394603 -0.90413 -1.17307 
-0.104751 -0.0900902 -0.0264506 -0.0132878 -0.823064 -0.927815 
0.0594411 0.0548935 0.00357821 0.0128847 -0.741999 -0.682558 
0.223633 0.199877 0.033607 0.0390571 -0.660934 -0.437301 
0.387825 0.344861 0.0636358 0.0652296 -0.579869 -0.192043 
0.552017 0.489844 0.0936646 0.0914021 -0.498803 0.0532138 
0.716209 0.634828 0.123693 0.117575 -0.417738 0.298471 
0.880401 0.779812 0.153722 0.143747 -0.336673 0.543728 
1.04459 0.924796 0.183751 0.16992 -0.255607 0.788986 
1.01139 0.894824 0.17981 0.16327 -0.19228 0.819113 
0.898606 0.794312 0.162173 0.143386 -0.136105 0.762501 
0.785819 0.6938 0.144535 0.123503 -0.0799297 0.705889 
0.673032 0.593288 0.126898 0.103619 -0.0237545 0.649277 
0.560245 0.492776 0.109261 0.083736 0.0324208 0.592666 
0.447458 0.392263 0.0916233 0.0638525 0.088596 0.536054 
0.334671 0.291751 0.073986 0.0439691 0.144771 0.479442 
0.221884 0.191239 0.0563486 0.0240856 0.200947 0.42283 
0.109097 0.0907272 0.0387113 0.00420213 0.257122 0.366218 
0.028894 0.0193377 0.0258872 -0.00973376 0.292763 0.321657 
0.0284784 0.0192588 0.0248493 -0.00910622 0.278123 0.306602 
0.0280627 0.01918 0.0238114 -0.00847868 0.263484 0.291547 
0.0276471 0.0191012 0.0227735 -0.00785114 0.248844 0.276491 
0.0272315 0.0190223 0.0217355 -0.00722361 0.234205 0.261436 
0.0268159 0.0189435 0.0206976 -0.00659607 0.219565 0.246381 
0.0264003 0.0188646 0.0196597 -0.00596853 0.204926 0.231326 
0.0259847 0.0187858 0.0186218 -0.005341 0.190286 0.216271 
0.0255691 0.018707 0.0175839 -0.00471346 0.175647 0.201216 
0.0251535 0.0186281 0.0165459 -0.00408592 0.161007 0.186161 
0.0247379 0.0185493 0.015508 -0.00345838 0.146367 0.171105 
0.0243223 0.0184705 0.0144701 -0.00283085 0.131728 0.15605 
0.0239067 0.0183916 0.0134322 -0.00220331 0.117088 0.140995 
0.0234911 0.0183128 0.0123943 -0.00157577 0.102449 0.12594 
0.0230755 0.0182339 0.0113563 -0.000948233 0.0878093 0.110885 
0.0226599 0.0181551 0.0103184 -0.000320696 0.0731697 0.0958296 
0.0222443 0.0180763 0.00928049 0.000306842 0.0585302 0.0807745 
0.0218287 0.0179974 0.00824257 0.000934379 0.0438907 0.0657193 
0.0214131 0.0179186 0.00720464 0.00156192 0.0292511 0.0506642 
0.0209975 0.0178398 0.00616672 0.00218945 0.0146116 0.035609 
0.0205819 0.0177609 0.0051288 0.00281699 -2.79766e-05 0.0205539 
0.0201662 0.0176821 0.00409088 0.00344453 -0.0146675 0.00549873 
0.0197506 0.0176032 0.00305296 0.00407207 -0.0293071 -0.00955642 
0.0186278 0.0168934 0.00190811 0.00454443 -0.0425838 -0.023956 
0.0102798 0.00973757 -0.000329085 0.00343156 -0.0419375 -0.0316577 
0.00193177 0.00258171 -0.00256628 0.00231869 -0.0412912 -0.0393595 
-0.00641625 -0.00457416 -0.00480348 0.00120582 -0.040645 -0.0470612 
-0.0147643 -0.01173 -0.00704068 9.29506e-05 -0.0399987 -0.054763 
-0.0231123 -0.0188859 -0.00927788 -0.00101992 -0.0393524 -0.0624647 
-0.0314603 -0.0260418 -0.0115151 -0.00213279 -0.0387062 -0.0701665 
-0.0398083 -0.0331976 -0.0137523 -0.00324566 -0.0380599 -0.0778683 
-0.0481563 -0.0403535 -0.0159895 -0.00435853 -0.0374136 -0.08557 
-0.0565044 -0.0475094 -0.0182267 -0.0054714 -0.0367674 -0.0932718 
-0.0648524 -0.0546652 -0.0204639 -0.00658428 -0.0361211 -0.100974 
-0.0732004 -0.0618211 -0.0227011 -0.00769715 -0.0354749 -0.108675 
-0.0815484 -0.068977 -0.0249383 -0.00881002 -0.0348286 -0.116377 
-0.0898964 -0.0761328 -0.0271755 -0.00992289 -0.0341823 -0.124079 
-0.0982444 -0.0832887 -0.0294127 -0.0110358 -0.0335361 -0.131781 
-0.106592 -0.0904446 -0.0316499 -0.0121486 -0.0328898 -0.139482 
-0.11494 -0.0976004 -0.0338871 -0.0132615 -0.0322435 -0.147184 
-0.123289 -0.104756 -0.0361243 -0.0143744 -0.0315973 -0.154886 
-0.131637 -0.111912 -0.0383615 -0.0154872 -0.030951 -0.162588 
-0.139985 -0.119068 -0.0405987 -0.0166001 -0.0303047 -0.170289 
-0.148333 -0.126224 -0.0428358 -0.017713 -0.0296585 -0.177991 
-0.156681 -0.13338 -0.045073 -0.0188259 -0.0290122 -0.185693 
-0.165029 -0.140536 -0.0473102 -0.0199387 -0.0283659 -0.193395 
-0.269648 -0.233372 -0.0648482 -0.0377199 -0.0619641 -0.331612 
-0.374623 -0.326525 -0.0824427 -0.0555627 -0.095689 -0.470312 
-0.479598 -0.419678 -0.100037 -0.0734055 -0.129414 -0.609012 
-0.584573 -0.512831 -0.117632 -0.0912483 -0.163139 -0.747712 
-0.689548 -0.605983 -0.135226 -0.109091 -0.196863 -0.886412 
-0.794523 -0.699136 -0.152821 -0.126934 -0.230588 -1.02511 
-0.899498 -0.792289 -0.170415 -0.144777 -0.264313 -1.16381 
-1.00447 -0.885442 -0.18801 -0.16262 -0.298038 -1.30251 
-1.10945 -0.978595 -0.205604 -0.180462 -0.331763 -1.44121 
-0.959913 -0.84553 -0.18136 -0.154535 -0.288827 -1.24874 
-0.690739 -0.606124 -0.137449 -0.108033 -0.209855 -0.900593 
-0.421564 -0.366718 -0.0935376 -0.0615307 -0.130882 -0.552446 
-0.152389 -0.127312 -0.0496263 -0.0150284 -0.0519098 -0.204298 
0.116786 0.112094 -0.00571503 0.0314739 0.0270626 0.143849 
0.385961 0.3515 0.0381962 0.0779762 0.106035 0.491996 
0.655136 0.590906 0.0821075 0.124478 0.185007 0.840143 
0.797534 0.718095 0.103922 0.14976 0.226196 1.02373 
0.822454 0.741298 0.105259 0.155377 0.23237 1.05482 
0.847374 0.7645 0.106596 0.160994 0.238545 1.08592 
0.872293 0.787703 0.107934 0.166612 0.24472 1.11701 
0.897213 0.810905 0.109271 0.172229 0.250895 1.14811 
0.72999 0.666891 0.0683192 0.149624 0.199652 0.929641 
0.305721 0.299176 -0.0292062 0.0892647 0.0715946 0.377315 
-0.118548 -0.068538 -0.126732 0.0289054 -0.0564624 -0.175011 
-0.542817 -0.436252 -0.224257 -0.0314539 -0.184519 -0.727338 
-0.731001 -0.591716 -0.287986 -0.048546 -0.244758 -0.975761 
-0.82315 -0.660839 -0.337968 -0.0480377 -0.277409 -1.10056 
-0.844493 -0.665396 -0.380726 -0.0332547 -0.290372 -1.13487 
0.0189456 0.136856 -0.333227 0.159902 -0.0573093 -0.0383633 
0.778809 0.858841 -0.333678 0.349963 0.141265 0.920076 
0.923163 1.10383 -0.619073 0.521632 0.134889 1.05806 
-0.080863 0.258948 -0.873626 0.39738 -0.147593 -0.228453 
-0.390704 -0.00503839 -0.937096 0.352761 -0.22892 -0.619621 
0.253147 0.213985 0.136154 0.00915632 0.124618 0.377763 
-0.1143 -0.282951 0.638628 -0.301301 0.171457 0.0571443 
-0.131538 -0.243638 0.397211 -0.207089 0.0752627 -0.0562818 
-0.106674 -0.468081 0.932379 -0.476634 0.0937046 -0.012966 
-0.0896227 -0.49946 1.02121 -0.521115 0.0902958 0.000679548 
-0.0751876 -0.466185 0.960575 -0.490226 0.0795696 0.00438906 
-0.00808256 0.0244039 -0.0494961 0.0277765 0.0109069 0.00282772 
0.0600393 0.523821 -1.0779 0.555183 -0.0588743 0.00116462 
0.0580102 0.513215 -1.05741 0.544533 -0.0576517 0.000356859 
0.038794 0.377652 -0.779935 0.402057 -0.0390329 -0.000241346 
0.0192741 0.233154 -0.483573 0.249807 -0.0199191 -0.000647681 
-0.00119107 0.0608347 -0.128387 0.0671207 0.000736347 -0.000456533 
-0.0216563 -0.111485 0.2268 -0.115566 0.0213918 -0.000265385 
-0.0421215 -0.283804 0.581986 -0.298253 0.0420473 -7.42379e-05 
-0.0533516 -0.381021 0.782483 -0.401417 0.0533993 4.81314e-05 
-0.0474426 -0.338856 0.695893 -0.356996 0.047485 4.2856e-05 
-0.0415336 -0.296691 0.609302 -0.312576 0.0415708 3.75806e-05 
-0.0356246 -0.254527 0.522712 -0.268155 0.0356565 3.23052e-05 
-0.0297155 -0.212362 0.436122 -0.223735 0.0297423 2.70298e-05 
-0.0238065 -0.170197 0.349532 -0.179315 0.023828 2.17544e-05 
-0.0178975 -0.128032 0.262942 -0.134894 0.0179138 1.64789e-05 
-0.0119884 -0.0858671 0.176351 -0.0904739 0.0119995 1.12035e-05 
-0.00607941 -0.0437023 0.0897613 -0.0460535 0.00608528 5.92811e-06 
-0.000170383 -0.00153745 0.00317112 -0.00163306 0.000171027 6.52696e-07 
0.00573864 0.0406274 -0.0834191 0.0427873 -0.00574322 -4.62272e-06 
0.0116477 0.0827922 -0.170009 0.0872077 -0.0116575 -9.89813e-06 
0 0 0 0 0 0 
