-0.12147 0.950889 -2.08031 1.12942 0.12147 -1.90275e-06 
-0.0705827 0.864899 -1.86659 1.00169 0.0705827 -1.7081e-06 
0.692728 -0.42495 1.33932 -0.914367 -0.692728 1.21166e-06 
-1.96228 -1.10024 1.05787 0.0423694 1.96228 1.01152e-06 
-0.535291 0.474449 -1.50924 1.03479 0.535291 2.0525e-07 
3.3122 -0.289144 2.65514 -2.36599 -3.3122 3.14569e-06 
-5.02307 0.427633 -3.30502 2.87739 5.02307 -6.32277e-06 
0.0467112 -0.135169 0.550122 -0.414953 -0.0467112 -7.5698e-06 
1.01294 -1.85734 3.15263 -1.29529 -1.01294 -1.68728e-05 
-0.845037 1.59394 -2.85389 1.25995 0.845037 1.33027e-05 
0.906045 -1.19796 1.97824 -0.780282 -0.906045 -3.183e-06 
-2.23085 1.71045 -3.11405 1.4036 2.23085 -2.67943e-05 
0.243842 -0.422317 1.01178 -0.589465 -0.243842 4.05887e-06 
5.37236 0.570226 0.677472 -1.2477 -5.37236 4.4851e-05 
-3.26912 -0.183095 -0.815861 0.998954 3.26912 -2.59527e-05 
0.13638 -1.62654 4.31352 -2.68698 -0.13638 -3.54049e-05 
-0.0350288 0.827777 -1.41902 0.591242 0.0350288 2.96282e-05 
-0.00305309 0.000998942 -0.0820695 0.0810707 0.00305309 3.11622e-07 
-0.00388212 0.0960603 -0.283988 0.187928 0.00388212 3.6079e-06 
-0.00221881 0.480498 -1.09728 0.616778 0.00221881 1.66748e-05 
0.00606546 0.697191 -1.55334 0.856151 -0.00606546 3.32048e-05 
0.00445209 -1.97434 4.20637 -2.23203 -0.00445209 -2.11769e-05 
-0.00160669 -3.07201 6.52502 -3.45302 0.00160669 -4.8216e-05 
-0.00162131 -1.03872 2.24277 -1.20404 0.00162131 -2.3639e-05 
-0.000509714 0.754279 -1.53908 0.784799 0.000509714 1.1754e-06 
2.4358e-05 1.3633 -2.83092 1.46761 -2.4358e-05 1.09171e-05 
0.000193266 1.26678 -2.63795 1.37117 -0.000193266 1.15006e-05 
0.000291522 1.49051 -3.13911 1.64861 -0.000291522 1.76395e-05 
0.000516822 2.66329 -5.59033 2.92705 -0.000516822 1.38829e-05 
-0.000458663 -2.56561 5.34498 -2.77937 0.000458664 -6.33793e-05 
-8.30061e-05 -0.418429 0.858507 -0.440078 8.30007e-05 2.05796e-05 
0.000137127 0.607491 -1.44659 0.839101 -0.000137109 0.000142784 
0.00115585 -0.772047 0.884129 -0.112072 -0.00115736 -0.00243454 
-0.0298927 0.745543 -1.78417 1.04229 0.0341638 9.83683e-05 
1.72576 5.81154 -5.91796 -0.117332 -1.98635 0.231948 
0.437181 0.443264 -0.132931 -0.367022 -0.503198 0.0588055 
-3.51956 -5.96065 4.11955 2.2975 4.05105 -0.473794 
4.14724 7.48981 -6.83795 -1.52204 -5.16061 0.903609 
-1.66306 -3.06211 3.8954 -0.216144 2.38176 -0.640905 
0.799682 1.73579 -2.22351 0.170253 -1.16939 0.329679 
-0.0711722 -0.149909 0.190176 -0.0127704 0.103193 -0.0285542 
-0.103429 -0.211761 0.265862 -0.01521 0.14872 -0.0403879 
-0.167895 -0.335124 0.416013 -0.0194342 0.239462 -0.0638191 
-0.231599 -0.458897 0.562968 -0.0206642 0.328729 -0.0866156 
-0.21271 -0.431209 0.515537 -0.00849981 0.301015 -0.0787457 
-0.0534865 -0.145078 0.137504 0.0256224 0.0745048 -0.0187432 
0.331907 0.558626 -0.772905 0.0937641 -0.472252 0.125151 
1.04566 1.86935 -2.4559 0.210285 -1.48384 0.390748 
1.50115 2.76252 -3.54806 0.246799 -2.12853 0.55947 
1.72824 3.1881 -4.08 0.272768 -2.44923 0.642945 
0.829057 1.62918 -2.07951 0.340784 -0.956627 0.11376 
-0.00258453 0.178357 -0.219131 0.385977 0.404588 -0.358485 
-0.453332 -0.587499 0.754233 0.485913 1.21337 -0.677758 
-1.01236 -1.54809 1.98583 0.550268 2.16294 -1.02603 
-1.52082 -2.42241 3.10683 0.60731 3.02509 -1.34143 
-1.98057 -3.21367 4.12134 0.657323 3.80307 -1.62521 
-1.8376 -3.0772 3.97639 0.507527 3.40453 -1.4479 
-1.15415 -2.10828 2.79087 0.179182 1.95173 -0.857528 
-0.528073 -1.21904 1.7021 -0.120435 0.622516 -0.317042 
0.0428371 -0.406434 0.706378 -0.392438 -0.587881 0.175475 
0.560752 0.332531 -0.199932 -0.637926 -1.68415 0.621915 
1.02781 1.00081 -1.02041 -0.857977 -2.6709 1.02414 
1.44611 1.60131 -1.75857 -1.05365 -3.55269 1.38397 
2.36702 1.86533 -1.50479 -1.3296 -5.77374 1.3826 
3.55263 3.36189 -3.25548 -2.19044 -8.55075 2.27119 
3.3847 3.52977 -3.65596 -2.21398 -7.97389 1.6259 
-1.23911 -0.146448 -0.618433 0.372235 3.46897 -2.1388 
-4.18444 -3.33498 2.81401 2.31359 10.5851 -4.67072 
-3.21714 -2.27063 1.51294 1.73009 7.83583 0.523374 
-2.40062 -1.43928 0.563346 1.24891 5.58203 3.96327 
-1.71712 -0.807751 -0.08889 0.85702 3.75964 5.93643 
-1.12991 -0.343836 -0.47582 0.533715 2.27203 6.5319 
-0.211654 0.00822137 -0.27139 0.0926115 0.309874 2.36422 
-0.154831 -0.0276527 -0.14697 0.0712432 0.285623 1.53523 
0.394767 0.192355 -0.0546306 -0.193693 -0.902505 -0.745245 
0.993251 0.431795 0.0463627 -0.482182 -2.19611 -3.23171 
1.64241 0.691379 0.15633 -0.795085 -3.59906 -5.93172 
4.0497 1.35725 0.685261 -1.90922 -8.20027 -13.9842 
2.63513 1.6618 -0.425795 -1.18744 -6.48653 -5.18499 
-3.4909 -1.41037 -0.52319 1.87176 6.92878 6.57596 
-1.59005 -1.04873 0.130714 0.941754 3.41417 -2.35232 
1.80607 0.96787 0.158076 -1.11967 -3.71259 -0.753641 
2.92102 1.62007 0.125035 -1.74514 -6.05517 -0.169785 
4.07854 2.29733 0.142605 -2.44459 -8.47759 0.237803 
1.6364 0.935201 0.0531731 -0.989419 -3.36325 0.172697 
-0.583312 -0.306509 -0.0254206 0.334365 1.28256 0.0748614 
-2.1304 -1.17276 -0.0797657 1.25729 4.51728 0.00294399 
-2.93096 -1.60227 -0.170296 1.78657 6.43769 -0.0355191 
-4.82837 -2.64613 -0.21051 2.84195 10.3943 -0.0949595 
1.7966 1.0307 0.148594 -1.30579 -3.85116 -0.0960236 
2.50375 1.34108 0.545022 -1.6053 -4.73647 0.317531 
-1.82779 -0.921593 -0.516905 1.1471 3.23839 -0.316598 
-1.52514 -0.312258 -2.63877 0.579877 -0.829156 -2.36231 
1.81472 0.213481 3.17866 -0.78764 -0.914503 2.60516 
1.2028 0.156911 2.09115 -0.500484 -0.419376 1.74692 
-0.965807 -0.116799 -1.79855 0.525692 0.455858 -1.38982 
-0.652529 -0.0822809 -1.22963 0.370859 0.289094 -0.941051 
0.0699372 0.00930011 0.137563 -0.0458745 -0.029858 0.100983 
0.0456753 0.0063891 0.093835 -0.0341955 -0.0188519 0.0660207 
-0.0310812 -0.00285014 -0.0444643 0.00271391 0.0157278 -0.0446122 
-0.187612 -0.0217746 -0.326386 0.0778755 0.085583 -0.2703 
-0.468608 -0.0558837 -0.832283 0.212621 0.209883 -0.675561 
-0.936167 -0.112819 -1.67381 0.436594 0.415265 -1.35005 
-1.6698 -0.202365 -2.99394 0.787746 0.735835 -2.40854 
-1.87759 -0.230955 -3.37231 0.894813 0.825896 -2.70843 
-0.56114 -0.076941 -1.02396 0.29109 0.243681 -0.809786 
0.277525 0.021358 0.480029 -0.101396 -0.125084 0.400005 
0.979386 0.103768 1.73889 -0.430201 -0.433663 1.41246 
1.55436 0.171437 2.77037 -0.699935 -0.686418 2.24187 
-0.791783 -0.202714 -1.47596 0.536642 0.349407 -1.14203 
5.64443 0.527934 10.0985 -2.48516 -2.49084 8.14123 
-4.85901 -0.452895 -8.25768 1.70217 2.14424 -7.00839 
-1.53446 -0.154415 -2.61271 0.553884 0.677146 -2.21323 
1.22907 0.105616 2.13072 -0.463577 -0.542379 1.77275 
-1.09702 -0.97651 -0.26464 -0.341159 0.484106 -1.5823 
-0.00589857 -1.42193 2.81921 -1.40557 0.00259978 -0.00853599 
2.36869e-05 -1.28236 2.7764 -1.49399 -2.54781e-05 -0.00012308 
6.96614e-07 1.31591 -2.56543 1.24938 -6.96659e-07 -3.31194e-06 
3.39843e-07 1.40219 -2.85829 1.45611 -3.39843e-07 -1.86442e-06 
-4.12985e-07 1.45651 -3 1.54349 4.12985e-07 2.23851e-06 
