0 0 0 0 0 0 
-0.00501129 0.0401131 -0.0876852 0.0475721 0.00501129 -8.02033e-08 
-0.0114064 0.145854 -0.314458 0.168604 0.0114064 -2.87769e-07 
0.0328143 0.202374 -0.405104 0.20273 -0.0328143 -3.71753e-07 
-0.105898 0.191799 -0.472207 0.280408 0.105898 -4.26676e-07 
-0.338967 0.210213 -0.671563 0.46135 0.338967 -4.99828e-07 
-0.252189 0.195583 -0.645501 0.449918 0.252189 1.53111e-07 
-0.229191 0.202241 -0.683414 0.481174 0.229191 7.90045e-07 
-0.225575 0.240974 -0.769201 0.528228 0.225575 6.46364e-07 
-0.189718 0.226515 -0.766397 0.539883 0.189718 -5.87918e-08 
-0.197669 0.292909 -0.91087 0.617962 0.197669 -3.98809e-07 
-0.165839 0.288631 -0.937304 0.648673 0.165839 -4.18053e-07 
-0.181892 0.309601 -0.998029 0.688427 0.181892 -6.54133e-07 
-0.164346 0.324767 -1.02355 0.698783 0.164346 -5.67597e-07 
0.0174666 0.353311 -1.04443 0.691124 -0.0174666 8.42104e-07 
-0.0034286 0.366542 -1.16086 0.794313 0.0034286 5.03996e-07 
0.00130036 0.328621 -1.1228 0.794184 -0.00130036 -1.00756e-06 
0.000961687 0.320344 -1.11969 0.799349 -0.000961687 -1.25166e-06 
0.000815771 0.321058 -1.12483 0.803768 -0.000815771 -1.21427e-06 
0.000355253 0.331898 -1.15823 0.826335 -0.000355253 -8.0393e-07 
-0.000211408 0.386151 -1.2903 0.904144 0.000211408 1.12728e-06 
-0.000323476 0.476914 -1.50596 1.02905 0.000323476 5.43088e-06 
-7.79858e-05 0.422876 -1.41531 0.992438 7.79858e-05 8.55475e-06 
7.4107e-05 0.130426 -0.817921 0.687495 -7.4107e-05 7.95392e-06 
8.56974e-05 -0.260273 -0.00897206 0.269245 -8.56974e-05 5.22444e-06 
4.99522e-05 -0.595289 0.686881 -0.0915912 -4.99522e-05 2.48852e-06 
1.37065e-05 -0.819544 1.15287 -0.33333 -1.37065e-05 6.14892e-07 
-1.55444e-05 -0.983903 1.49353 -0.509627 1.55444e-05 -6.20628e-07 
-2.20874e-05 -1.03203 1.58925 -0.55722 2.20874e-05 -5.65919e-07 
2.95573e-06 -0.919412 1.34715 -0.42774 -2.95572e-06 -1.60698e-07 
5.10526e-06 -0.937143 1.37606 -0.438913 -5.10519e-06 -3.4133e-06 
2.52257e-07 -0.991059 1.47879 -0.487732 -2.52508e-07 -4.82891e-06 
8.65797e-08 -1.03431 1.54728 -0.512969 -8.68347e-08 -3.18784e-07 
6.87666e-06 -1.18101 1.77904 -0.598031 -7.62691e-06 -4.00352e-06 
-0.00345641 -1.34526 2.00765 -0.66194 0.0039783 -0.000464191 
-3.57049e-05 -1.35502 2.02402 -0.668993 4.10936e-05 -4.79776e-06 
0.00735891 -1.37204 2.05319 -0.682104 -0.00846994 0.000986367 
-0.0820976 -1.54845 2.15211 -0.601998 0.0840369 -0.00173136 
-0.0199298 -1.44874 2.0098 -0.5853 -0.00829936 0.0251729 
-0.0413727 -1.50238 2.08056 -0.592932 0.0241898 0.0153226 
-0.0454428 -1.51104 2.09159 -0.593711 0.0301091 0.0136737 
-0.0530549 -1.52706 2.11191 -0.59507 0.0411433 0.0106221 
-0.0696724 -1.56149 2.15531 -0.597732 0.0651185 0.00406091 
-0.10067 -1.62462 2.23432 -0.602037 0.109598 -0.00796155 
-0.150797 -1.72573 2.35987 -0.608006 0.181231 -0.0271391 
-0.217993 -1.86162 2.52685 -0.614543 0.277016 -0.052634 
-0.288134 -2.00689 2.70175 -0.618665 0.376868 -0.0791286 
-0.327785 -2.10045 2.80559 -0.614487 0.433355 -0.0941415 
-0.28108 -2.03849 2.70613 -0.593599 0.367295 -0.0768819 
-0.10789 -1.7439 2.30775 -0.551832 0.121886 -0.0124808 
0.199669 -1.20037 1.59072 -0.486367 -0.311479 0.099706 
0.579302 -0.515636 0.69345 -0.392207 -0.828971 0.222641 
0.961098 0.188444 -0.227861 -0.265153 -1.31578 0.316288 
1.30145 0.837215 -1.07801 -0.0978478 -1.69582 0.351676 
1.55623 1.35519 -1.76039 0.116113 -1.89288 0.300206 
1.68227 1.66814 -2.17981 0.381574 -1.83377 0.135097 
1.64246 1.71182 -2.25379 0.702111 -1.45622 -0.166252 
1.4484 1.497 -1.99365 1.06519 -0.793038 -0.589194 
1.15598 1.10268 -1.49594 1.44368 0.0366819 -1.08528 
0.818336 0.604333 -0.853088 1.81214 0.920082 -1.60861 
0.483958 0.0709703 -0.149648 2.14748 1.75439 -2.11737 
0.196818 -0.434667 0.53743 2.42885 2.44652 -2.57366 
-0.00342541 -0.855833 1.13848 2.63757 2.91268 -2.94332 
-0.0816985 -1.15437 1.61349 2.76141 3.07766 -3.20747 
0.0389696 -1.28961 1.95035 2.77062 2.75793 -3.35103 
0.4517 -1.14879 2.02033 2.59977 1.73592 -3.31257 
1.1341 -0.726094 1.79829 2.25206 0.0805482 -3.1555 
1.79289 -0.269271 1.50393 1.89594 -1.48039 -3.15424 
2.14074 -0.0470894 1.39407 1.70762 -2.25496 -3.45506 
2.21444 -0.0192898 1.41512 1.66687 -2.36091 -3.72385 
2.08345 -0.115071 1.48608 1.73277 -1.99 -3.6666 
1.80587 -0.28061 1.55125 1.87196 -1.29734 -3.11394 
1.43822 -0.475893 1.58336 2.05413 -0.421574 -2.0713 
1.03995 -0.676524 1.59203 2.25036 0.509533 -0.783306 
0.631048 -0.878253 1.58819 2.45141 1.45904 0.626893 
0.255999 -1.06352 1.57976 2.63585 2.3312 1.97238 
-0.0343828 -1.21199 1.57534 2.77919 3.01618 3.04204 
-0.220698 -1.32488 1.58761 2.87308 3.48857 3.7486 
-0.101001 -1.33114 1.64684 2.82319 3.33574 3.42574 
0.105284 -1.26175 1.66845 2.73659 2.93178 2.96076 
0.0207323 -1.30251 1.6401 2.80414 3.09931 3.12594 
-0.165786 -1.40617 1.61768 2.92971 3.48337 3.19038 
-0.228604 -1.44598 1.60703 2.98035 3.6145 3.17526 
-0.0472863 -1.35048 1.60691 2.88516 3.23959 3.14476 
0.440875 -1.08224 1.6177 2.60601 2.2275 3.12954 
1.07329 -0.731631 1.6332 2.23969 0.918701 3.12918 
1.66095 -0.404388 1.64672 1.89891 -0.29121 3.13535 
2.09623 -0.160695 1.6538 1.64859 -1.17488 3.14237 
2.28829 -0.0499946 1.64746 1.54549 -1.52649 3.14651 
2.13058 -0.130628 1.6261 1.64692 -1.12418 3.14299 
2.06298 -0.159035 1.61694 1.67745 -0.909737 3.1345 
2.17501 -0.0921434 1.65309 1.59353 -1.02416 3.1547 
2.1775 -0.0755891 1.64204 1.57409 -0.962498 3.14054 
2.11474 -0.0822358 1.5523 1.58096 -0.926009 3.05097 
2.18052 -0.0745942 1.68856 1.53086 -0.964432 3.14483 
2.31558 -0.0579088 1.94353 1.45368 -1.02703 3.33931 
2.38561 -0.0490321 2.07628 1.41305 -1.05805 3.44031 
2.39982 -0.047173 2.10385 1.40412 -1.06418 3.46082 
2.403 -0.0467478 2.11013 1.402 -1.06553 3.46541 
2.40969 -0.0458244 2.12372 1.39716 -1.06832 3.47507 
2.41318 -0.0452106 2.13254 1.39281 -1.06953 3.48015 
2.39988 -0.0465518 2.11207 1.39549 -1.06309 3.46102 
2.34548 -0.0527971 2.01859 1.41685 -1.03826 3.38265 
2.20975 -0.0688486 1.77967 1.47616 -0.977372 3.18699 
1.93727 -0.101495 1.29556 1.60002 -0.856211 2.79408 
1.51156 -0.153022 0.536174 1.79698 -0.667654 2.18013 
1.0211 -0.213135 -0.340609 2.02651 -0.450825 1.47276 
0.553238 -0.271547 -1.17838 2.24789 -0.244188 0.797957 
0.167607 -0.321256 -1.87016 2.43316 -0.0739657 0.241747 
-0.0900549 -0.356941 -2.33391 2.56096 0.0397404 -0.129891 
-0.234367 -0.386009 -2.59816 2.64613 0.103424 -0.338038 
-0.0156077 -0.382255 -2.20963 2.56937 0.00688754 -0.0225117 
0.0479265 -0.392808 -2.0715 2.53344 -0.0211495 0.0691266 
-0.0163607 -0.416239 -2.15098 2.54362 0.00721985 -0.0235979 
0.00277197 -0.449389 -2.05529 2.50868 -0.00122325 0.00399807 
1.03183e-05 -0.554017 -1.8671 2.42113 -4.55744e-06 1.48207e-05 
2.34171e-10 -0.770902 -1.44903 2.21993 4.89782e-11 -2.22925e-08 
-4.75175e-09 -1.04075 -0.909856 1.9506 4.75175e-09 6.43347e-10 
-2.29801e-09 -1.20344 -0.577937 1.78138 2.29801e-09 -1.10492e-08 
1.28424e-08 -1.26353 -0.454262 1.71779 -1.28424e-08 -9.30577e-08 
