-0 0 -0 0 0 -0 
-0.0324244 0.272025 -0.593633 0.321608 0.0324244 -5.43013e-07 
0.0241055 0.393735 -0.813658 0.419924 -0.0241055 -7.45764e-07 
0.158177 -0.0378326 0.181155 -0.143323 -0.158177 1.62489e-07 
-1.15082 0.0612768 -0.877423 0.816146 1.15082 -6.83966e-07 
-0.261691 0.0285619 -0.289669 0.261108 0.261691 3.23505e-07 
0.407198 -0.14525 0.267294 -0.122044 -0.407198 3.79574e-06 
-0.0173231 0.149099 -0.327333 0.178235 0.0173231 5.90124e-07 
0.0976243 0.0145833 -0.0975001 0.0829168 -0.0976243 -2.27976e-06 
0.0444263 0.0941147 -0.250418 0.156303 -0.0444263 -7.66907e-07 
-0.0300289 0.251225 -0.554879 0.303655 0.0300289 -3.3006e-06 
-0.00774666 -0.0238047 -0.0884223 0.112227 0.00774666 3.86374e-08 
0.0128237 0.059145 -0.121218 0.0620727 -0.0128237 -1.53632e-07 
0.324811 0.133847 -0.163736 0.029889 -0.324811 2.26495e-06 
0.0622716 0.00374766 -0.179351 0.175603 -0.0622716 9.57728e-08 
0.0357809 -0.00829854 -0.191699 0.199998 -0.0357809 -2.92667e-06 
-0.000353546 -0.104767 0.120956 -0.016189 0.000353546 -3.415e-06 
-2.91148e-05 8.98408e-06 -0.000781674 0.000772691 2.91148e-05 2.95342e-09 
-0.00101612 0.00941771 -0.0440707 0.034653 0.00101612 4.10846e-07 
-0.00207397 0.0834043 -0.224206 0.140802 0.00207397 3.03212e-06 
-0.00136314 0.305893 -0.717896 0.412003 0.00136314 1.11592e-05 
0.000539409 0.173119 -0.451581 0.278462 -0.000539409 1.54581e-05 
0.000852648 -0.596987 1.18561 -0.588627 -0.000852648 4.68077e-06 
0.000213422 -1.29464 2.67111 -1.37647 -0.000213422 -7.35619e-06 
-8.00871e-05 -1.3008 2.69944 -1.39864 8.00871e-05 -1.01818e-05 
-0.000139533 -0.969811 2.01549 -1.04568 0.000139533 -8.1313e-06 
-0.000101221 -0.574635 1.19346 -0.618822 0.000101221 -4.70616e-06 
-8.6398e-05 -0.496195 1.02377 -0.527571 8.6398e-05 -3.0491e-06 
5.35258e-05 0.228702 -0.498116 0.269413 -5.35258e-05 3.3202e-06 
6.02194e-05 0.23272 -0.511906 0.279186 -6.02191e-05 -5.18408e-06 
-2.73168e-05 -0.250709 0.493582 -0.242873 2.73165e-05 -1.30851e-05 
2.22088e-06 -0.0887296 0.138748 -0.0500187 -2.2221e-06 7.72409e-06 
2.47741e-05 -0.301078 0.508717 -0.207639 -2.4831e-05 -7.22998e-05 
0.000139416 -0.761731 1.1484 -0.386676 -0.000143839 -0.000262887 
-0.0219582 -0.266222 0.328526 -0.0594566 0.0252744 -0.00296032 
0.0392086 0.00440727 0.0345169 -0.0440082 -0.0451292 0.00527134 
-0.191246 -0.447517 0.381118 0.0912002 0.220128 -0.0257651 
0.0893973 0.13501 -0.430249 0.200703 -0.199489 0.0981847 
0.049306 0.0266469 -0.0155492 -0.0207757 -0.0605766 0.0100528 
-0.0666999 -0.142695 0.181958 -0.0131254 0.0971377 -0.0271426 
-0.0145343 -0.0308016 0.0391558 -0.00270736 0.0211102 -0.00586403 
-0.0392825 -0.082173 0.103988 -0.00673748 0.0568405 -0.0156572 
-0.0779135 -0.160136 0.201268 -0.0117438 0.112137 -0.0305186 
-0.138017 -0.279304 0.348344 -0.0178728 0.197603 -0.053136 
-0.205231 -0.413543 0.511325 -0.0225255 0.29287 -0.0781512 
-0.248385 -0.505564 0.61676 -0.0207005 0.35377 -0.0939769 
-0.214485 -0.457624 0.53987 -0.00429925 0.305257 -0.0809451 
-0.023151 -0.121207 0.0914919 0.0386256 0.0335276 -0.00925332 
0.363287 0.585359 -0.82126 0.105946 -0.514626 0.134956 
0.836625 1.45759 -1.93929 0.182034 -1.18559 0.311189 
1.22548 2.18821 -2.87337 0.27098 -1.70782 0.430125 
1.34024 2.44188 -3.19587 0.377596 -1.77857 0.390877 
1.26203 2.36012 -3.08908 0.500253 -1.52838 0.237513 
1.04727 2.04689 -2.6872 0.651377 -1.03438 -0.0114935 
0.677051 1.46644 -1.9427 0.820178 -0.276546 -0.357149 
0.165837 0.643444 -0.887224 1.00457 0.72013 -0.790058 
-0.432275 -0.337084 0.372403 1.18858 1.85241 -1.27006 
-0.866669 -1.09049 1.35581 1.28791 2.62961 -1.60466 
-1.11036 -1.57329 2.00801 1.29578 3.00166 -1.77457 
-1.17973 -1.80825 2.35664 1.22041 3.00388 -1.79405 
-1.09054 -1.81726 2.42829 1.06968 2.67019 -1.6768 
-0.857924 -1.62135 2.24848 0.851169 2.03318 -1.43597 
-0.496385 -1.24069 1.8417 0.572119 1.12408 -1.08416 
0.00180424 -0.818055 1.46981 0.273149 -0.0965863 -0.749092 
0.884859 -0.036883 0.756778 -0.252203 -2.23493 -0.192485 
1.9412 1.01264 -0.296831 -0.922374 -4.75519 0.426157 
2.61437 1.77592 -1.12168 -1.38993 -6.28263 0.488071 
1.75459 1.19369 -0.719189 -0.953746 -4.06062 -0.627567 
0.680268 0.383182 -0.0980944 -0.367343 -1.39004 -1.18549 
-0.134642 -0.152004 0.196502 0.0642922 0.553331 -0.492897 
-0.731458 -0.474868 0.259026 0.36905 1.90442 0.981489 
-1.1464 -0.639065 0.168775 0.571118 2.77994 2.84889 
-1.33289 -0.684434 0.0616121 0.658054 3.13681 4.10642 
-1.40706 -0.69883 0.00382335 0.692272 3.2739 4.72496 
-1.37327 -0.675301 -0.0257504 0.674996 3.18655 4.84495 
-1.17228 -0.58486 -0.0271688 0.577122 2.73777 4.27071 
-0.789593 -0.421742 0.00213605 0.391663 1.89628 2.94113 
-0.392861 -0.336789 0.112295 0.209309 1.18117 1.5966 
1.17762 0.320786 0.244707 -0.532135 -2.21488 -3.50623 
0.122114 0.0569771 -0.0622756 0.00342406 -0.262458 0.185933 
-0.610154 -0.318768 -0.100908 0.41498 1.24143 0.520007 
-0.487488 -0.283074 -0.0525556 0.335676 1.01075 0.0240798 
0.134469 0.0553712 -0.0196174 -0.0348484 -0.274237 -0.101277 
1.16638 0.633112 0.0196335 -0.65256 -2.41687 -0.0882749 
2.0489 1.13239 0.0495999 -1.18275 -4.24644 -0.0213243 
2.18475 1.21418 0.0530097 -1.26772 -4.51271 0.0140632 
1.77431 0.990244 0.0371418 -1.02684 -3.6361 0.0248129 
1.23825 0.697277 0.00790887 -0.70214 -2.46485 0.0225758 
-0.0168074 0.00925954 -0.0535454 0.048637 0.253642 0.00290199 
-0.747915 -0.386396 -0.0757874 0.448542 1.82416 -0.027145 
0.257508 0.172628 0.0301881 -0.215982 -0.263897 -0.0103448 
0.276644 0.159229 0.186425 -0.207669 -0.0413958 0.138935 
-0.255269 -0.0169803 -0.382696 0.0497055 0.272334 -0.350909 
-0.0192028 -0.00392806 0.0388078 -0.0663393 -0.0245076 -0.0312657 
0.447108 0.0543126 0.855426 -0.267316 -0.218924 0.642546 
0.378165 0.0473553 0.712108 -0.214345 -0.169777 0.545133 
0.119795 0.0155026 0.230405 -0.0730336 -0.0521024 0.172869 
0.00136582 0.000181609 0.00268632 -0.000895688 -0.000583138 0.00197211 
0.0192845 0.00259645 0.0383359 -0.013078 -0.00816651 0.0278522 
0.0229386 0.00329683 0.04828 -0.0183976 -0.00930275 0.0331742 
-0.00651707 2.06327e-06 -0.00141947 -0.00780871 0.0043995 -0.00923504 
-0.0984118 -0.0108587 -0.163551 0.0327391 0.0458287 -0.141684 
-0.297631 -0.0347706 -0.518875 0.124722 0.134546 -0.428941 
-0.669688 -0.0797571 -1.18524 0.299461 0.298961 -0.965552 
-1.20817 -0.145417 -2.15155 0.554686 0.535969 -1.74229 
-1.64413 -0.200095 -2.9364 0.765292 0.727404 -2.3712 
-1.682 -0.207792 -3.00946 0.791322 0.743166 -2.42593 
-1.4957 -0.189193 -2.6805 0.712394 0.660364 -2.15729 
-1.12364 -0.148759 -2.01831 0.546385 0.495896 -1.62068 
-0.733989 -0.109746 -1.32568 0.376753 0.323903 -1.05867 
0.0721154 -0.0525831 0.102511 0.0540876 -0.0318239 0.104016 
0.913822 0.0305976 1.66464 -0.377179 -0.403262 1.31805 
-0.257851 -0.0824723 -0.339682 0.050241 0.113788 -0.371912 
-0.0342306 -0.0643324 0.0502312 -0.0352713 0.0151057 -0.0493723 
-0.0775505 -0.220058 0.252529 -0.144326 0.0342222 -0.111856 
-0.00103502 -0.537997 1.00976 -0.473257 0.000456947 -0.00149105 
5.82287e-07 -0.944415 1.85653 -0.912124 -5.99617e-07 -2.68351e-06 
-9.55705e-09 -0.746032 1.5112 -0.765167 9.55752e-09 5.58594e-08 
7.17773e-08 -0.392092 0.806006 -0.413915 -7.17773e-08 -3.8786e-07 
-1.22776e-21 4.33005e-15 -8.91868e-15 4.58863e-15 1.22776e-21 6.65485e-21 
