-0 -0 -0 0 0 -0 
-0.938908 -1.157 -0.239035 1.39603 0.938908 -2.20926e-08 
-1.46564 -1.81847 -0.365722 2.18419 1.46564 -9.77655e-09 
-0.651971 -0.861133 -0.131451 0.992584 0.651971 9.97945e-08 
0.388732 0.50563 0.0830507 -0.58868 -0.388732 -4.39173e-08 
-0.152638 0.0815786 -0.428579 0.347001 0.152638 -9.45685e-07 
0.693339 0.25842 -0.140214 -0.118206 -0.693339 3.16167e-08 
0.866646 0.323174 -0.0310658 -0.292108 -0.866646 5.97342e-07 
-0.499174 -0.100696 0.0225106 0.078185 0.499174 5.21303e-07 
0.216479 0.141426 0.0063493 -0.147775 -0.216479 -2.0078e-07 
0.1597 0.45783 -0.574858 0.117028 -0.1597 9.82664e-08 
-0.0118309 0.392088 -0.284687 -0.107401 0.0118309 -2.32957e-07 
0.357226 0.330868 -0.293393 -0.0374756 -0.357226 -1.54917e-06 
0.24303 0.335912 -0.162957 -0.172954 -0.24303 5.92353e-07 
0.29108 0.460733 -0.0934122 -0.367321 -0.29108 -7.02287e-07 
0.452782 0.768846 0.360534 -1.12938 -0.452782 3.69344e-07 
0.234513 -0.0436989 1.51751 -1.47382 -0.234513 -7.43869e-07 
-0.00460071 -0.167706 0.94931 -0.781604 0.00460071 1.37166e-08 
-0.0696301 0.178691 -0.0626331 -0.116057 0.0696301 3.82092e-07 
1.24812e-16 -3.40602e-16 -3.01593e-16 6.42196e-16 -1.24812e-16 3.11722e-22 
