0.106872 2.71208 -1.51693 -1.19516 -0.106872 -5.29508e-05 
0.904741 2.18711 -2.71921 0.532102 -0.904741 1.53583e-05 
0.145106 0.405918 -0.936388 0.53047 -0.145106 2.90553e-06 
-0.0677069 0.641252 -2.88799 2.24674 0.0677069 -5.43079e-06 
-0.100819 0.417754 0.301776 -0.719528 0.100819 4.29071e-06 
0.329647 0.737708 -1.4228 0.685082 -0.329647 -1.07221e-06 
0.146292 0.537694 -1.39665 0.858946 -0.146292 1.10047e-06 
-0.141691 -0.627123 1.39788 -0.770764 0.141691 -2.75183e-06 
0.338465 0.362571 -0.910618 0.54804 -0.338465 2.49953e-07 
0.828186 1.05628 -2.57939 1.52311 -0.828186 -7.66223e-06 
2.89211 0.72604 -2.41847 1.69252 -2.89211 -0.000108413 
1.55194 -1.09757 2.99557 -1.89766 -1.55194 7.94213e-05 
-2.80869 -0.74185 2.54282 -1.80124 2.80869 2.92423e-06 
-2.80094 0.523682 -1.71235 1.18871 2.80094 -1.79042e-05 
1.52658 -0.755902 1.7871 -1.0312 -1.52658 1.90519e-05 
-0.064304 -1.41676 2.85789 -1.44101 0.064304 -6.81016e-07 
-1.31845 1.08544 -2.97397 1.88854 1.31845 -9.26857e-05 
-0.413836 1.68522 -3.73021 2.04498 0.413836 5.16594e-05 
-0.112522 1.05631 -2.26657 1.21026 0.112522 -1.55715e-06 
-0.109606 1.40622 -3 1.59378 0.109606 7.06152e-07 
