0 0 -0 0 -0 -0 
0.000468792 0.463018 -0.974196 0.511179 -0.000468792 -9.00789e-07 
-6.99343e-05 -0.124229 0.269374 -0.145145 6.99343e-05 1.19914e-07 
-0.0007235 0.19771 -0.558157 0.360447 0.0007235 1.55213e-06 
-0.000118531 0.26633 -1.06726 0.800925 0.000118531 -2.09692e-06 
-3.8363e-07 -0.00168188 -0.543992 0.545675 3.8363e-07 8.02322e-07 
2.27041e-05 0.306924 -0.84146 0.534535 -2.27041e-05 -5.66232e-05 
5.21421e-07 0.193147 -0.97606 0.782912 -5.21421e-07 -1.30074e-06 
-1.89251e-06 -0.293315 -0.415159 0.708473 1.89251e-06 4.65112e-06 
-4.53388e-06 -0.687699 -0.367591 1.05529 4.53388e-06 1.10437e-05 
6.31952e-06 -0.110763 -0.314699 0.42546 -6.31952e-06 -1.54203e-05 
9.25538e-08 -0.047817 -0.100101 0.147918 -9.25538e-08 -2.27409e-07 
-1.06583e-07 -0.286192 0.223174 0.0630191 1.06583e-07 2.82458e-07 
4.18705e-07 -0.902018 0.188324 0.713691 -4.18705e-07 -1.20117e-06 
-2.95345e-07 -0.257788 -0.11432 0.372108 2.95345e-07 8.70601e-07 
-2.36001e-07 -0.231525 -0.095296 0.32682 2.36001e-07 7.15705e-07 
3.00229e-07 -0.41063 0.750294 -0.339665 -3.00229e-07 -1.03687e-06 
8.11307e-07 -1.01667 2.00035 -0.983683 -8.11307e-07 -3.51844e-06 
-2.72004e-08 -0.542525 1.10782 -0.565295 2.72004e-08 1.52829e-07 
2.26491e-23 -7.98784e-17 1.64527e-16 -8.46486e-17 -2.26491e-23 -1.22765e-22 
