-0 -0 -0 0 0 -0 
-1.07101 -1.33042 -0.266298 1.59672 1.07101 -3.97468e-09 
-0.207246 0.124561 -0.393229 0.268668 0.207246 -9.63005e-07 
-0.484601 -0.0976013 0.0218482 0.0757531 0.484601 5.09292e-07 
0.46387 0.440592 -0.382264 -0.0583278 -0.46387 7.97373e-07 
0.435659 0.731045 0.431642 -1.16269 -0.435659 -1.28459e-06 
-0.066668 0.178724 -0.119809 -0.0589144 0.066668 4.69195e-07 
0.0438896 -0.492852 0.92102 -0.428168 -0.0438896 9.35692e-07 
0.000290034 -0.0410257 0.0741087 -0.0330829 -0.000290034 -5.29573e-08 
0.242085 -0.490994 0.991427 -0.500432 -0.242085 4.12977e-07 
0.243939 -0.0130854 0.383824 -0.370738 -0.243939 -5.87739e-08 
0.00859609 0.00342973 0.0137854 -0.0172151 -0.00859609 8.56675e-11 
0.115829 0.0472803 0.186104 -0.233384 -0.115829 -8.57855e-10 
0.1033 0.0350085 0.161545 -0.196554 -0.1033 -4.07085e-09 
-1.2205 -0.585634 -2.00816 2.5938 1.2205 2.81962e-08 
-1.35489 -0.642567 -2.25646 2.89903 1.35489 -5.15095e-08 
0.700226 0.317463 1.00138 -1.31884 -0.700226 3.10556e-07 
0.327564 0.0419233 -0.165897 0.123974 -0.327564 2.50822e-06 
0.000213121 -0.654081 1.30299 -0.648915 -0.000213121 1.61577e-06 
-4.92026e-23 3.38511e-16 -7.04647e-16 3.66136e-16 4.92026e-23 2.69427e-22 
