0.00133584 1.24895 -2.62481 1.37587 -0.00133584 -2.47457e-06 
0.00119163 1.13955 -2.39637 1.25683 -0.00119163 -2.23558e-06 
-0.000971441 -0.501439 1.03023 -0.528791 0.000971441 1.34916e-06 
-0.000212674 -1.74738 3.76218 -2.0148 0.000212674 2.10835e-06 
-0.00798046 1.28602 -3.21027 1.92426 0.00798046 5.09915e-06 
0.0211414 0.105201 -0.528241 0.423042 -0.0211414 -4.40531e-06 
-0.522642 0.268119 -2.62888 2.36076 0.522642 -2.38303e-05 
-3.99603 -1.46655 1.48047 -0.0139224 3.99603 -3.7404e-05 
1.30621 0.24814 0.57974 -0.827881 -1.30621 9.47384e-06 
-1.40408 -0.327146 -0.00947124 0.336618 1.40408 -6.68724e-06 
-1.3157 -0.375882 0.0678512 0.308031 1.3157 -6.98888e-06 
1.00007 0.481047 -0.39846 -0.0825873 -1.00007 6.36195e-06 
-2.76556 -0.370891 -0.863164 1.23405 2.76556 -1.37095e-05 
-0.439979 -1.90235 2.53802 -0.635671 0.439979 -1.1295e-05 
1.50249 1.66775 -1.77611 0.108366 -1.50249 1.16149e-05 
-3.12963 -4.38458 4.35292 0.0316557 3.12963 -0.000135821 
-1.50709 -4.39897 6.53463 -2.13566 1.50709 -8.87807e-05 
0.783078 1.5151 -2.11131 0.596203 -0.783078 -0.000140823 
0.171123 1.47133 -2.46203 0.990709 -0.171123 8.89002e-05 
-0.0642494 1.11432 -2.5233 1.40897 0.0642494 8.75537e-06 
0.00919849 -0.865429 1.88692 -1.0215 -0.00919849 -9.71449e-06 
0.0404914 -0.637983 1.51221 -0.874224 -0.0404914 -1.25378e-05 
-0.00526448 0.0679059 -0.164726 0.09682 0.00526448 1.54781e-06 
-0.00572588 0.044333 -0.116669 0.0723357 0.00572588 1.53812e-06 
-0.00642126 -0.0118462 -0.000798585 0.0126448 0.00642126 1.4711e-06 
-0.00707298 -0.123245 0.231374 -0.108128 0.00707298 1.25918e-06 
-0.00727629 -0.322834 0.650542 -0.327708 0.00727629 7.74703e-07 
-0.00649928 -0.653938 1.34961 -0.695669 0.00649928 -1.50104e-07 
-0.00408291 -1.17024 2.44367 -1.27343 0.00408291 -1.7231e-06 
-0.000942786 -1.48591 3.11817 -1.63226 0.000942786 -2.94253e-06 
0.00592207 -0.642621 1.37145 -0.728826 -0.00592207 -2.49503e-06 
0.00682682 -0.0424577 0.112105 -0.0696478 -0.00682682 -1.2401e-06 
0.00775177 0.572218 -1.17769 0.605475 -0.00775177 4.54624e-08 
0.00869711 1.20155 -2.49825 1.2967 -0.00869711 1.36196e-06 
0.0126061 2.0293 -4.26015 2.23085 -0.0126061 4.52174e-06 
0.0228753 3.77502 -7.89913 4.12412 -0.0228753 -7.59413e-06 
-0.0195319 -3.33056 6.92956 -3.599 0.0195319 -1.58966e-05 
-0.000549239 -0.0995655 0.197284 -0.0977192 0.00054924 0.000111508 
0.00551 0.490306 -1.18196 0.69165 -0.00551 8.62693e-05 
-0.000798072 -0.532617 0.917139 -0.384527 0.000798142 0.000305838 
-8.48118e-05 -2.03635 2.98472 -0.948472 6.14454e-05 -0.000984769 
-0.01626 1.64039 -2.92071 1.31415 -0.0356351 -0.0489055 
0.0478091 0.334269 -0.165826 -0.276475 0.118182 0.165711 
0.364349 3.91942 -2.5036 -2.59455 1.44632 1.81068 
-0.0372983 -0.431039 0.147088 0.02433 0.436107 0.398752 
-0.0245521 -0.0886723 -0.123723 0.597086 -0.566379 -0.590814 
0.0279896 0.563523 -0.0986925 1.29226 -2.72709 -2.69872 
0.101449 -0.506391 0.868215 -4.23191 5.84348 5.94399 
0.0146638 -0.0655586 0.0813156 -0.851877 1.26972 1.28419 
-0.057467 0.438955 -0.636483 2.44388 -3.39321 -3.45013 
-0.0257228 0.251906 -0.332469 1.11588 -1.56465 -1.59013 
0.00525104 -0.061315 0.0767178 -0.229573 0.323741 0.328941 
-0.00212722 -0.0155757 0.0052873 0.0870152 -0.115735 -0.117843 
-0.0211843 0.103844 -0.179644 0.909207 -1.25903 -1.28001 
-0.0610168 0.355793 -0.566976 2.63592 -3.66367 -3.7241 
-0.13513 0.827639 -1.28869 5.85939 -8.15738 -8.2912 
-0.155848 0.953087 -1.48617 6.73215 -7.4477 -7.60291 
0.0212051 -0.12875 0.198128 -0.974275 5.2018 5.22105 
0.0829771 -0.521896 0.799879 -3.66124 9.18214 9.26245 
0.10309 -0.646805 0.993793 -4.52261 9.57393 9.67452 
0.0829797 -0.509081 0.789278 -3.59759 6.0838 6.16588 
0.0465309 -0.278862 0.433324 -1.97015 2.82721 2.87432 
0.0275314 -0.152507 0.243516 -1.11594 0.354443 0.383527 
0.0143204 -0.0670214 0.11477 -0.538124 -1.15063 -1.13445 
0.00557747 -0.0127535 0.0327095 -0.171425 -1.93848 -1.93122 
0.000154259 0.0186914 -0.0151716 0.0409489 -2.22698 -2.22559 
-0.00292562 0.0344509 -0.0395044 0.147277 -2.20136 -2.20363 
-0.00446655 0.0404048 -0.0490478 0.187336 -2.0142 -2.01861 
-0.00510089 0.041176 -0.0506876 0.192394 -1.78547 -1.79103 
-0.00528902 0.0401298 -0.0494366 0.185218 -1.60251 -1.60862 
-0.0053193 0.039374 -0.048435 0.180066 -1.52003 -1.52631 
0.0208663 -0.146785 0.179413 -0.653007 5.2764 5.30227 
0.0167369 -0.0869823 0.0940937 -0.247262 1.81882 1.84588 
0.00303478 0.0190339 -0.0639476 0.46959 -3.60718 -3.59081 
-0.025002 0.0978551 -0.201138 0.995306 -7.52347 -7.55083 
-0.078062 0.0942215 -0.254607 0.949087 -6.55695 -6.69126 
-0.17803 -0.0812612 -0.133505 -0.240725 4.16594 3.80443 
0.12408 0.0109778 0.0716648 -0.931835 6.99182 7.2152 
1.02869 0.483363 0.422701 -0.924115 -1.59505 0.428871 
-1.07504 -0.718211 0.230702 0.825077 -1.03626 -3.14357 
-3.16267 -1.8828 -0.250572 1.99525 6.54616 0.318922 
1.39113 0.884373 -0.160168 -0.741671 -2.21595 0.521248 
3.32436 2.05586 -0.0345154 -1.93435 -6.3873 0.156866 
3.19521 1.92376 0.0102926 -1.84004 -6.22739 0.0628027 
2.86845 1.73754 0.0162907 -1.69382 -5.61986 -0.0046465 
1.09235 0.689832 0.00297333 -0.745259 -2.14517 -0.0934305 
-0.456011 -0.223895 -0.00859271 0.0830301 0.884034 -0.169596 
-1.16978 -0.631588 -0.0176173 0.35183 2.29732 -0.303417 
-4.07809 -2.32627 -0.0422072 1.82686 7.98544 -0.520151 
-3.50292 -2.0623 -0.0823508 2.22352 7.01198 0.0971994 
-2.07191 -1.34097 -0.138056 2.56001 4.44367 1.09162 
0.414963 -0.0544367 -0.212324 2.81289 -0.0943628 2.54344 
1.70598 0.978431 0.222352 -1.34959 -3.73148 -0.158208 
0.575791 0.748939 0.669708 -5.47123 -2.76821 -4.05557 
-0.0528249 0.516438 0.765263 -6.50243 -1.85427 -5.22019 
-0.247946 0.251451 0.508749 -4.49729 -0.872002 -3.73554 
-0.126139 -0.0664139 -0.0536488 0.0855129 0.267294 -0.0338116 
-0.0572484 -0.212188 -0.311621 2.25481 0.783187 1.73127 
-0.0232219 -0.252196 -0.382487 2.92863 0.917124 2.29398 
-0.00975965 -0.23897 -0.359165 2.83411 0.860345 2.23591 
-0.00631663 -0.211253 -0.310184 2.50747 0.753882 1.98594 
-0.0061019 -0.19399 -0.279671 2.29404 0.688555 1.82027 
0.0151693 0.419279 0.593065 -4.93253 -1.48065 -3.91994 
0.0330971 0.207681 0.218953 -2.20955 -0.690284 -1.78277 
0.0917302 -0.26112 -0.603356 3.94331 1.05551 3.07862 
0.0866867 -0.512586 -0.993485 7.222 2.0432 5.71554 
-0.0466142 -0.214754 -0.321623 3.30655 1.07885 2.76999 
-0.232063 0.558423 1.17987 -6.83242 -1.66613 -5.09379 
0.149717 0.308984 0.103468 -2.6175 -0.971368 -2.2049 
1.96538 0.310735 -4.13924 9.765 0.24669 5.93609 
0.766991 1.30995 -2.98755 2.46466 -0.473714 0.787054 
-0.371117 1.28902 -2.84187 1.5531 0.371186 0.000277342 
-1.14614 -1.50021 2.62912 -1.12898 1.14614 -4.47021e-05 
-0.444123 -1.07243 1.9806 -0.908156 0.444123 2.26343e-05 
-0.111519 0.215433 -0.582598 0.367162 0.111519 -1.84134e-06 
-0.096229 -0.925631 2.01554 -1.08991 0.096229 7.46999e-07 
-0.0895177 -1.72837 3.96312 -2.23475 0.0895177 -7.36289e-07 
-0.0187931 -0.328409 0.619008 -0.290598 0.0187931 -1.14493e-07 
0.00680682 0.17448 -0.544392 0.369912 -0.00680682 1.0909e-07 
0.00851348 0.208006 -0.621952 0.413946 -0.00851348 1.23995e-07 
