0 0 -0 0 -0 -0 
0.000331377 0.311111 -0.653914 0.342802 -0.000331377 -6.15285e-07 
0.000443384 0.4558 -0.960314 0.504514 -0.000443384 -8.67019e-07 
-0.000122999 -0.0386721 0.0768455 -0.0381734 0.000122999 1.43348e-07 
0.000337018 -0.00962265 0.0390646 -0.0294419 -0.000337018 -2.64812e-07 
-0.00141001 0.248922 -0.714975 0.466052 0.00141001 1.78218e-06 
-0.00764295 0.227426 -0.818404 0.590979 0.00764295 -3.46481e-06 
-0.453121 0.0180598 -0.714554 0.696494 0.453121 -4.18889e-06 
0.529016 0.134889 -0.0499392 -0.0849495 -0.529016 2.33415e-06 
0.393073 0.10394 -0.00905521 -0.094885 -0.393073 2.01571e-06 
0.0398512 0.0114123 -0.00209792 -0.00931434 -0.0398512 2.11873e-07 
0.361827 0.116802 -0.0415859 -0.0752157 -0.361827 2.00115e-06 
0.0961212 0.160244 -0.265864 0.105619 -0.0961212 1.07309e-06 
-0.46223 -0.237909 0.0421654 0.195744 0.46223 -3.56628e-06 
-0.024424 0.11494 -0.274503 0.159564 0.024424 1.42187e-06 
-0.13002 -0.0968021 -0.0479048 0.144707 0.13002 -8.62689e-06 
0.0351552 0.219992 -0.474448 0.254456 -0.0351552 1.59195e-05 
-0.149432 -0.208168 0.0259686 0.1822 0.149432 -1.81123e-05 
0.00196799 -0.142439 0.270124 -0.127685 -0.00196799 -3.67826e-06 
-0.0023125 0.228131 -0.508585 0.280454 0.0023125 4.44692e-06 
-0.0107276 0.257017 -0.588207 0.331191 0.0107276 3.99349e-06 
-0.00332368 0.0483051 -0.115513 0.0672079 0.00332368 1.00651e-06 
-0.000901278 0.0122454 -0.0295146 0.0172692 0.000901278 2.68285e-07 
-0.00228751 0.0269933 -0.0662562 0.0392629 0.00228751 6.60045e-07 
-0.0038249 0.0319994 -0.0830066 0.0510073 0.0038249 1.04351e-06 
-0.00554028 0.0163487 -0.0568946 0.040546 0.00554028 1.39388e-06 
-0.00737394 -0.0379201 0.0500599 -0.0121397 0.00737394 1.65909e-06 
-0.00914746 -0.15844 0.296576 -0.138136 0.00914746 1.74962e-06 
-0.0105314 -0.385142 0.767741 -0.382599 0.0105314 1.52831e-06 
-0.0111226 -0.743963 1.51945 -0.775491 0.0111226 8.80575e-07 
-0.0102717 -1.01408 2.09005 -1.07598 0.0102717 1.41845e-07 
-0.00865597 -1.10123 2.27876 -1.17753 0.00865597 -3.32303e-07 
-0.00680826 -1.03438 2.14433 -1.10995 0.00680826 -4.84398e-07 
-0.00472346 -0.809829 1.67898 -0.869148 0.00472346 -3.06635e-07 
-0.00336183 -0.616372 1.27123 -0.654856 0.00336183 3.64813e-07 
0.00215407 0.292181 -0.630073 0.337892 -0.00215407 6.8059e-07 
0.00159158 0.18422 -0.409791 0.225571 -0.00159158 -5.44416e-06 
-0.00111282 -0.277613 0.549926 -0.272313 0.00111282 5.74734e-06 
0.00014516 -0.086697 0.142383 -0.0556859 -0.00014516 3.59164e-05 
-0.000178193 -0.260259 0.459803 -0.199545 0.000178195 -6.88942e-05 
1.69618e-05 -0.636992 1.03654 -0.399543 -1.77427e-05 -2.63252e-05 
-0.000576326 -0.613577 0.872694 -0.257824 -0.00140793 -0.00197022 
0.0122054 -0.145296 0.278794 -0.161136 0.0302498 0.0424338 
-0.0402365 -0.450203 0.220371 0.142178 0.174884 0.134612 
-0.00476824 -0.0552305 0.0206129 0.00416924 0.0515407 0.0467653 
-0.0125077 -0.130804 0.0290882 0.0450468 0.099558 0.0870411 
-0.0174302 -0.0428238 -0.0476854 0.543025 -0.67769 -0.695008 
0.003581 -0.0795465 0.100675 -0.0858876 0.0958969 0.0994592 
0.0232128 -0.192187 0.273278 -0.972647 1.34633 1.36932 
0.0131281 -0.1143 0.157231 -0.565087 0.788968 0.801969 
0.00243267 -0.0253396 0.0327966 -0.105817 0.14866 0.151069 
0.000841718 -0.00932297 0.0118446 -0.0367127 0.05168 0.0525134 
0.00141788 -0.0201963 0.0239876 -0.0625468 0.0888377 0.0902414 
-0.00121156 -0.0110745 0.00505471 0.0495968 -0.0657282 -0.066929 
-0.0110677 0.0435813 -0.0840908 0.474395 -0.655434 -0.666396 
-0.0350368 0.187845 -0.310587 1.51217 -2.0993 -2.134 
-0.0744906 0.430198 -0.687518 3.22119 -4.30577 -4.37962 
-0.0909337 0.531718 -0.845638 3.92324 -4.48291 -4.5734 
-0.0766922 0.442573 -0.708993 3.29025 -2.56961 -2.64647 
-0.052373 0.289709 -0.47445 2.22074 -0.129612 -0.182824 
-0.0273556 0.13367 -0.234034 1.12675 2.01519 1.98649 
-0.0120701 0.0399824 -0.0893086 0.469273 3.15281 3.13934 
-0.0028186 -0.0137285 -0.00495992 0.0846349 3.53284 3.52891 
0.00237929 -0.0408015 0.0393292 -0.119934 3.41423 3.41594 
0.00482014 -0.0503486 0.0571783 -0.206056 3.0099 3.01451 
0.0054876 -0.0491939 0.058799 -0.219879 2.47337 2.47902 
0.00509592 -0.0421926 0.0514699 -0.19423 1.90709 1.91259 
0.00413364 -0.0325496 0.0400116 -0.150774 1.37067 1.37529 
0.00290715 -0.0221385 0.0272614 -0.102169 0.88915 0.892495 
0.0015843 -0.0118201 0.0145479 -0.0542243 0.461325 0.463182 
0.000238042 -0.00176134 0.0021666 -0.00805366 0.0679607 0.0682419 
0.0043724 -0.0318183 0.0390698 -0.144306 1.20001 1.20526 
0.00933101 -0.0633267 0.0764731 -0.271127 2.17852 2.19057 
0.012005 -0.0712753 0.0795882 -0.238337 1.93062 1.94861 
0.0096316 -0.0554662 0.0450987 -0.0457131 0.459295 0.476876 
-0.00277932 -0.028569 -0.0153933 0.218401 -1.47483 -1.47603 
-0.0340153 -0.0221409 -0.070082 0.344422 -2.0813 -2.14206 
-0.0573338 -0.045197 -0.0768584 0.14851 -0.126946 -0.239127 
0.0754599 0.0102088 -0.0189774 -0.0937352 0.74118 0.887168 
0.262767 0.0847519 0.107499 -0.19242 -0.445106 0.0719912 
-0.33831 -0.282105 0.0951454 0.202794 0.440617 -0.224759 
-0.73338 -0.50998 0.0308316 0.461922 1.39242 -0.051231 
-0.0305003 -0.0739152 0.00870718 0.060761 0.0895507 0.02942 
0.718005 0.388122 0.0061637 -0.377211 -1.365 0.0483873 
1.57474 0.90455 0.0106615 -0.873731 -3.04087 0.0573847 
2.0719 1.20935 0.0130655 -1.18032 -4.01555 0.0446767 
2.1479 1.26567 0.0123173 -1.2618 -4.16629 0.0110741 
2.01248 1.19843 0.00949467 -1.2453 -3.90042 -0.045962 
1.37088 0.837393 0.00211819 -0.981822 -2.64325 -0.149229 
0.393753 0.27247 -0.0133734 -0.467317 -0.71208 -0.210007 
-0.333105 -0.169733 -0.0409549 0.140604 0.777698 -0.0680916 
-0.567686 -0.359767 -0.0849472 0.823756 1.37484 0.382171 
-0.197155 -0.21531 -0.118865 1.31836 0.795763 0.985222 
0.079914 0.00386431 0.00295103 0.377093 -0.0274452 0.383449 
0.137155 0.164213 0.191043 -1.19519 -0.612124 -0.840656 
0.0858708 0.265775 0.368323 -2.72111 -0.971678 -2.08739 
0.0397819 0.284803 0.418182 -3.21843 -1.03228 -2.51554 
0.0174466 0.246603 0.366778 -2.88119 -0.888683 -2.26778 
0.00781636 0.186106 0.275909 -2.20091 -0.667278 -1.73883 
0.00394383 0.123179 0.180718 -1.46053 -0.439602 -1.15658 
0.00203124 0.0661148 0.0958826 -0.782858 -0.23507 -0.620827 
0.000478523 0.0151342 0.0217996 -0.178931 -0.0537047 -0.141989 
0.0025479 0.0772871 0.110671 -0.912339 -0.27382 -0.724339 
0.00788405 0.162227 0.223266 -1.88967 -0.569264 -1.50408 
0.0241355 0.155198 0.173509 -1.66639 -0.522587 -1.33759 
0.04854 0.0500871 -0.0427302 -0.158883 -0.105002 -0.151516 
0.0573224 -0.058645 -0.241164 1.39224 0.349744 1.09236 
0.0119717 0.00906556 -0.0790121 0.629087 0.196377 0.559103 
-0.0135051 0.134238 0.128484 -0.745713 -0.166468 -0.482958 
0.26227 0.15459 -0.436736 0.595943 -0.145342 0.313776 
0.487725 0.547756 -0.924527 0.368815 -0.49069 -0.00795601 
0.526406 0.904822 -1.65932 0.754501 -0.526406 3.70521e-06 
0.288147 0.914969 -1.78176 0.866796 -0.288147 8.84408e-07 
0.101946 0.537014 -1.07506 0.538047 -0.101946 1.42505e-06 
0.0470968 0.3113 -0.619432 0.308132 -0.0470968 -3.13824e-07 
0.031055 0.497247 -1.04827 0.551019 -0.031055 9.68589e-08 
0.012716 0.221565 -0.4155 0.193934 -0.012716 7.66331e-08 
-0.0015477 -0.0510747 0.189527 -0.138452 0.0015477 -3.86891e-08 
-0.00207197 -0.0510379 0.153757 -0.102719 0.00207197 -3.0682e-08 
-1.55703e-17 -3.80422e-16 1.13749e-15 -7.57065e-16 1.55703e-17 -2.26775e-22 
