-0 -0 0 -0 0 -0 
0.00343106 -0.299889 0.633658 -0.333769 -0.00343106 1.40594e-08 
-0.261886 -0.281388 0.428254 -0.146866 0.261886 -1.3866e-06 
0.620724 0.199554 0.0171921 -0.216746 -0.620724 7.30588e-07 
0.327723 0.200274 0.000603122 -0.200878 -0.327723 -4.5566e-07 
-0.00224599 0.23166 -0.116691 -0.114968 0.00224599 1.03336e-07 
0.0669134 -0.0186331 0.108777 -0.090144 -0.0669134 -1.7493e-07 
0.0488099 1.515 -3.12648 1.61149 -0.0488099 -2.92657e-07 
0.136597 -0.0960177 0.443587 -0.347569 -0.136597 1.33565e-07 
0.112129 0.309587 -0.402032 0.0924446 -0.112129 2.1335e-07 
0.350247 0.591022 0.0323337 -0.623355 -0.350247 -3.63413e-07 
0.0892657 -0.334743 1.25316 -0.918417 -0.0892657 -8.00515e-07 
-0.102885 0.30894 -0.074557 -0.234383 0.102885 1.70866e-07 
0.096006 0.21279 -0.385748 0.172958 -0.096006 2.44721e-06 
0.0613603 0.2297 -0.492091 0.262389 -0.0613603 -7.91069e-08 
0.250618 0.413096 -0.982399 0.569302 -0.250618 2.11037e-08 
1.33078 0.098246 -0.33237 0.234114 -1.33078 -1.85941e-06 
0.195749 -0.149506 0.44687 -0.297365 -0.195749 8.61901e-07 
0.190987 -0.743622 1.64952 -0.905893 -0.190987 -5.01057e-09 
-3.21807e-17 4.12871e-16 -8.80808e-16 4.67937e-16 3.21807e-17 2.07328e-22 
