-0.134007 1.04903 -2.29503 1.246 0.134007 -2.09914e-06 
-0.132986 1.04731 -2.29074 1.24343 0.132986 -2.09523e-06 
-0.117673 1.02143 -2.22642 1.20499 0.117673 -2.03666e-06 
-0.0513163 0.9093 -1.94773 1.03843 0.0513163 -1.78283e-06 
0.127337 0.60741 -1.19738 0.589972 -0.127337 -1.09946e-06 
0.50404 -0.029146 0.384771 -0.355625 -0.50404 3.41474e-07 
1.10788 -1.36698 3.58941 -2.22243 -1.10788 3.26354e-06 
1.06747 -2.14147 5.19439 -3.05292 -1.06747 4.73443e-06 
-1.64485 -1.42143 1.93789 -0.516463 1.64485 1.81065e-06 
-4.72833 0.0567952 -3.15332 3.09653 4.72833 -2.78552e-06 
-5.89892 1.07355 -6.06231 4.98876 5.89892 -5.26519e-06 
-0.406049 0.409491 -1.26012 0.850631 0.406049 1.52571e-07 
2.48402 -0.0403697 1.51487 -1.4745 -2.48402 2.88298e-06 
3.35813 -0.231254 2.51437 -2.28312 -3.35813 3.43252e-06 
0.155099 0.0414739 -0.57059 0.529116 -0.155099 4.98915e-06 
5.43804 -0.512129 3.54453 -3.0324 -5.43804 1.34242e-05 
4.8701 -1.04395 4.0501 -3.00614 -4.8701 1.89987e-05 
-4.34137 -0.0053158 -2.45124 2.45656 4.34137 -1.01939e-06 
-1.98357 1.2981 -3.26411 1.96601 1.98357 -3.76735e-06 
-0.657405 3.18193 -5.25454 2.07261 0.657405 -1.61267e-05 
0.514934 -1.09207 2.37429 -1.28222 -0.514934 -1.88123e-05 
0.530662 -1.79568 3.41259 -1.61691 -0.530662 -7.37998e-06 
1.06971 -1.5845 2.52395 -0.939444 -1.06971 -1.84396e-05 
-0.112353 0.678305 -1.52763 0.849327 0.112353 5.67397e-06 
-1.54441 2.85957 -5.10081 2.24124 1.54441 2.30737e-05 
-0.519787 0.633254 -1.08611 0.452856 0.519787 -1.72158e-05 
0.660817 -1.6121 3.08896 -1.47686 -0.660817 -4.90609e-06 
1.01383 -1.84379 3.46183 -1.61804 -1.01383 2.4015e-05 
0.859941 -1.29777 2.09538 -0.79761 -0.859941 2.05072e-05 
-1.21565 0.463187 -1.36617 0.90298 1.21565 -7.51389e-06 
-2.41436 2.51973 -4.77888 2.25915 2.41436 -3.23435e-05 
4.40665 0.401554 1.29111 -1.69266 -4.40665 3.55161e-05 
5.63356 -0.85381 3.57812 -2.72431 -5.63356 5.21185e-05 
-2.10187 -0.685903 0.235467 0.450435 2.10187 -1.38874e-05 
-3.51567 -0.387405 -0.670339 1.05774 3.51567 -2.76704e-05 
-3.10873 -0.0821586 -3.53501 3.61717 3.10873 -2.41673e-05 
-1.18224 -0.0838756 -1.15848 1.24235 1.18224 -5.58058e-05 
1.8484 -0.809203 0.62188 0.187337 -1.8484 -7.89736e-06 
-0.448096 2.06581 0.450657 -2.51647 0.448096 0.000184148 
0.143729 0.3391 1.36927 -1.70838 -0.143729 2.64546e-05 
-0.0717696 0.475237 -2.52966 2.05442 0.0717696 0.000105177 
0.064983 1.44924 -3.10678 1.65755 -0.064983 -0.00143234 
-0.0164528 0.705359 -2.89192 2.18657 0.0164528 0.000967282 
-0.00127452 0.510303 -2.91119 2.40095 0.00127452 0.000116641 
0.000804542 -1.61183 2.94765 -1.33563 -0.000804542 -0.000681083 
-0.011789 -1.39439 2.9744 -1.5799 0.011789 1.23295e-05 
-0.3426 -1.44222 2.94479 -1.50243 0.3426 0.000100723 
-1.77132 -2.72041 2.82075 -0.100339 1.77132 0.000159798 
4.28835 4.69176 2.24031 -6.93208 -4.28835 3.7185e-05 
-4.23106 -5.0614 1.36064 3.70076 4.23106 -9.5537e-05 
-0.86587 -0.949553 0.452188 0.497366 0.86587 -2.24577e-05 
1.00333 1.24471 0.495956 -1.74066 -1.00333 9.51503e-06 
1.21008 1.36176 0.442101 -1.80386 -1.21008 1.52234e-05 
1.03865 1.06943 0.395534 -1.46496 -1.03865 1.38658e-05 
-1.75313 -1.63037 -0.734796 2.36517 1.75313 -2.42352e-05 
1.12933 2.33264 -0.374627 -1.958 -1.12933 1.27314e-05 
2.74381 -0.663925 -0.865097 1.52902 -2.74381 4.3602e-05 
-0.573492 -6.74558 -1.67292 8.41849 0.573492 4.29865e-06 
-0.704715 1.159 1.67846 -2.83747 0.704715 -9.39578e-06 
-0.464042 3.1699 2.02694 -5.19684 0.464042 -1.04931e-05 
-0.151314 1.43492 1.47619 -2.91112 0.151314 -6.19676e-06 
0.982927 -0.820129 0.295165 0.524965 -0.982927 -7.80327e-06 
3.40668 -6.54356 -2.98604 9.52961 -3.40668 -6.85713e-06 
0.660446 -2.44109 -1.15984 3.60094 -0.660446 -2.53726e-06 
-3.34846 5.20938 1.91791 -7.12729 3.34846 6.08161e-06 
-1.55809 1.1675 1.07439 -2.24188 1.55809 4.612e-06 
0.60248 -1.86667 -0.063638 1.93031 -0.60248 1.8102e-05 
0.666716 -1.98247 -0.0232536 2.0057 -0.666716 -8.03792e-06 
-0.537089 -1.57009 1.45681 0.113279 0.537089 -5.95235e-06 
0.0523882 2.59605 -1.5917 -1.00437 -0.0523882 -2.41059e-05 
-0.00964702 4.05368 -0.240363 -3.81332 0.00964702 -7.28932e-06 
0.00417747 3.01842 -1.35834 -1.66008 -0.00417747 3.11313e-06 
-0.000788137 -1.41278 2.75633 -1.34356 0.000788137 -1.20765e-06 
0.00342064 1.19584 -4.02132 2.82549 -0.00342064 -1.89022e-06 
-0.00151467 0.0322852 -1.70208 1.6698 0.00151467 1.56594e-06 
0.000395356 0.774291 2.90991 -3.68421 -0.000395356 7.71358e-06 
0.000106752 0.533345 0.407803 -0.941151 -0.000106752 -4.847e-07 
-1.39944e-05 0.428654 -0.648448 0.219794 1.39944e-05 -1.8654e-06 
-4.3787e-05 -0.899445 2.03843 -1.13899 4.3787e-05 -5.49804e-06 
-4.8281e-05 -0.34348 -3.8 4.14349 4.8281e-05 -1.51193e-06 
2.98675e-05 0.69247 -0.731426 0.0389618 -2.98675e-05 4.07868e-06 
-7.88061e-06 0.950829 2.99592 -3.94675 7.88061e-06 -9.78158e-07 
-1.96856e-06 0.443642 -0.276245 -0.167398 1.96856e-06 7.30615e-07 
1.17235e-07 0.390297 -0.886056 0.495758 -1.17235e-07 3.57189e-07 
5.36545e-07 0.402045 -0.74597 0.343924 -5.36545e-07 -1.9229e-07 
-1.42479e-06 -0.888287 0.835968 0.0523221 1.42479e-06 1.88835e-06 
-4.96856e-07 -1.22587 -2.64784 3.87371 4.96856e-07 6.44881e-06 
1.55151e-06 -1.10553 -0.218186 1.32371 -1.55151e-06 -8.1774e-06 
2.02161e-06 1.49229 3.51283 -5.00511 -2.02161e-06 -6.23565e-06 
-5.17412e-07 0.814082 -0.309131 -0.504955 5.17412e-07 1.8028e-06 
-9.47947e-07 0.609631 -1.37909 0.76945 9.47947e-07 3.0194e-06 
-3.93053e-07 -1.5286 1.84311 -0.314529 3.93053e-07 6.99402e-07 
-6.89066e-06 -1.11892 3.03342 -1.91451 6.89066e-06 2.38248e-05 
-4.19768e-06 -1.57176 2.94217 -1.37048 4.19768e-06 1.52854e-05 
1.13962e-05 -1.45521 2.92895 -1.47403 -1.13962e-05 -4.34985e-05 
2.38231e-05 -1.35629 2.8342 -1.47811 -2.38231e-05 -9.07506e-05 
-2.90638e-05 -1.4069 2.99794 -1.59086 2.90638e-05 0.000121049 
-4.27707e-05 -1.26299 2.76446 -1.50169 4.27707e-05 0.000194592 
-1.68904e-05 1.43856 -2.70061 1.26193 1.68904e-05 7.94491e-05 
-7.87484e-07 1.3701 -2.65644 1.28622 7.87484e-07 3.76346e-06 
-1.87415e-07 1.13285 -2.23278 1.1 1.87415e-07 9.21379e-07 
5.24573e-07 1.44177 -2.89499 1.4532 -5.24573e-07 -2.8701e-06 
5.82006e-07 1.19777 -2.4298 1.23204 -5.82006e-07 -3.18261e-06 
-2.11124e-07 1.30902 -2.68973 1.38072 2.11124e-07 1.1395e-06 
-4.00369e-07 1.44729 -2.98061 1.53332 4.00369e-07 2.16982e-06 
-4.12985e-07 1.45651 -3 1.54349 4.12985e-07 2.23851e-06 
