-0 0 -0 0 0 -0 
-0.0102616 0.289448 -0.614764 0.325317 0.0102616 -5.78871e-07 
-0.00433122 0.493193 -1.04073 0.547538 0.00433122 -9.60454e-07 
0.0404071 0.209753 -0.420865 0.211112 -0.0404071 -3.25318e-07 
0.0113067 -0.0849025 0.184598 -0.0996957 -0.0113067 1.86128e-07 
-0.221955 -0.0793911 0.0528891 0.026502 0.221955 -2.83639e-07 
0.329505 0.139487 -0.124055 -0.0154321 -0.329505 3.79338e-07 
0.148066 0.058364 -0.0465054 -0.0118586 -0.148066 1.74803e-07 
0.451887 0.176907 -0.138831 -0.038076 -0.451887 5.2168e-07 
1.2869 0.517267 -0.410233 -0.107034 -1.2869 1.10676e-06 
0.515814 0.273319 -0.267015 -0.00630383 -0.515814 -5.65865e-07 
0.595347 0.485754 -0.537152 0.0513979 -0.595347 5.72625e-07 
0.855441 0.823006 -0.828677 0.00567062 -0.855441 -8.16736e-07 
1.0193 1.42018 -1.11858 -0.301603 -1.0193 2.18873e-07 
0.60187 1.28357 -0.540806 -0.742768 -0.60187 4.28187e-06 
0.377021 1.01699 0.0797477 -1.09674 -0.377021 -5.12863e-07 
0.250817 0.636257 0.699882 -1.33614 -0.250817 -1.92417e-06 
0.090349 0.116614 0.593731 -0.710344 -0.090349 9.50784e-07 
0.0308871 -0.16453 0.440213 -0.275682 -0.0308871 6.35372e-08 
0.0446554 -0.306264 0.801015 -0.494751 -0.0446554 -7.6304e-07 
-0.0256911 -0.302113 0.878651 -0.576538 0.0256911 9.85833e-07 
0.124177 -0.525625 0.968994 -0.443369 -0.124177 3.34431e-08 
-0.0566797 -0.100536 0.356061 -0.255525 0.0566797 -4.8246e-08 
-0.453411 0.461447 -0.123321 -0.338125 0.453411 1.21079e-08 
-0.45825 0.335976 -0.101622 -0.234353 0.45825 -4.05646e-08 
0.0539311 -0.205417 0.290703 -0.0852859 -0.0539311 2.70776e-08 
0.150313 0.462971 -0.452959 -0.0100122 -0.150313 3.7893e-07 
-0.320691 -0.241565 -0.052135 0.293701 0.320691 -7.7489e-07 
-0.160198 -0.171815 0.0582284 0.113587 0.160198 -4.81473e-07 
-0.00347869 -0.00406661 0.00213895 0.00192765 0.00347869 -1.24857e-08 
-0.0338908 -0.0416322 0.0266266 0.0150056 0.0338908 -1.36199e-07 
-0.0247401 -0.0434088 0.0596357 -0.0162269 0.0247401 -2.05749e-07 
0.0976696 0.0658008 0.102578 -0.168379 -0.0976696 -1.02717e-07 
0.477691 0.441156 0.144885 -0.586041 -0.477691 4.21002e-07 
0.705691 0.678063 0.142907 -0.82097 -0.705691 1.00596e-06 
0.412501 0.37404 0.150727 -0.524767 -0.412501 1.1501e-06 
-0.236433 -0.29847 0.162738 0.135732 0.236433 9.44326e-07 
-1.02705 -1.11754 0.175376 0.942159 1.02705 5.40833e-07 
-1.76152 -1.87778 0.18446 1.69332 1.76152 8.72254e-08 
-2.05602 -2.17971 0.177457 2.00226 2.05602 -2.0196e-07 
-2.00208 -2.11872 0.158443 1.96028 2.00208 -3.40646e-07 
-1.75315 -1.85459 0.13342 1.72117 1.75315 -3.7987e-07 
-1.57602 -1.66788 0.118432 1.54945 1.57602 -3.98318e-07 
-1.70129 -1.80277 0.128881 1.67389 1.70129 -4.99201e-07 
-1.63974 -1.74314 0.13009 1.61305 1.63974 -5.79283e-07 
-1.27603 -1.36887 0.117108 1.25177 1.27603 -6.09651e-07 
-0.72773 -0.805493 0.0996668 0.705826 0.72773 -6.25118e-07 
0.0121571 -0.0482923 0.0796213 -0.0313292 -0.0121571 -6.10906e-07 
0.787042 0.747592 0.0534133 -0.801005 -0.787042 -3.81316e-07 
0.776927 0.737831 0.0491085 -0.78694 -0.776927 1.14576e-07 
0.169404 0.0899174 0.0915669 -0.181484 -0.169404 7.99282e-07 
-0.505203 -0.646324 0.150787 0.495538 0.505203 1.25544e-06 
0.24277 0.00791914 0.222248 -0.230167 -0.24277 -5.57938e-07 
-0.0619495 -0.30256 0.116222 0.186339 0.0619495 -4.20642e-07 
4.67908e-05 -0.0699153 0.0905324 -0.0206172 -4.67908e-05 -9.09351e-07 
-0.000348716 -0.0363566 0.0400082 -0.00365158 0.000348716 -5.01004e-07 
-0.00187001 -0.014049 -0.0774903 0.0915393 0.00187001 -5.21263e-07 
-0.000892649 0.217014 -0.685554 0.46854 0.000892649 1.48715e-06 
9.57312e-05 0.204436 -0.5945 0.390064 -9.57312e-05 1.58158e-06 
9.72327e-20 1.44951e-16 -4.1991e-16 2.74959e-16 -9.72327e-20 1.12705e-21 
