-0.0521757 1.41197 -3 1.58803 0.0521757 -2.82799e-06 
-0.0391398 1.34297 -2.848 1.50503 0.0391398 -2.66915e-06 
0.156398 0.308011 -0.568041 0.26003 -0.156398 -2.86663e-07 
0.236158 -1.53847 3.36109 -1.82263 -0.236158 3.43428e-06 
-1.37666 -1.76711 3.01212 -1.24501 1.37666 7.01077e-07 
3.44425 1.77361 -1.96122 0.187615 -3.44425 3.35603e-06 
1.11269 0.33012 -0.122212 -0.207908 -1.11269 1.55294e-06 
-2.1497 -0.850163 0.681762 0.1684 2.1497 -2.55006e-06 
3.76926 1.468 -1.13446 -0.333536 -3.76926 4.16926e-06 
2.6008 1.28812 -1.1891 -0.0990249 -2.6008 -2.18672e-06 
-3.16341 -1.08947 0.730062 0.359404 3.16341 -4.40328e-06 
3.63725 1.3861 -0.645168 -0.740932 -3.63725 3.859e-05 
1.98902 2.94671 -2.40862 -0.538061 -1.98902 -2.51235e-05 
-0.49001 2.67539 0.0591107 -2.73464 0.49001 2.60194e-05 
-1.48585 -1.05055 2.99498 -1.94424 1.48585 -0.000152406 
-0.788552 -1.56643 2.99865 -1.43207 0.788552 -0.000107004 
-0.476341 -2.1298 3.00227 -0.87224 0.476341 -0.000232598 
-0.320269 0.204468 -1.81298 1.60851 0.320269 3.84086e-06 
-0.241329 0.31445 -2.28359 1.96915 0.241329 -6.72872e-07 
0.257655 -1.21106 2.93634 -1.72529 -0.257655 -4.79904e-06 
0.594742 -0.56628 -0.830627 1.39691 -0.594742 2.59732e-06 
-0.738204 1.61612 -2.3356 0.719484 0.738204 -1.89726e-06 
-0.960985 1.05792 -0.406428 -0.651493 0.960985 -7.43213e-08 
-1.70329 2.54307 -2.757 0.213931 1.70329 3.37552e-07 
2.28947 -4.9574 4.12334 0.834049 -2.28947 -1.07454e-06 
1.39987 1.65985 -1.98855 0.328698 -1.39987 1.8967e-06 
-2.97196 -1.7105 -0.566206 2.2767 2.97196 -6.25604e-06 
-0.722539 -1.78957 1.51848 0.27109 0.722539 -2.21796e-06 
1.15281 1.10414 -0.107183 -0.996956 -1.15281 2.80851e-06 
-0.176538 -0.206508 0.108923 0.0975852 0.176538 -6.34555e-07 
-0.0903863 -0.132591 0.134289 -0.00169841 0.0903863 -5.24857e-07 
0.235407 0.172894 0.186207 -0.359101 -0.235407 -5.67032e-08 
1.06069 1.00402 0.220611 -1.22463 -1.06069 1.24685e-06 
2.80821 2.83921 0.16581 -3.00502 -2.80821 4.16177e-06 
-0.294438 -0.301998 0.0105678 0.291431 0.294438 1.65852e-06 
-2.41983 -2.51214 0.0618315 2.45031 2.41983 -1.77681e-07 
-3.62701 -3.75761 0.0602095 3.6974 3.62701 -1.6033e-06 
-3.88832 -4.02761 0.0587094 3.9689 3.88832 -2.19911e-06 
-2.57158 -2.65527 0.00732035 2.64795 2.57158 -1.86021e-06 
-0.43788 -0.43285 -0.068471 0.501321 0.43788 -9.86595e-07 
0.835924 0.894006 -0.110405 -0.783601 -0.835924 -3.94172e-07 
1.48212 1.56721 -0.128011 -1.4392 -1.48212 -1.51838e-08 
-0.908821 -0.967784 0.0663801 0.901404 0.908821 -5.02127e-07 
-0.233688 -0.264857 0.0316094 0.233248 0.233688 -4.56539e-07 
0.920904 0.937369 -0.023899 -0.913471 -0.920904 -2.93948e-07 
2.6881 2.77758 -0.105555 -2.67202 -2.6881 2.83059e-08 
2.72018 2.76618 -0.0490947 -2.71708 -2.72018 -3.00389e-07 
4.12423 4.23385 -0.131261 -4.10259 -4.12423 5.04029e-07 
2.25543 2.34664 -0.123934 -2.2227 -2.25543 2.00888e-06 
-2.60059 -2.69812 0.0937285 2.6044 2.60059 2.80683e-06 
-3.3805 -3.76497 0.412443 3.35253 3.3805 5.08256e-06 
0.751871 0.82931 -0.149828 -0.679485 -0.751871 -5.54441e-06 
6.03259 4.65837 1.17357 -5.83195 -6.03259 -1.27396e-05 
1.73976 1.02754 -1.58497 0.557417 -1.73976 -2.46812e-05 
-0.0118882 2.14219 -2.9118 0.76961 0.0118882 2.72712e-05 
-0.0048353 -0.153216 0.0835096 0.0697067 0.0048353 -2.43501e-06 
-0.005969 0.561626 -1.68606 1.12444 0.005969 4.08873e-06 
0.00823709 1.2553 -3.23131 1.97601 -0.00823709 1.11865e-05 
0.000403425 -0.889347 2.63115 -1.7418 -0.000403425 -6.72216e-06 
-0.000678889 -1.01206 2.93185 -1.91979 0.000678889 -7.86916e-06 
