0 0 0 0 0 0 
-0.00109942 0.0301577 -0.0640683 0.0339106 0.00109942 -6.03725e-08 
-0.00328034 0.114717 -0.243245 0.128528 0.00328034 -2.27876e-07 
0.000223585 0.189789 -0.399518 0.209729 -0.000223585 -3.65879e-07 
0.0109701 0.205897 -0.427903 0.222006 -0.0109701 -3.75817e-07 
-0.0327093 0.173023 -0.381172 0.208148 0.0327093 -3.98341e-07 
-0.0124623 0.184348 -0.394592 0.210244 0.0124623 -3.80346e-07 
0.0491238 0.209188 -0.415167 0.205979 -0.0491238 -3.0759e-07 
0.0844219 0.223045 -0.426114 0.203069 -0.0844219 -2.66345e-07 
0.267137 0.295065 -0.482464 0.1874 -0.267137 -7.76922e-08 
0.46269 0.380818 -0.55587 0.175051 -0.46269 -2.56212e-08 
0.56619 0.459335 -0.644257 0.184922 -0.56619 -2.68887e-07 
0.725082 0.58701 -0.775308 0.188297 -0.725082 1.05933e-08 
0.930164 0.819633 -0.984695 0.165062 -0.930164 -3.41515e-09 
1.09564 1.10514 -1.16039 0.0552531 -1.09564 -3.20629e-08 
1.1945 1.34508 -1.20813 -0.136951 -1.1945 6.39481e-09 
1.2584 1.51823 -1.1274 -0.390826 -1.2584 6.45599e-09 
1.29338 1.59121 -0.974037 -0.617171 -1.29338 -3.27139e-08 
1.30562 1.59373 -0.872585 -0.721142 -1.30562 3.41221e-09 
1.31239 1.54702 -0.756042 -0.790974 -1.31239 -4.05977e-08 
1.32001 1.46849 -0.556062 -0.912428 -1.32001 -9.104e-08 
1.33742 1.37053 -0.354694 -1.01583 -1.33742 1.22928e-08 
1.34323 1.30941 -0.224126 -1.08528 -1.34323 4.45787e-09 
1.29524 1.33863 -0.189809 -1.14882 -1.29524 -1.15645e-09 
1.18677 1.44765 -0.237383 -1.21027 -1.18677 8.79161e-10 
1.14935 1.43074 -0.189189 -1.24155 -1.14935 -1.37584e-08 
1.18085 1.45654 -0.199554 -1.25698 -1.18085 4.43763e-08 
1.15374 1.47592 -0.256056 -1.21987 -1.15374 -1.58181e-08 
1.09797 1.42359 -0.249739 -1.17386 -1.09797 -1.62526e-07 
1.08451 1.40859 -0.243416 -1.16517 -1.08451 -2.06201e-07 
1.08034 1.4036 -0.24053 -1.16307 -1.08034 -2.21973e-07 
1.07312 1.39373 -0.231789 -1.16194 -1.07312 -2.59011e-07 
1.07775 1.3931 -0.215125 -1.17798 -1.07775 -2.9555e-07 
1.1311 1.43906 -0.189321 -1.24974 -1.1311 -2.7295e-07 
1.26432 1.56596 -0.159509 -1.40645 -1.26432 -1.16341e-07 
1.38765 1.68275 -0.129298 -1.55346 -1.38765 1.13385e-07 
1.41012 1.69496 -0.0968299 -1.59813 -1.41012 3.35363e-07 
1.28026 1.54934 -0.0618261 -1.48752 -1.28026 4.9121e-07 
0.987188 1.23468 -0.0244059 -1.21027 -0.987188 5.55132e-07 
0.584432 0.806769 0.0133259 -0.820095 -0.584432 5.40141e-07 
0.159844 0.357116 0.048244 -0.40536 -0.159844 4.81864e-07 
-0.231154 -0.0565522 0.0785171 -0.0219649 0.231154 4.05934e-07 
-0.564882 -0.409641 0.103717 0.305924 0.564882 3.27607e-07 
-0.906518 -0.771389 0.12944 0.641949 0.906518 2.34545e-07 
-1.25646 -1.14271 0.156443 0.986265 1.25646 1.22333e-07 
-1.56466 -1.47148 0.182326 1.28916 1.56466 -1.89314e-09 
-1.77046 -1.69466 0.2044 1.49026 1.77046 -1.27641e-07 
-1.84964 -1.78838 0.223256 1.56513 1.84964 -2.58445e-07 
-1.76181 -1.71077 0.236919 1.47385 1.76181 -3.65935e-07 
-1.58259 -1.539 0.246754 1.29225 1.58259 -3.96394e-07 
-1.48713 -1.45469 0.260032 1.19465 1.48713 -3.10484e-07 
-1.5356 -1.52761 0.287125 1.24048 1.5356 -5.89275e-08 
-1.57675 -1.59974 0.318262 1.28148 1.57675 3.44738e-08 
-1.56116 -1.63247 0.359658 1.27281 1.56116 -2.39992e-09 
-1.56027 -1.67829 0.404965 1.27333 1.56027 -4.47511e-07 
-1.56029 -1.68281 0.41043 1.27238 1.56029 -5.07755e-07 
-1.56051 -1.69049 0.412667 1.27783 1.56051 -6.36014e-07 
-1.56085 -1.67186 0.338807 1.33305 1.56085 -5.60963e-07 
-1.5609 -1.61911 0.181424 1.43769 1.5609 -1.66986e-07 
-1.56088 -1.5976 0.119028 1.47857 1.56088 3.55271e-15 
