-0.140907 1.05358 -2.32864 1.27506 0.140907 -2.1829e-06 
-0.0158935 0.878688 -1.86285 0.984163 0.0158935 -1.71214e-06 
1.51936 -1.72498 4.81732 -3.09234 -1.51936 4.94844e-06 
-8.51043 -1.05564 -4.41242 5.46806 8.51043 -7.04076e-06 
4.7613 0.988637 1.5194 -2.50804 -4.7613 3.80229e-06 
-0.0954642 -0.124019 0.288358 -0.164339 0.0954642 -5.97345e-07 
-0.710612 -0.214354 0.0440599 0.170294 0.710612 -1.09558e-06 
2.55121 0.65134 0.0473003 -0.69864 -2.55121 3.77739e-06 
-3.09424 -1.26881 0.216337 1.05247 3.09424 -4.38127e-06 
1.83059 1.61248 -2.43867 0.826194 -1.83059 5.53576e-06 
-0.175198 -1.43778 3.69792 -2.26015 0.175198 0.000837836 
0.000907571 1.22566 -0.650062 -0.575599 -0.000907571 0.000324659 
7.54622e-05 -0.0679856 -0.527071 0.595058 -7.54622e-05 7.29873e-05 
-8.66466e-05 3.37025 -6.23057 2.86032 8.66465e-05 4.66551e-05 
-5.54443e-06 -0.0466373 0.267583 -0.220946 5.54443e-06 3.64884e-05 
-3.32582e-07 -0.889832 1.92497 -1.03514 3.3259e-07 2.5997e-06 
4.97685e-07 -0.0109914 0.0356309 -0.0246393 -4.97686e-07 -3.2903e-06 
-2.23666e-07 -0.0934842 0.193966 -0.100482 2.23667e-07 1.5258e-06 
-1.92681e-07 -0.447689 0.945988 -0.498299 1.92685e-07 1.49369e-06 
1.88831e-07 -1.37489 2.90678 -1.53189 -1.88818e-07 -5.67217e-07 
5.16002e-07 -2.08181 4.39785 -2.31604 -5.15992e-07 -2.89456e-06 
-1.47012e-07 0.335513 -0.715518 0.380004 1.46975e-07 -9.78934e-07 
-8.1531e-07 1.79582 -3.80485 2.00903 8.15249e-07 2.20708e-06 
-4.20474e-07 1.76036 -3.72746 1.96709 4.20453e-07 1.65375e-06 
9.74708e-07 1.69957 -3.62317 1.92361 -9.74617e-07 -1.72691e-06 
1.2108e-05 -0.657868 1.37161 -0.71374 -1.2107e-05 -2.95678e-05 
-2.0595e-05 -1.09486 2.24491 -1.15004 2.05832e-05 4.96314e-05 
1.99283e-05 -1.5036 3.01646 -1.51285 -1.99275e-05 -4.87314e-05 
-0.0058806 -2.08217 2.87914 -0.796645 0.00618411 0.0126804 
0.0775406 2.8286 -3.81207 0.953298 -0.107682 -0.0319041 
-0.867773 -3.16953 2.73388 0.776425 1.20798 0.342091 
3.27821 8.56897 -9.62893 -0.227495 -4.56349 -1.29197 
-1.84649 -3.97827 4.93844 -0.234995 2.57044 0.727692 
0.0333818 -0.0201174 -0.0602654 0.0672736 -0.0464693 -0.0131578 
0.7578 1.61603 -2.0922 0.178555 -1.05491 -0.298652 
0.438064 1.02873 -1.26759 0.0668224 -0.609814 -0.172643 
-0.00940597 0.136263 -0.0757746 -0.056795 0.0130937 0.0037071 
0.0296359 0.022547 -0.0550908 0.020905 -0.0412551 -0.0116797 
0.0540054 0.071761 -0.120324 0.0273541 -0.0751791 -0.0212838 
0.11244 0.190117 -0.276932 0.042657 -0.156525 -0.0443132 
0.215548 0.399818 -0.553728 0.0692576 -0.300057 -0.0849483 
0.379732 0.735201 -0.995268 0.110935 -0.528612 -0.149654 
0.627192 1.24274 -1.66186 0.172804 -0.873093 -0.247179 
0.826028 1.6623 -2.20842 0.256985 -1.11467 -0.290145 
0.794286 1.63457 -2.15852 0.365423 -0.952546 -0.159083 
0.532779 1.16513 -1.51759 0.506189 -0.379306 0.15427 
-0.434236 -0.716725 1.00581 0.414082 1.13621 0.705625 
-0.947868 -1.72018 2.34234 0.436334 2.00457 1.0622 
-1.42161 -2.64603 3.57539 0.455864 2.8045 1.39007 
-1.80809 -3.4046 4.58427 0.459142 3.4442 1.64442 
-1.2713 -2.41268 3.23898 0.211849 2.30899 1.0391 
-0.7722 -1.49027 1.98805 -0.0172259 1.25437 0.477193 
-0.309585 -0.635144 0.828446 -0.228676 0.277734 -0.042701 
0.11775 0.154922 -0.242845 -0.423088 -0.623488 -0.521975 
0.510986 0.882106 -1.22878 -0.601039 -1.45183 -0.961997 
0.871293 1.54856 -2.13229 -0.763101 -2.2098 -1.36412 
1.55524 2.80059 -3.92668 -1.24148 -3.89608 -2.42316 
2.93495 4.94151 -6.65479 -2.37262 -7.08189 -3.95898 
-0.57202 -1.98937 3.36178 0.504509 2.14543 2.50792 
-2.25616 -3.05035 3.7314 1.53133 4.78649 1.55134 
-3.08113 -0.722028 -1.6344 1.56238 3.835 -4.01209 
4.76115 2.75262 -0.867738 -2.32248 -7.10479 3.52499 
3.26161 1.47608 0.275139 -1.613 -4.55696 3.11856 
0.622381 0.242519 0.146852 -0.321252 -1.71214 -0.209863 
-1.20998 -0.606082 0.0784883 0.551534 0.717962 -2.06175 
-1.5599 -0.754514 0.0346119 0.723064 1.87765 -1.73095 
-1.25609 -0.597224 0.00840123 0.584275 2.32213 -0.590143 
-0.878949 -0.410457 -0.00492066 0.408955 2.4402 0.39932 
0.675941 0.312854 0.00748616 -0.314389 -2.20892 -0.638466 
0.465533 0.209793 0.012347 -0.216172 -2.21676 -1.13338 
-0.178859 -0.104226 0.0235806 0.0852013 -2.1583 -2.56799 
-1.55801 -0.772362 0.0387112 0.731617 -1.83206 -5.44048 
-2.57465 -1.2625 0.0443879 1.21072 -0.648632 -6.61584 
-2.61671 -1.27535 0.0275802 1.23803 2.05115 -4.01671 
0.44763 0.238806 -0.0496385 -0.193402 6.51996 7.54978 
2.27357 1.12786 -0.0798973 -1.04539 7.37284 12.6354 
2.35929 1.16152 -0.0669193 -1.09038 5.28388 10.7487 
1.32622 0.645953 -0.0272827 -0.616203 1.46799 4.54346 
0.556066 0.262443 0.00129481 -0.262591 -1.25104 0.042818 
0.0107115 -0.00819547 0.0204619 -0.0120655 -3.03809 -3.00624 
-0.345451 -0.183884 0.0317585 0.151696 -4.04717 -4.84002 
-0.182072 -0.217025 0.0588448 0.158821 -0.59844 -0.982744 
-1.20921 -0.739258 0.168165 0.566797 -14.8636 -17.7468 
1.87641 1.08148 -0.138849 -0.94535 11.1276 15.2389 
-1.70326 -1.01013 -0.017809 1.04241 5.17471 1.90697 
-0.542477 -0.28334 0.00170579 0.284128 -1.04234 -2.16485 
3.35037 2.05901 -0.0385518 -2.04641 -6.98518 -0.460361 
4.33542 2.65088 -0.0503316 -2.63342 -8.13971 0.330817 
0.42971 0.293313 0.00765246 -0.284911 -0.611228 0.195774 
-1.4805 -0.864128 0.025896 0.86844 2.99552 0.0716696 
-1.8186 -1.07484 0.0160459 1.07899 3.5683 0.0071777 
0.971325 0.570631 0.0882329 -0.590474 -1.65906 0.0917194 
-2.47638 -1.46465 0.116011 1.44372 5.12799 0.044515 
-3.34318 -1.85548 -0.373309 1.89262 6.2005 -0.396639 
1.92031 1.50958 -1.51701 -1.35102 -5.67702 -1.29963 
3.02096 0.763123 3.89164 -1.56363 -2.81642 3.10916 
-1.39705 -0.50286 -1.27387 0.846658 1.88656 -0.945525 
-3.24574 -0.402941 -5.89465 1.63249 1.4542 -4.66532 
-1.55657 -0.174305 -2.87603 0.754724 0.629149 -2.29488 
-0.451389 -0.0462829 -0.873912 0.231468 0.155519 -0.688189 
0.368916 0.0466026 0.626916 -0.158727 -0.183356 0.515038 
0.728559 0.0880979 1.29025 -0.333362 -0.328957 1.04507 
0.825989 0.100156 1.47559 -0.384439 -0.36526 1.1913 
0.809638 0.0991956 1.45183 -0.380775 -0.355076 1.17021 
0.77792 0.0961044 1.39725 -0.367996 -0.340048 1.12531 
-1.12704 -0.139701 -2.0254 0.534274 0.492162 -1.63075 
-0.994856 -0.126048 -1.79263 0.477463 0.432501 -1.44112 
-0.567997 -0.0807354 -1.03251 0.288365 0.244533 -0.824805 
0.479779 0.0323247 0.845947 -0.18427 -0.209791 0.693973 
1.47395 0.141342 2.6363 -0.641741 -0.640033 2.13575 
1.66699 0.167017 3.00293 -0.754318 -0.723857 2.41547 
0.758897 0.0788606 1.41715 -0.39629 -0.329536 1.09964 
-1.41351 -0.141369 -2.4162 0.509249 0.61379 -2.04818 
-2.80674 -0.416512 -4.55493 0.904196 1.21877 -4.06697 
-0.675989 -0.296264 -0.729809 0.0465005 0.293534 -0.979519 
-0.495366 -1.75642 2.36964 -1.33103 0.215104 -0.717774 
0.000305533 -1.39894 2.93753 -1.5381 -0.000130936 0.000457544 
5.36934e-07 1.3416 -2.56175 1.22034 -5.36964e-07 -2.6191e-06 
9.48958e-07 0.930002 -1.86574 0.935744 -9.48958e-07 -5.1804e-06 
-4.12985e-07 1.45651 -3 1.54349 4.12985e-07 2.23851e-06 
