0 0 0 0 0 0 
-0.00712662 0.0560099 -0.12351 0.0674999 0.00712662 -1.15657e-07 
-0.00201188 0.185682 -0.392603 0.206921 0.00201188 -3.60369e-07 
0.00471421 0.191118 -0.398807 0.207689 -0.00471421 -3.63683e-07 
-0.270153 0.137951 -0.514649 0.376697 0.270153 -4.77513e-07 
-0.190152 0.172839 -0.55643 0.383591 0.190152 -2.89658e-07 
-0.0878749 0.203127 -0.562682 0.359555 0.0878749 -1.30248e-07 
-0.0562288 0.211504 -0.562565 0.351061 0.0562288 -8.31306e-08 
0.0330934 0.226945 -0.552644 0.3257 -0.0330934 5.10904e-08 
-0.00981623 0.208169 -0.595812 0.387643 0.00981623 -3.662e-08 
-0.00021431 0.274672 -0.84875 0.574077 0.00021431 -2.53958e-07 
5.36564e-06 0.29526 -1.05461 0.759354 -5.36564e-06 3.71797e-07 
-5.83404e-06 0.307123 -1.12004 0.812919 5.83404e-06 5.82368e-06 
-9.70282e-07 0.259391 -1.08422 0.824835 9.70283e-07 4.57435e-06 
8.09157e-08 0.331594 -1.26967 0.938072 -8.0916e-08 -6.75101e-07 
1.12479e-07 0.425399 -1.47497 1.04958 -1.1248e-07 -9.24128e-07 
7.07856e-08 0.43759 -1.50222 1.06463 -7.07868e-08 -6.53695e-07 
6.2147e-08 0.435859 -1.49874 1.06288 -6.21482e-08 -5.95667e-07 
3.57973e-08 0.42237 -1.47064 1.04827 -3.57984e-08 -4.14706e-07 
-8.25563e-09 0.355714 -1.33021 0.974494 8.25525e-09 -9.0537e-08 
-3.06845e-08 0.140883 -0.876556 0.735673 3.06861e-08 1.60482e-07 
-4.74122e-09 -0.281754 0.0160213 0.265732 4.74549e-09 1.27996e-07 
9.70433e-09 -0.718275 0.937225 -0.21895 -9.70088e-09 -9.56384e-09 
-5.79895e-08 -0.970995 1.46899 -0.497991 5.79859e-08 6.91027e-08 
-1.86685e-07 -1.03867 1.6083 -0.569629 1.86671e-07 3.60486e-07 
-1.25799e-07 -0.952363 1.41911 -0.466748 1.25791e-07 2.50145e-07 
1.49112e-06 -0.939098 1.3794 -0.440304 -1.49106e-06 -3.6534e-06 
4.05662e-07 -1.00536 1.4982 -0.492834 -4.0525e-07 -1.0304e-06 
3.12124e-06 -1.12519 1.69327 -0.568083 -3.15252e-06 -7.44824e-06 
-0.000408389 -1.32961 1.98987 -0.660102 0.000568378 0.000161558 
0.00423614 -1.36275 2.04044 -0.679352 -0.00589639 -0.0016726 
-0.00886204 -1.49468 2.14606 -0.647905 0.012337 0.00349029 
0.0522095 -1.39817 2.01312 -0.635457 -0.072679 -0.0205762 
-0.0620259 -1.66286 2.34574 -0.658526 0.0863442 0.0244447 
-0.181207 -1.94628 2.69373 -0.676287 0.252253 0.0714146 
-0.228082 -2.07547 2.84185 -0.676805 0.317505 0.0898879 
-0.228814 -2.09641 2.85647 -0.670202 0.318524 0.0901764 
-0.226259 -2.09523 2.85222 -0.668133 0.314968 0.0891697 
-0.223351 -2.09268 2.8466 -0.666198 0.31092 0.0880237 
-0.214335 -2.08181 2.82723 -0.661243 0.298368 0.0844701 
-0.192831 -2.04968 2.77702 -0.651602 0.268434 0.0759956 
-0.147609 -1.97345 2.6658 -0.634379 0.205482 0.0581734 
-0.060818 -1.81664 2.44558 -0.60505 0.0846627 0.0239686 
0.0936621 -1.52562 2.04593 -0.556924 -0.130222 -0.0367495 
0.335267 -1.05914 1.41318 -0.480942 -0.461947 -0.127339 
0.660215 -0.420858 0.553654 -0.365383 -0.89241 -0.233402 
1.03571 0.329364 -0.451233 -0.197066 -1.35411 -0.320053 
1.37331 1.0199 -1.37131 0.0190134 -1.70514 -0.333557 
1.60936 1.52619 -2.04048 0.28198 -1.84127 -0.233119 
1.69291 1.74868 -2.32615 0.593934 -1.67648 0.0165176 
1.597 1.63342 -2.15702 0.951142 -1.17015 0.428988 
1.36408 1.25815 -1.63881 1.33129 -0.414858 0.953564 
1.0478 0.72205 -0.90604 1.70974 0.475995 1.52982 
0.697929 0.117083 -0.0834116 2.06376 1.39738 2.10185 
0.360408 -0.471792 0.713873 2.37245 2.25239 2.61811 
0.0775303 -0.966374 1.37979 2.61665 2.95194 3.03129 
-0.159696 -1.37722 1.92525 2.81955 3.52953 3.36291 
-0.238794 -1.50559 2.07577 2.89641 3.71252 3.45174 
-0.047277 -1.18728 1.63038 2.75507 3.24913 3.19052 
0.116287 -0.995597 1.40964 2.63689 2.91144 3.09919 
0.0367144 -1.12075 1.5678 2.68186 3.08021 3.15382 
-0.247305 -1.30152 1.6288 2.83774 3.51112 2.95962 
-0.145337 -1.24099 1.58242 2.80528 3.35263 3.02074 
0.315178 -1.0123 1.55278 2.59648 2.68101 3.40655 
0.853662 -0.752521 1.53994 2.34765 1.82241 3.79297 
1.27523 -0.551688 1.53576 2.1519 1.02969 3.97709 
1.53483 -0.429288 1.53546 2.03115 0.432504 3.98219 
1.65993 -0.370886 1.53618 1.97295 0.0821293 3.9223 
1.69016 -0.356869 1.53648 1.95889 -0.0134051 3.89699 
1.73612 -0.335657 1.53706 1.93752 -0.170984 3.84621 
1.82833 -0.293741 1.53904 1.89468 -0.566352 3.6653 
1.8948 -0.266165 1.54358 1.86406 -1.19142 3.19555 
1.80038 -0.318413 1.55218 1.90903 -2.00528 2.16439 
1.43729 -0.502402 1.56536 2.08039 -2.87545 0.454226 
0.820886 -0.80971 1.58089 2.37173 -3.49797 -1.59575 
0.22357 -1.10583 1.59188 2.65594 -3.46253 -2.94428 
-0.139775 -1.28582 1.59453 2.83262 -2.64997 -2.97416 
-0.253183 -1.34275 1.59005 2.8938 -1.2715 -1.8592 
-0.221652 -1.32904 1.58254 2.88765 0.27462 -0.240502 
-0.128324 -1.28611 1.57508 2.85235 1.69458 1.3958 
-0.0321505 -1.2432 1.56975 2.81497 2.79488 2.71977 
0.0329942 -1.21761 1.56769 2.7916 3.5128 3.59043 
0.0508263 -1.22694 1.57336 2.79541 3.83366 3.95689 
0.00102051 -1.28015 1.59179 2.82987 3.04999 3.04926 
0.0478787 -1.27844 1.60244 2.8171 2.89184 2.98052 
-0.0629541 -1.37032 1.61052 2.9019 3.30553 3.18392 
-0.222995 -1.4875 1.61849 3.01234 3.6272 3.19354 
-0.0486348 -1.39886 1.62257 2.91826 3.24079 3.146 
0.519969 -1.06854 1.62234 2.58416 2.10893 3.12242 
1.15839 -0.692471 1.62247 2.20528 0.865617 3.12066 
1.65161 -0.400892 1.62514 1.91139 -0.0826091 3.12715 
1.97948 -0.206956 1.62995 1.71543 -0.704083 3.13548 
2.30413 -0.0154496 1.64384 1.52016 -1.29717 3.15152 
2.3839 0.0322391 1.66572 1.46697 -1.38649 3.16891 
2.16816 -0.0801825 1.63941 1.57886 -0.94591 3.13793 
2.07053 -0.108365 1.5529 1.60636 -0.840044 3.04997 
2.28059 -0.0566099 1.85481 1.47322 -1.02935 3.27167 
2.42154 -0.0392226 2.13003 1.38644 -1.0887 3.47747 
2.25716 -0.062434 1.86055 1.45485 -1.00104 3.253 
1.94385 -0.101912 1.31185 1.59732 -0.855262 2.80721 
1.57629 -0.147007 0.658848 1.76735 -0.69034 2.2791 
1.24429 -0.18755 0.0657812 1.92222 -0.543408 1.80037 
0.9883 -0.218882 -0.39281 2.04236 -0.430874 1.43059 
0.820112 -0.239561 -0.694589 2.12164 -0.357203 1.18743 
0.738855 -0.249591 -0.840515 2.16006 -0.321673 1.06989 
0.71241 -0.252862 -0.888025 2.17258 -0.310118 1.03163 
0.588366 -0.26826 -1.11098 2.23143 -0.255966 0.852138 
0.359931 -0.296934 -1.52208 2.34047 -0.156435 0.52142 
0.0759199 -0.333689 -2.03429 2.47799 -0.032969 0.110006 
-0.15518 -0.366809 -2.45309 2.59503 0.0673839 -0.224856 
-0.233354 -0.385303 -2.59828 2.64543 0.101329 -0.33813 
-0.142125 -0.386856 -2.43802 2.61892 0.0617151 -0.20594 
0.0154588 -0.381511 -2.15243 2.55635 -0.00671266 0.0223998 
0.0498626 -0.392239 -2.06867 2.53316 -0.0216518 0.0722509 
-0.00407798 -0.429216 -2.10462 2.52793 0.00177079 -0.00590899 
0.000320308 -0.493371 -1.97949 2.47333 -0.000139101 0.000463984 
-3.78569e-08 -0.676195 -1.63381 2.31001 2.01035e-08 -4.35519e-08 
-5.79827e-09 -0.982101 -1.02834 2.01044 5.79834e-09 4.88745e-09 
-4.56227e-09 -1.18825 -0.609154 1.7974 4.56227e-09 1.16174e-09 
1.28424e-08 -1.26353 -0.454262 1.71779 -1.28424e-08 -9.30577e-08 
