-0 0 -0 0 0 -0 
-0.038004 0.333991 -0.732995 0.399004 0.038004 -6.84881e-07 
0.156114 0.308931 -0.528868 0.219936 -0.156114 -4.29486e-07 
-0.68512 -0.233262 -0.0429495 0.276211 0.68512 -2.80741e-07 
-0.14791 0.0312529 -0.268128 0.236875 0.14791 2.76803e-07 
0.38764 0.124556 -0.0491627 -0.0753932 -0.38764 6.40657e-07 
0.205293 0.0560466 -0.0021208 -0.0539258 -0.205293 3.07674e-07 
0.0282111 0.00720822 0.000514528 -0.00772275 -0.0282111 4.17737e-08 
0.165446 -0.0374421 0.0812664 -0.0438242 -0.165446 2.77906e-07 
0.0251739 0.183963 -0.581687 0.397724 -0.0251739 -1.39134e-07 
0.0181709 0.193934 -1.02006 0.826125 -0.0181709 1.32066e-05 
-0.000196825 0.0473037 -0.459974 0.41267 0.000196825 2.76149e-05 
8.75589e-07 0.0147548 -0.118516 0.103761 -8.75589e-07 1.23558e-05 
1.00129e-05 -0.147568 0.0986112 0.0489574 -1.00129e-05 -3.28485e-05 
6.16257e-07 0.398032 -0.88164 0.483608 -6.16261e-07 -4.23235e-06 
-1.4568e-07 0.133361 -0.291172 0.157812 1.45679e-07 9.03378e-07 
-6.64547e-08 -0.00847424 0.0164754 -0.0080012 6.64548e-08 4.44084e-07 
-4.36188e-08 -0.0119195 0.0243763 -0.0124568 4.3619e-08 2.94525e-07 
-1.15698e-07 -0.0894937 0.18767 -0.0981763 1.15699e-07 8.09293e-07 
-1.32707e-07 -0.367316 0.775144 -0.407829 1.32711e-07 1.05879e-06 
1.2163e-08 -0.980054 2.06997 -1.08992 -1.21546e-08 3.54564e-07 
1.10546e-07 -1.47837 3.12156 -1.64319 -1.10541e-07 -4.58128e-07 
-5.88653e-08 -1.10462 2.32898 -1.22436 5.88538e-08 -2.07198e-07 
-3.35491e-07 -0.435768 0.912346 -0.476577 3.35462e-07 6.66103e-07 
-3.97953e-07 0.0276757 -0.0742542 0.0465783 3.97921e-07 9.89598e-07 
1.36805e-06 0.375446 -0.818458 0.443011 -1.36794e-06 -3.15859e-06 
7.28365e-06 -0.386888 0.769356 -0.382468 -7.28398e-06 -1.77455e-05 
-1.55565e-05 -0.170145 0.272166 -0.102021 1.55678e-05 3.76519e-05 
4.71843e-05 -0.628104 0.981615 -0.353506 -4.43862e-05 -0.000128833 
-0.0281206 -0.464635 0.572745 -0.0970736 0.0391402 0.0111114 
-0.0186643 -0.199728 0.226403 -0.0193416 0.0259848 0.00734128 
0.21197 0.177964 -0.399148 0.137935 -0.295079 -0.0835275 
-0.217136 -0.522654 0.666432 -0.0585027 0.302268 0.0855763 
-0.431502 -0.999061 1.24485 -0.0763269 0.60068 0.170057 
-0.257086 -0.642806 0.769976 -0.0262043 0.357881 0.101319 
-0.0471348 -0.179092 0.180857 0.0167461 0.0656148 0.0185759 
0.0177657 0.00168139 -0.0253306 0.0166721 -0.024731 -0.00700155 
0.0030941 0.00221332 -0.00566025 0.00223179 -0.00430719 -0.0012194 
0.0159707 0.0159838 -0.0321795 0.00992356 -0.0222322 -0.00629411 
0.042212 0.0567857 -0.0944964 0.0211329 -0.0587619 -0.0166359 
0.0945685 0.150599 -0.226865 0.0391272 -0.131646 -0.0372699 
0.190219 0.332672 -0.47557 0.0681938 -0.264797 -0.074966 
0.352671 0.651502 -0.904084 0.114078 -0.490941 -0.138989 
0.600633 1.14684 -1.56392 0.18407 -0.833252 -0.233828 
0.871397 1.69717 -2.29301 0.285312 -1.18141 -0.311619 
1.09644 2.17057 -2.91496 0.427238 -1.41305 -0.318258 
1.12942 2.27942 -3.04541 0.589858 -1.30526 -0.176755 
0.901719 1.87774 -2.49363 0.729356 -0.788439 0.113869 
0.512181 1.15983 -1.52066 0.875701 0.00182627 0.516678 
-0.0259314 0.151486 -0.160917 1.0279 1.04269 1.02204 
-0.529736 -0.800301 1.11905 1.1374 1.98366 1.46078 
-0.863744 -1.4383 1.97346 1.16882 2.56569 1.70821 
-1.04012 -1.78495 2.43276 1.12803 2.81478 1.77831 
-1.07062 -1.86193 2.52639 1.02072 2.75607 1.68464 
-0.966626 -1.69023 2.28283 0.85238 2.41387 1.4403 
-0.739124 -1.2901 1.72959 0.628309 1.81167 1.05792 
-0.606125 -1.03475 1.34777 0.528331 1.46081 0.813645 
0.202313 0.374845 -0.587409 -0.124025 -0.527075 -0.36118 
0.761689 1.16514 -1.54916 -0.571214 -1.76346 -0.858489 
0.170198 0.00693292 0.13098 -0.117066 -0.22814 0.184641 
-0.700625 -0.643246 0.540918 0.393042 1.20576 -0.155062 
-0.495063 -0.235238 -0.0892481 0.294334 0.685184 -0.488089 
1.02649 0.531317 -0.13281 -0.449446 -1.50103 0.829726 
1.66784 0.81188 -0.0590968 -0.766874 -2.49286 1.35589 
1.51753 0.726732 -0.0229333 -0.703604 -2.61212 0.901517 
1.03548 0.490518 -0.00495667 -0.481406 -2.16028 0.240897 
0.565123 0.264919 0.00168793 -0.262922 -1.45835 -0.146574 
0.21887 0.10166 0.00195395 -0.101815 -0.672542 -0.164148 
0.0362513 0.0167825 0.000396389 -0.0168612 -0.117995 -0.0337718 
0.232705 0.107021 0.00345288 -0.108195 -0.843672 -0.302797 
0.294765 0.131617 0.00919528 -0.13673 -1.5649 -0.878638 
0.0357642 0.000281421 0.019348 -0.0149206 -2.23022 -2.1429 
-0.665437 -0.344876 0.0334273 0.314509 -2.6695 -4.20694 
-1.55231 -0.778461 0.0460454 0.732562 -2.49145 -6.08486 
-2.00383 -0.995212 0.0434972 0.949231 -1.01569 -5.65748 
-1.53985 -0.762435 0.0219125 0.737826 1.27838 -2.2904 
-0.672329 -0.333908 -0.00502537 0.337659 3.56256 2.00251 
-0.0758337 -0.0414623 -0.0201437 0.0614156 4.63718 4.45941 
0.226108 0.104125 -0.0241252 -0.079609 4.64508 5.16827 
0.313385 0.142975 -0.0203227 -0.12205 3.91859 4.64608 
0.253801 0.109124 -0.0115665 -0.0970003 2.73774 3.32959 
0.17637 0.055717 -0.000667036 -0.054494 2.07832 2.49613 
-0.130452 -0.144866 0.0417277 0.103186 -0.953005 -1.24428 
0.0682389 -0.0358344 0.0475815 -0.0136921 -1.94483 -1.86671 
0.0227257 -0.0676087 0.0239972 0.0439879 0.655505 0.721122 
-0.662475 -0.469408 0.0267433 0.447935 1.558 0.273205 
-0.104553 -0.119642 0.0197542 0.100594 0.0852472 -0.122403 
1.22097 0.692091 0.0044998 -0.706014 -2.50369 -0.12458 
2.00982 1.17945 -0.00237893 -1.1891 -3.9445 -0.029638 
1.78087 1.05175 0.00417563 -1.05946 -3.44401 0.0121938 
1.20989 0.715716 0.0115509 -0.72211 -2.30999 0.0238525 
1.03184 0.610078 0.0225316 -0.617799 -1.937 0.0335212 
0.75192 0.441865 0.0643953 -0.457244 -1.29308 0.0621246 
-0.316905 -0.174919 0.0429095 0.159846 0.815741 0.0202148 
-0.696349 -0.315453 -0.276152 0.335619 1.18313 -0.266648 
0.169142 0.103113 0.0600017 -0.182074 -0.382273 -0.0152138 
0.923032 0.143266 1.62042 -0.522561 -0.513592 1.24241 
-0.152093 -0.030645 -0.170692 0.0304894 0.123993 -0.171539 
-0.743803 -0.097169 -1.27947 0.331482 0.361207 -1.04555 
-1.09977 -0.135907 -1.94477 0.50564 0.499355 -1.5752 
-1.09756 -0.134103 -1.95668 0.510218 0.48818 -1.5806 
-0.90801 -0.110943 -1.62486 0.425025 0.400161 -1.31076 
-0.648263 -0.0795271 -1.16248 0.305025 0.284325 -0.936949 
-0.378595 -0.0466651 -0.679716 0.178816 0.165633 -0.547543 
-0.118814 -0.0146892 -0.213433 0.0562318 0.0519246 -0.171882 
-0.198343 -0.0245485 -0.356357 0.0939363 0.0866513 -0.286956 
-0.551201 -0.0686424 -0.991156 0.261998 0.240453 -0.79776 
-0.819129 -0.103813 -1.47535 0.39286 0.356501 -1.18623 
-0.856404 -0.114247 -1.54709 0.420384 0.371949 -1.24087 
-0.501642 -0.0821151 -0.914562 0.269748 0.217828 -0.72688 
0.0358325 -0.0292393 0.0498835 0.0312804 -0.0155595 0.0519214 
0.471562 0.0150093 0.841975 -0.173646 -0.204766 0.683293 
0.355006 0.00394148 0.662379 -0.151882 -0.154154 0.514403 
-0.276557 -0.091601 -0.359887 0.0507302 0.120089 -0.400731 
0.185408 -0.117533 0.561312 -0.175104 -0.0805097 0.268657 
-0.0016072 -0.320796 0.588543 -0.270078 0.000698099 -0.0023271 
-6.9082e-07 -0.789842 1.5284 -0.738564 3.43466e-07 -5.42463e-07 
9.96287e-08 -0.852058 1.71674 -0.86468 -9.96346e-08 -4.61175e-07 
4.79241e-08 -0.435254 0.893446 -0.458193 -4.79241e-08 -2.57474e-07 
7.71155e-22 -2.7197e-15 5.60181e-15 -2.88212e-15 -7.71155e-22 -4.1799e-21 
