0 0 0 0 0 0 
-0.00302964 -0.175296 0.36723 -0.191935 0.00302964 -1.07493e-08 
-0.0522779 -0.243484 0.479931 -0.236447 0.0522779 -2.77845e-07 
0.178606 -0.235054 0.608811 -0.373757 -0.178606 -4.77635e-07 
0.517686 -0.130379 0.628645 -0.498266 -0.517686 -1.04369e-07 
0.384122 -0.124761 0.61676 -0.491999 -0.384122 -2.63784e-07 
0.546894 -0.107781 0.823813 -0.716032 -0.546894 -2.36728e-08 
0.56363 -0.182572 1.11643 -0.933859 -0.56363 -5.31896e-07 
0.554965 -0.0968056 1.00327 -0.906467 -0.554965 -1.33014e-08 
0.583999 0.456688 -0.087272 -0.369416 -0.583999 -2.16888e-08 
0.620369 0.921703 -1.00755 0.0858486 -0.620369 -2.20156e-07 
0.649984 0.989714 -1.10333 0.11362 -0.649984 -2.82982e-07 
0.701412 1.00154 -1.0372 0.0356576 -0.701412 -1.6606e-07 
0.902043 1.29048 -1.13884 -0.151646 -0.902043 -8.25605e-08 
1.09046 1.56537 -0.887612 -0.677757 -1.09046 -1.57032e-08 
1.14219 1.54598 -0.558166 -0.987809 -1.14219 1.02741e-08 
1.14167 1.44849 -0.183061 -1.26543 -1.14167 -3.31719e-07 
1.14168 1.56673 -0.328 -1.23873 -1.14168 -8.82126e-09 
1.14152 1.67923 -0.417054 -1.26218 -1.14152 -1.46388e-10 
1.13194 1.5976 -0.119028 -1.47857 -1.13194 3.55271e-15 
