0 0 0 0 0 0 
-0.0032122 -0.13573 0.287383 -0.151653 0.0032122 -1.87401e-08 
0.00506986 -0.187827 0.392582 -0.204755 -0.00506986 3.20384e-08 
-0.00132003 -0.26814 0.565524 -0.297383 0.00132003 -4.68306e-07 
0.270563 -0.263308 0.393002 -0.129694 -0.270563 -1.56173e-07 
0.257254 -0.270357 0.308858 -0.0385001 -0.257254 -1.3688e-07 
0.212303 -0.294402 0.259378 0.0350237 -0.212303 -2.40213e-06 
-0.0118063 -0.665106 0.386992 0.278115 0.0118063 1.00494e-07 
0.0053012 -0.804252 0.460809 0.343443 -0.0053012 -1.26148e-07 
-0.000466746 -0.914748 0.579523 0.335225 0.000466746 -5.62634e-09 
-3.43126e-06 -1.10292 0.744238 0.358678 3.43126e-06 -7.70528e-08 
1.73044e-07 -1.15735 0.619176 0.538178 -1.73044e-07 -8.95569e-08 
1.87555e-08 -1.1764 0.451391 0.725004 -1.87555e-08 -1.21299e-07 
2.07161e-08 -1.13634 0.175257 0.961081 -2.07161e-08 -1.25688e-07 
2.84873e-08 -1.22697 0.3094 0.917569 -2.84873e-08 -1.64424e-07 
1.29296e-08 -1.29085 0.352191 0.938658 -1.29296e-08 -8.86985e-08 
-5.73676e-10 -1.26412 0.152804 1.11132 5.73676e-10 -2.17097e-08 
2.26256e-08 -1.52254 0.280985 1.24156 -2.26256e-08 -1.46044e-07 
-4.44941e-09 -1.56324 0.352664 1.21057 4.44941e-09 1.09537e-09 
2.18982e-08 -1.54561 0.177565 1.36805 -2.18982e-08 -1.44472e-07 
