-0 -0 0 -0 0 -0 
0.000850469 -0.410664 0.863832 -0.453168 -0.000850469 7.69499e-09 
-0.0935355 -0.00790679 0.066839 -0.0589323 0.0935355 -5.6983e-07 
0.385552 -0.0894735 -0.0158577 0.105331 -0.385552 -2.78396e-07 
0.541423 0.0334463 -0.483563 0.450116 -0.541423 1.49251e-06 
-0.161818 0.171109 -0.131918 -0.0391919 0.161818 -7.86933e-06 
-0.192922 -0.270828 0.0338231 0.237005 0.192922 8.46323e-07 
-0.277424 -0.81661 0.497147 0.319464 0.277424 3.90574e-06 
-0.0371639 -0.0475735 -0.251952 0.299525 0.0371639 9.90779e-08 
0.0141741 -0.517451 0.763788 -0.246336 -0.0141741 1.89039e-07 
-0.000565936 -0.464362 0.0584891 0.405873 0.000565936 5.24793e-07 
1.35496e-06 0.108447 -0.760045 0.651598 -1.35496e-06 5.92786e-07 
-1.32287e-07 -0.0349156 -0.513434 0.54835 1.32287e-07 4.3244e-07 
-2.96414e-08 0.112048 -0.413041 0.300993 2.96414e-08 1.42963e-07 
8.48434e-09 -0.40871 0.759848 -0.351138 -8.48434e-09 -4.01968e-08 
-3.41671e-08 0.225153 -0.613822 0.388668 3.41671e-08 1.70315e-07 
6.08383e-08 -0.578489 0.151165 0.427323 -6.08383e-08 -3.29814e-07 
-5.37098e-08 -0.126428 0.204839 -0.0784116 5.37098e-08 2.91053e-07 
1.98743e-09 -0.103298 -0.099136 0.202434 -1.98743e-09 -1.27925e-08 
2.6029e-22 2.89002e-16 -1.63728e-15 1.34827e-15 -2.6029e-22 -1.43612e-21 
