-0.0470536 -1.41344 3 -1.58656 0.0470536 -2.7803e-07 
0.142736 0.563783 -1.26315 0.699365 -0.142736 8.66187e-07 
-1.09719 -1.3348 3.39807 -2.06327 1.09719 -6.6766e-06 
1.79642 0.980491 -3.02257 2.04208 -1.79642 6.09404e-06 
-3.35397 -0.350408 2.27028 -1.91987 3.35397 -1.47205e-06 
3.56658 1.45583 -1.79759 0.34175 -3.56658 -4.11842e-05 
-1.38592 -1.97215 0.470017 1.50213 1.38592 1.41915e-05 
3.44876 3.14852 0.0757604 -3.22428 -3.44876 -4.46632e-05 
-0.456648 -0.688009 0.889472 -0.201463 0.456648 6.63614e-06 
-0.00567001 -1.22748 1.36502 -0.13754 0.00567001 -1.33591e-06 
0.0282466 -2.16317 -3.18489 5.34811 -0.0282466 7.0389e-05 
-7.81228e-05 -0.0781019 1.86564 -1.78754 7.81228e-05 2.55611e-06 
-2.2155e-07 0.136945 -0.780001 0.643058 2.2155e-07 7.09203e-06 
1.2377e-07 -1.28181 3.12181 -1.84 -1.2377e-07 -5.73004e-07 
-7.14196e-07 0.692669 -1.40281 0.710141 7.14196e-07 3.55153e-06 
-4.43687e-07 2.65218 -2.99572 0.34354 4.43687e-07 2.34863e-06 
3.08608e-07 -2.13427 1.93626 0.198007 -3.08608e-07 -1.62554e-06 
-1.16325e-06 3.57533 -0.245572 -3.32976 1.16325e-06 6.27779e-06 
6.39877e-07 1.25198 -3.42141 2.16943 -6.39877e-07 -3.5176e-06 
-4.76932e-07 -0.529541 3 -2.47046 4.76932e-07 2.63142e-06 
