1.13194 1.5976 -0.119028 -1.47857 -1.13194 3.55271e-15 
1.11512 1.57688 -0.123316 -1.45356 -1.11512 -4.11753e-10 
1.06468 1.51474 -0.136171 -1.37857 -1.06468 -1.64368e-09 
0.980889 1.41152 -0.157518 -1.254 -0.980889 -3.66573e-09 
0.864792 1.26844 -0.187064 -1.08137 -0.864792 -6.36098e-09 
0.719091 1.08871 -0.224048 -0.864661 -0.719091 -9.42548e-09 
0.549405 0.879012 -0.266891 -0.612121 -0.549405 -1.2228e-08 
0.375817 0.663751 -0.310276 -0.353475 -0.375817 -1.36168e-08 
0.218384 0.467327 -0.348907 -0.11842 -0.218384 -1.2489e-08 
0.0862009 0.300543 -0.380228 0.079685 -0.0862009 -7.82495e-09 
-0.00974754 0.176498 -0.40118 0.224681 0.00974754 1.50432e-09 
-0.0625898 0.103775 -0.410082 0.306307 0.0625898 1.54338e-08 
-0.0784546 0.0763241 -0.409394 0.33307 0.0784546 3.08211e-08 
-0.0581092 0.0958432 -0.400892 0.305049 0.0581092 4.23742e-08 
-0.0138465 0.158835 -0.394678 0.235843 0.0138465 2.65652e-08 
0.00165816 0.211221 -0.410924 0.199703 -0.00165816 -3.99531e-08 
-0.0176211 0.234183 -0.450948 0.216765 0.0176211 -1.46277e-07 
-0.0357767 0.24465 -0.500444 0.255794 0.0357767 -2.56855e-07 
-0.0248156 0.256866 -0.54488 0.288014 0.0248156 -3.38968e-07 
0.0257536 0.278771 -0.577043 0.298272 -0.0257536 -3.79629e-07 
0.10293 0.308118 -0.597222 0.289104 -0.10293 -3.8553e-07 
0.185359 0.338372 -0.609679 0.271307 -0.185359 -3.72143e-07 
0.287795 0.375514 -0.619356 0.243842 -0.287795 -3.39558e-07 
0.404413 0.418018 -0.62586 0.207842 -0.404413 -2.81979e-07 
0.490193 0.450747 -0.628638 0.177892 -0.490193 -2.11274e-07 
0.521809 0.465828 -0.629363 0.163535 -0.521809 -1.42991e-07 
0.509462 0.467652 -0.628575 0.160923 -0.509462 -7.06258e-08 
0.453008 0.456488 -0.62599 0.169502 -0.453008 -1.06963e-08 
0.387696 0.443121 -0.622252 0.179131 -0.387696 -9.41682e-09 
0.357878 0.441057 -0.619105 0.178048 -0.357878 -6.21961e-08 
0.369324 0.452828 -0.617642 0.164813 -0.369324 -1.01848e-07 
0.417331 0.478376 -0.619845 0.141469 -0.417331 -8.4512e-08 
0.489704 0.522292 -0.637673 0.115381 -0.489704 -2.48129e-08 
0.534186 0.572685 -0.684105 0.11142 -0.534186 1.48215e-08 
0.544755 0.6322 -0.765464 0.133264 -0.544755 1.35632e-08 
0.552371 0.702817 -0.866572 0.163755 -0.552371 -1.39049e-08 
0.567347 0.759568 -0.934392 0.174824 -0.567347 -4.08806e-08 
0.564335 0.804839 -0.965238 0.160399 -0.564335 -6.65109e-08 
0.557409 0.844092 -0.973337 0.129244 -0.557409 -4.71029e-08 
0.579909 0.869789 -0.992812 0.123024 -0.579909 1.66399e-09 
0.620546 0.905328 -1.02566 0.120335 -0.620546 -7.36093e-08 
0.669821 0.964683 -1.06565 0.100966 -0.669821 -2.25659e-07 
0.721495 1.02681 -1.10568 0.0788713 -0.721495 -1.68478e-07 
0.7513 1.0645 -1.12761 0.0631115 -0.7513 -1.06522e-07 
0.790542 1.1184 -1.15349 0.0350948 -0.790542 -8.45483e-08 
0.831096 1.17662 -1.17717 0.000547151 -0.831096 -1.11307e-07 
0.871175 1.2383 -1.19373 -0.0445749 -0.871175 -2.23022e-08 
0.902193 1.28743 -1.20357 -0.0838672 -0.902193 -8.40253e-08 
0.924923 1.32504 -1.2059 -0.11914 -0.924923 1.21583e-08 
0.963465 1.39012 -1.20157 -0.188548 -0.963465 -5.65232e-08 
1.01585 1.47932 -1.1683 -0.311015 -1.01585 -1.04857e-08 
1.0634 1.55431 -1.09438 -0.459929 -1.0634 -1.15457e-07 
1.10266 1.60144 -0.979303 -0.622135 -1.10266 -7.83113e-08 
1.1342 1.61572 -0.823217 -0.792504 -1.1342 -1.23795e-07 
1.15765 1.59508 -0.635611 -0.95947 -1.15765 1.09324e-08 
1.17044 1.5578 -0.472503 -1.0853 -1.17044 -1.27685e-07 
1.17872 1.51167 -0.342042 -1.16963 -1.17872 -1.28859e-08 
1.1776 1.494 -0.232134 -1.26186 -1.1776 -2.01199e-08 
1.17264 1.49284 -0.152103 -1.34074 -1.17264 -7.42996e-08 
1.16719 1.50007 -0.114512 -1.38556 -1.16719 -9.60675e-08 
1.1595 1.51859 -0.11399 -1.4046 -1.1595 -6.311e-08 
1.14947 1.54833 -0.138327 -1.41 -1.14947 2.54258e-09 
1.13775 1.5817 -0.132194 -1.4495 -1.13775 1.2954e-08 
1.13194 1.5976 -0.119028 -1.47857 -1.13194 3.55271e-15 
