-0 -0 -0 0 0 -0 
-0.72201 -0.889964 -0.183668 1.07363 0.72201 -1.64982e-08 
-1.04281 -1.3034 -0.254504 1.5579 1.04281 1.20828e-08 
0.245869 0.280829 0.0758473 -0.356676 -0.245869 4.99685e-08 
0.399669 0.186589 -0.346104 0.159515 -0.399669 -4.96907e-07 
0.248159 0.116167 -0.0058364 -0.110331 -0.248159 5.08226e-07 
0.479863 0.259529 -0.00543723 -0.254092 -0.479863 5.49425e-08 
-0.183353 0.429311 -0.0865485 -0.342762 0.183353 -1.58236e-07 
0.291262 0.422713 -0.165941 -0.25677 -0.291262 -4.95946e-07 
0.436373 0.732965 0.426283 -1.15925 -0.436373 -1.29661e-06 
0.0872965 -0.450702 1.15301 -0.702306 -0.0872965 1.28874e-06 
-0.0989827 0.299904 -0.140124 -0.159779 0.0989827 3.16675e-07 
0.030485 0.0180213 -0.0670634 0.0490424 -0.030485 1.58681e-06 
0.0101898 0.465862 -1.14492 0.679062 -0.0101898 6.0949e-07 
0.14781 0.351422 -0.807814 0.456392 -0.14781 -8.7232e-09 
0.636105 0.461662 -1.21513 0.753468 -0.636105 8.47818e-07 
1.10689 -0.0922822 0.30744 -0.21516 -1.10689 -2.18811e-07 
0.38205 -0.338046 0.928042 -0.589995 -0.38205 1.68353e-06 
0.130222 -0.638214 1.39855 -0.760337 -0.130222 -2.47536e-07 
-3.21807e-17 4.12871e-16 -8.80808e-16 4.67937e-16 3.21807e-17 2.07328e-22 
