0 0 0 0 0 0 
-0.00680226 0.0443945 -0.0977035 0.053309 0.00680226 -8.90758e-08 
-0.0125178 0.157944 -0.340357 0.182413 0.0125178 -3.10976e-07 
0.0452463 0.202351 -0.398044 0.195693 -0.0452463 -3.67296e-07 
-0.222566 0.19002 -0.541083 0.351062 0.222566 -4.68425e-07 
-0.259259 0.235051 -0.695 0.459949 0.259259 -4.40077e-07 
-0.0678397 0.271561 -0.689061 0.4175 0.0678397 -3.23713e-07 
-0.00189324 0.284159 -0.688648 0.404489 0.00189324 -3.07464e-07 
0.0451383 0.300156 -0.715177 0.415021 -0.0451383 -3.79437e-07 
0.00238486 0.333039 -0.896062 0.563023 -0.00238486 -7.24796e-07 
8.7137e-06 0.356028 -1.09789 0.741864 -8.7137e-06 -6.75357e-07 
8.95093e-06 0.349805 -1.1511 0.801294 -8.95093e-06 -2.06669e-07 
-1.5833e-06 0.367449 -1.24612 0.878673 1.5833e-06 4.46195e-07 
-5.06378e-06 0.455699 -1.47952 1.02382 5.06378e-06 8.12959e-06 
-2.76041e-06 0.226892 -1.01665 0.789758 2.76041e-06 8.44882e-06 
-1.58013e-06 -0.0594922 -0.425301 0.484794 1.58013e-06 6.73643e-06 
-8.96017e-07 -0.319797 0.114535 0.205262 8.96017e-07 4.76216e-06 
-5.20331e-07 -0.51206 0.51389 -0.00183055 5.20331e-07 3.18999e-06 
-3.30852e-07 -0.630711 0.760471 -0.12976 3.30852e-07 2.1958e-06 
-2.55433e-07 -0.684027 0.871282 -0.187255 2.55433e-07 1.74707e-06 
-2.12112e-07 -0.716757 0.939303 -0.222546 2.12112e-07 1.47193e-06 
-4.1719e-08 -0.870123 1.25788 -0.387761 4.1719e-08 2.06648e-07 
2.75499e-08 -1.0233 1.57448 -0.551188 -2.75497e-08 -8.23297e-07 
-1.16876e-07 -1.00786 1.53716 -0.529298 1.16876e-07 -2.92053e-07 
3.11363e-07 -0.909513 1.32477 -0.415256 -3.11364e-07 -6.21097e-07 
1.85201e-06 -0.961596 1.42415 -0.462551 -1.85201e-06 -4.51725e-06 
4.29794e-07 -1.00504 1.49773 -0.492686 -4.29801e-07 -1.07442e-06 
3.10035e-06 -1.12596 1.69448 -0.568518 -3.09985e-06 -7.56973e-06 
6.32553e-05 -1.34635 2.01104 -0.664701 -7.1522e-05 1.4497e-05 
0.000805875 -1.46218 2.11342 -0.651351 -0.00091031 0.000167311 
-0.000931412 -1.5193 2.16515 -0.645722 0.00105231 -0.000197439 
-0.0735119 -1.62343 2.20667 -0.577292 0.0791036 -0.00913498 
-0.025109 -1.5179 2.02549 -0.529042 0.00492586 0.03297 
-0.0226215 -1.53299 2.04604 -0.533852 0.00305266 0.0319661 
-0.0265628 -1.54259 2.05888 -0.535412 0.008583 0.0293703 
-0.0330906 -1.55764 2.07897 -0.537716 0.017668 0.0251929 
-0.0502802 -1.59508 2.12863 -0.543005 0.0413837 0.0145322 
-0.0885896 -1.67403 2.23265 -0.553093 0.09379 -0.00849573 
-0.158683 -1.81356 2.41537 -0.569439 0.189133 -0.0497429 
-0.249553 -1.9923 2.64807 -0.589004 0.31236 -0.102598 
-0.312458 -2.11847 2.80969 -0.600921 0.397397 -0.138753 
-0.254926 -2.01817 2.6722 -0.585762 0.319139 -0.104895 
-0.0178111 -1.58056 2.09123 -0.531959 -0.00221444 0.0327125 
0.375897 -0.847256 1.12223 -0.435592 -0.526984 0.246807 
0.810244 -0.0300513 0.044243 -0.296361 -1.07567 0.433591 
1.21281 0.73982 -0.969931 -0.108208 -1.53106 0.519872 
1.5234 1.35414 -1.77765 0.137629 -1.79231 0.439286 
1.67735 1.69594 -2.22468 0.446349 -1.75486 0.126607 
1.62456 1.67397 -2.19076 0.819707 -1.33953 -0.462056 
1.39593 1.33901 -1.74288 1.2344 -0.613688 -1.23271 
1.05961 0.807276 -1.03437 1.65624 0.288471 -2.02999 
0.67853 0.186107 -0.206844 2.05385 1.2432 -2.71133 
0.310206 -0.426328 0.610187 2.3987 2.13751 -3.14719 
0.00695336 -0.940697 1.29886 2.66499 2.86872 -3.22052 
-0.197924 -1.30113 1.78632 2.84089 3.37864 -2.78794 
-0.285883 -1.48249 2.04168 2.91732 3.64154 -1.53699 
-0.20763 -1.40012 1.94947 2.85308 3.53977 0.571326 
-0.0244494 -1.13822 1.61013 2.70213 3.19023 2.86693 
0.0591767 -1.00652 1.4181 2.64121 3.02119 3.88494 
0.0218813 -1.06233 1.46607 2.68912 3.09307 3.54198 
0.00947349 -1.13336 1.57357 2.71995 3.13057 3.00161 
0.0538655 -1.12763 1.59898 2.68426 3.05587 3.06904 
-0.220857 -1.26295 1.58069 2.81754 3.50593 3.0352 
-0.0400097 -1.18608 1.56927 2.7581 3.20781 3.11568 
0.469941 -0.944019 1.56045 2.5267 2.34687 3.44416 
0.998045 -0.691685 1.55299 2.28199 1.3752 3.71244 
1.38578 -0.506433 1.54815 2.10122 0.559892 3.80392 
1.6124 -0.398476 1.54566 1.99537 -0.00389782 3.76504 
1.71508 -0.349773 1.54467 1.94743 -0.306786 3.69695 
1.73969 -0.338138 1.54446 1.93594 -0.387579 3.6719 
1.82682 -0.297199 1.54385 1.89534 -0.723392 3.53005 
1.89157 -0.269008 1.54455 1.86594 -1.40832 2.95959 
1.60486 -0.413873 1.55185 2.00316 -2.18627 1.42688 
0.785812 -0.821485 1.57081 2.39195 -2.80627 -1.15632 
-0.0463792 -1.24029 1.59628 2.78562 -3.16328 -3.24304 
-0.39841 -1.42816 1.61947 2.95041 -3.39094 -3.85257 
-0.3587 -1.4225 1.63683 2.92734 -3.42789 -3.6244 
0.0828861 -1.21041 1.64287 2.70913 -3.05742 -3.0761 
0.883426 -0.803415 1.63125 2.31373 -2.15922 -2.80635 
1.63819 -0.412345 1.61891 1.93502 -1.39073 -2.93491 
2.11752 -0.161377 1.61928 1.68368 -1.17171 -3.33907 
2.30497 -0.0624515 1.63185 1.57218 -1.3531 -3.76003 
2.24801 -0.0936963 1.64854 1.58673 -1.48469 -3.8148 
1.98967 -0.234555 1.66323 1.71292 -1.24571 -3.24541 
1.58031 -0.459414 1.67251 1.92855 -0.501068 -1.99008 
1.11143 -0.718999 1.6775 2.18319 0.520966 -0.418334 
0.657849 -0.972638 1.68009 2.43426 1.57651 1.11109 
0.199225 -1.23337 1.68183 2.69321 2.66966 2.57683 
-0.192718 -1.46509 1.68392 2.92263 3.58563 3.5865 
-0.38856 -1.59495 1.6875 3.04864 4.00566 3.79772 
-0.268577 -1.5454 1.69314 2.99347 3.71624 3.42068 
0.285072 -1.23306 1.70144 2.67371 2.5544 3.02041 
1.13012 -0.733927 1.70947 2.1677 0.857366 2.97782 
1.82341 -0.31789 1.71173 1.74903 -0.509973 3.08306 
2.22637 -0.0726493 1.7061 1.50659 -1.28853 3.16889 
2.20093 -0.0778911 1.67952 1.53504 -1.15522 3.15356 
2.17115 -0.0861716 1.66283 1.58031 -0.941972 3.15359 
2.12867 -0.0740707 1.55182 1.57322 -0.955141 3.05349 
2.33709 -0.0575682 1.99447 1.44075 -1.02853 3.37673 
2.32061 -0.056311 1.97752 1.42742 -1.02503 3.34839 
1.98906 -0.0949112 1.38629 1.57629 -0.880399 2.8678 
1.58076 -0.143986 0.657168 1.76483 -0.700397 2.27826 
1.18385 -0.192469 -0.0520788 1.95012 -0.524861 1.70582 
0.854995 -0.233209 -0.640042 2.10485 -0.37921 1.2318 
0.613071 -0.263598 -1.07283 2.21945 -0.271974 0.883178 
0.456322 -0.283545 -1.35339 2.29416 -0.202463 0.657336 
0.375471 -0.293938 -1.49817 2.33287 -0.166601 0.540858 
0.351019 -0.297099 -1.54196 2.3446 -0.155754 0.505633 
0.211268 -0.315352 -1.79238 2.41199 -0.093752 0.304315 
-0.0356872 -0.349033 -2.23572 2.53336 0.0158377 -0.0514034 
-0.21764 -0.37899 -2.56512 2.63069 0.0965866 -0.313485 
-0.189478 -0.388622 -2.52006 2.63582 0.0840885 -0.272921 
0.000641116 -0.381768 -2.17992 2.56261 -0.000284516 0.000923465 
0.0586362 -0.388842 -2.05844 2.53172 -0.0260222 0.0844586 
-0.0152421 -0.414725 -2.15155 2.54432 0.00676431 -0.0219545 
-0.00104204 -0.471568 -2.02211 2.49218 0.000462428 -0.00150113 
1.1001e-07 -0.648785 -1.68671 2.3355 -4.40728e-08 1.79351e-07 
-6.81563e-09 -0.963237 -1.06631 2.02955 6.81575e-09 9.45504e-09 
-5.0383e-09 -1.18332 -0.619266 1.80259 5.0383e-09 3.71407e-09 
1.28424e-08 -1.26353 -0.454262 1.71779 -1.28424e-08 -9.30577e-08 
