-0.12238 0.776634 -1.71131 0.93468 0.12238 -1.56e-06 
-0.0585981 0.691392 -1.49226 0.800865 0.0585981 -1.36321e-06 
0.898124 -0.587251 1.79362 -1.20637 -0.898124 1.58858e-06 
-2.63234 -0.59287 -0.384077 0.976948 2.63234 -1.92955e-07 
5.64689 0.698628 1.57127 -2.2699 -5.64689 3.26479e-06 
1.03927 -0.119383 0.941794 -0.822411 -1.03927 5.34596e-08 
-1.31881 -0.221652 -0.144706 0.366357 1.31881 -1.02268e-06 
-0.647387 -0.133869 0.0359198 0.0979491 0.647387 -1.48591e-08 
-4.11398 -0.164995 -2.44639 2.61139 4.11398 -7.0489e-06 
-3.16578 -0.424463 -1.82766 2.25212 3.16578 -3.5138e-05 
0.0569436 1.44832 -1.53009 0.0817747 -0.0569436 0.000103552 
-0.00205613 -0.808047 1.60732 -0.799273 0.00205613 -3.53777e-05 
0.000577008 3.74329 -7.89472 4.15143 -0.000577008 0.000153382 
-8.12574e-06 -3.27829 7.18929 -3.911 8.12574e-06 -8.68175e-05 
-6.6065e-06 -0.641779 1.38561 -0.743836 6.6065e-06 -1.45823e-05 
-4.24629e-06 0.273943 -0.547223 0.27328 4.24629e-06 -1.65826e-06 
-2.63117e-06 0.616394 -1.2737 0.657305 2.63117e-06 3.83543e-06 
-1.5811e-06 0.648442 -1.34617 0.697729 1.5811e-06 5.16016e-06 
-9.61999e-07 0.565846 -1.17599 0.610139 9.61999e-07 4.7447e-06 
-6.85739e-07 0.49726 -1.03348 0.53622 6.85739e-07 4.18524e-06 
1.51932e-06 -1.30687 2.71555 -1.40867 -1.51932e-06 -1.09168e-05 
-9.33172e-07 -0.0476209 0.0860427 -0.0384219 9.33173e-07 1.71728e-06 
-2.48489e-06 1.63569 -3.43172 1.79603 2.48489e-06 1.61168e-05 
3.7504e-06 1.12203 -2.3603 1.23827 -3.75041e-06 -2.08171e-06 
1.26759e-05 -1.7062 3.54663 -1.84043 -1.26759e-05 -4.07543e-05 
-2.56878e-05 0.735395 -1.57138 0.835985 2.56879e-05 6.71388e-05 
6.88843e-06 -1.4383 2.82569 -1.38739 -6.88866e-06 -2.31778e-05 
-0.00514188 -2.07367 2.89203 -0.818354 0.00513648 0.0125706 
-0.147974 5.07601 -3.01349 -2.04199 0.167265 -0.0330599 
0.0110442 2.23435 -1.35602 -0.879854 -0.0124735 0.00225473 
2.99099 1.10727 -0.2803 -1.23968 -3.37922 0.633711 
4.07256 5.01899 -4.12937 -1.75852 -4.88991 1.33509 
-1.04369 -2.06014 2.92204 -0.420745 1.45867 -0.677891 
0.200819 0.595968 -0.805964 0.113991 -0.291128 0.147527 
-0.047992 -0.11162 0.148955 -0.0172591 0.0668766 -0.0308491 
-0.0885553 -0.186999 0.247446 -0.0252708 0.121645 -0.054054 
-0.177938 -0.350829 0.45981 -0.0410165 0.241871 -0.104437 
-0.294617 -0.56067 0.728648 -0.0580847 0.397991 -0.168866 
-0.206863 -0.389871 0.498816 -0.0334453 0.277884 -0.116015 
0.200274 0.377147 -0.513237 0.057627 -0.274082 0.12057 
1.11982 2.09963 -2.77793 0.254282 -1.51868 0.65156 
1.5801 2.96756 -3.90129 0.339421 -2.13915 0.913225 
1.47895 2.78525 -3.6556 0.371793 -1.94792 0.766091 
0.317285 0.66398 -0.861284 0.374107 -0.15097 -0.271682 
-0.188821 -0.247634 0.338451 0.450437 0.697967 -0.831709 
-0.803031 -1.35858 1.80316 0.501343 1.69284 -1.45354 
-1.36428 -2.37402 3.14192 0.546479 2.60069 -2.01972 
-1.87446 -3.29739 4.35926 0.586062 3.42464 -2.53226 
-1.52594 -2.71634 3.59253 0.357805 2.69389 -1.57593 
-0.93096 -1.70172 2.25399 0.0598544 1.52286 -0.221306 
-0.384746 -0.76989 1.02465 -0.212446 0.448717 1.01604 
0.114521 0.0822198 -0.0995562 -0.460062 -0.532148 2.14052 
0.568631 0.857649 -1.12263 -0.683945 -1.4233 3.1565 
0.979347 1.55939 -2.04852 -0.885033 -2.22825 4.06828 
1.00091 1.52332 -1.96897 -0.850688 -2.0982 7.36791 
1.52482 2.41522 -3.17855 -1.29178 -3.34089 7.93921 
1.06167 1.7911 -2.44494 -0.88225 -2.4739 2.53224 
-1.14953 -1.53898 1.78126 1.02713 2.15264 -13.0968 
-1.11147 -1.70488 2.1686 0.998135 2.20956 -12.3341 
0.182086 -0.185932 0.585115 -0.115012 -0.230148 -2.11602 
0.71405 0.849584 -0.838673 -0.725036 -1.36285 6.14629 
-3.15247 -1.31608 -0.526146 1.54523 5.14836 0.116302 
8.01552 3.82902 0.0746482 -3.68444 -13.2252 3.93772 
-0.0171662 0.0737919 0.0605974 -0.198901 0.0121972 0.497469 
-0.00100003 0.0116226 0.0135795 -0.0388141 -0.781429 -0.730653 
-1.31748 -0.630549 0.0238135 0.602559 1.4818 -1.65079 
-1.43856 -0.690397 0.0206952 0.669727 2.24332 -1.16826 
-1.0747 -0.513851 0.0130081 0.502251 2.28006 -0.235162 
-0.716754 -0.33991 0.00682078 0.334728 2.1288 0.490692 
1.13087 0.533686 -0.00923032 -0.52754 -3.89522 -1.34638 
0.0100044 -0.0113128 0.0085044 0.000348396 -3.198 -3.39016 
-3.2119 -1.57937 0.057948 1.52309 -0.753681 -8.76101 
-5.05964 -2.49221 0.104928 2.39181 1.49541 -10.1984 
0.851924 0.3804 0.0383546 -0.417061 3.14398 7.6528 
4.91451 2.35659 -0.0201861 -2.33922 0.644062 14.96 
3.20663 1.59727 -0.0637365 -1.53472 1.64297 6.64879 
3.51192 1.79718 -0.0933696 -1.70424 3.41863 3.16016 
3.79402 2.06055 -0.192401 -1.8673 6.01006 -3.15632 
-0.63901 -0.263959 0.00344243 0.260808 -1.52431 -3.51308 
-2.54113 -1.29574 0.118487 1.17707 -5.07891 -2.40303 
-2.51425 -1.31005 0.108337 1.20153 -3.54178 -0.199617 
-2.12048 -1.13016 0.0340262 1.09623 0.541917 3.28457 
-1.74687 -0.951514 -0.0188747 0.97065 3.31035 5.50804 
-1.39419 -0.775957 -0.0535671 0.829888 4.96581 6.66971 
-0.490887 -0.287629 -0.0367877 0.324383 2.32935 2.62394 
0.184933 0.0803638 -0.0205736 -0.0601133 0.15238 -0.57178 
-0.389485 -0.252766 -0.0058788 0.258085 1.14454 0.682398 
0.53834 0.228571 0.00254485 -0.232428 -1.43219 -3.86181 
1.69603 0.874314 0.0129654 -0.888151 -4.33888 -7.24272 
2.76018 1.56474 0.0175665 -1.57984 -6.23101 -5.3789 
3.79238 2.29492 0.0236693 -2.31094 -7.64847 -0.345873 
3.39219 2.14461 0.00569739 -2.14611 -6.31797 3.5442 
-1.51721 -0.843505 -0.0531078 0.882352 3.25008 1.16459 
-2.92462 -1.73166 -0.0606416 1.77427 5.88025 -0.313436 
-2.74587 -1.56172 -0.269684 1.74955 5.96418 -0.745878 
0.969655 0.398512 0.718044 -0.301092 -0.542485 0.869098 
-4.26339 -1.72647 -3.01028 1.54368 3.28926 -3.5286 
2.50079 0.140015 5.19131 -1.2735 -0.781127 3.99811 
-4.27591 -0.396703 -8.29224 2.19767 1.65741 -6.44833 
-2.42442 -0.32263 -4.38867 1.27059 1.11244 -3.44811 
-0.845702 -0.110926 -1.51577 0.420698 0.383885 -1.20781 
0.141228 0.0101926 0.248188 -0.0480872 -0.057699 0.209419 
0.617936 0.0704688 1.10126 -0.278082 -0.271532 0.893321 
0.769306 0.0916577 1.37333 -0.355229 -0.340054 1.10973 
0.744622 0.0913252 1.33079 -0.34892 -0.329829 1.0733 
0.657566 0.0828481 1.17649 -0.312001 -0.291548 0.947476 
0.586222 0.0754144 1.04975 -0.280768 -0.260029 0.844543 
-1.56681 -0.203186 -2.80664 0.753107 0.69507 -2.25712 
-1.03326 -0.145482 -1.85759 0.515289 0.458709 -1.48811 
0.626487 0.0390331 1.09836 -0.235192 -0.278029 0.902381 
1.95491 0.190244 3.48078 -0.855756 -0.867573 2.81583 
1.6928 0.173675 3.06719 -0.803073 -0.751247 2.43827 
-2.0085 -0.209277 -3.40744 0.724271 0.891355 -2.89301 
-1.57681 -0.221776 -2.57256 0.523568 0.699775 -2.27121 
1.59915 -0.146791 3.27659 -0.826864 -0.709688 2.30339 
1.35228 -0.412181 3.38965 -1.03008 -0.600126 1.94785 
-0.00105331 -1.38228 2.88528 -1.50474 0.000455003 -0.00163451 
1.4759e-05 1.53986 -2.9429 1.40319 -1.47599e-05 -6.99821e-05 
9.77236e-07 0.9252 -1.85238 0.927188 -9.77236e-07 -5.33439e-06 
-4.12985e-07 1.45651 -3 1.54349 4.12985e-07 2.23851e-06 
