-0 0 -0 0 0 -0 
-0.0372022 0.257776 -0.565891 0.308115 0.0372022 -5.16052e-07 
0.0554665 0.341982 -0.685739 0.343756 -0.0554665 -6.31411e-07 
0.0665331 -0.0558888 0.158952 -0.103063 -0.0665331 1.41569e-07 
-1.2585 0.0751615 -0.986895 0.911734 1.2585 -6.01165e-07 
0.622015 0.140876 -0.0406496 -0.100227 -0.622015 4.75096e-07 
0.381774 0.0692199 0.0176739 -0.0868938 -0.381774 1.57758e-07 
0.048678 0.0102904 -0.00355284 -0.00673755 -0.048678 -1.63629e-09 
-0.00488952 0.0804191 -0.312099 0.23168 0.00488952 -9.17239e-07 
0.0711612 0.123989 -0.633455 0.509466 -0.0711612 -2.88969e-06 
-0.00250767 0.104536 -0.587143 0.482607 0.00250767 5.39179e-06 
0.000174098 -0.199038 0.258308 -0.0592693 -0.000174098 -5.91173e-06 
-6.71612e-05 0.656652 -1.55724 0.900587 6.71612e-05 2.27426e-05 
1.06047e-05 -0.483573 0.926327 -0.442754 -1.06047e-05 9.52732e-06 
4.4533e-06 -0.797202 1.63865 -0.841447 -4.4533e-06 -3.43628e-06 
2.63581e-06 -0.839087 1.73772 -0.898633 -2.63581e-06 -5.92831e-06 
1.48711e-06 -0.675865 1.40317 -0.727301 -1.48711e-06 -5.39918e-06 
7.86209e-07 -0.455582 0.946673 -0.491091 -7.86209e-07 -3.79355e-06 
3.65394e-07 -0.248464 0.516399 -0.267935 -3.65394e-07 -2.09055e-06 
9.46634e-08 -0.0696884 0.144835 -0.0751467 -9.46634e-08 -5.86338e-07 
3.5661e-07 -0.276735 0.57511 -0.298375 -3.5661e-07 -2.32373e-06 
5.07666e-07 -0.557635 1.15736 -0.599728 -5.07666e-07 -4.44023e-06 
-1.91003e-07 -0.251148 0.512224 -0.261075 1.91003e-07 -8.30551e-07 
-3.17308e-07 0.315844 -0.677404 0.36156 3.17308e-07 2.97244e-06 
3.53033e-06 0.0663472 -0.161964 0.0956163 -3.53034e-06 -7.77141e-06 
3.51884e-06 -0.247855 0.484436 -0.236581 -3.51883e-06 -9.49904e-06 
-1.46759e-05 -0.157299 0.251221 -0.093922 1.46757e-05 3.57363e-05 
4.65815e-05 -0.609258 0.95176 -0.342501 -4.66372e-05 -0.000111748 
-0.000653649 -0.432739 0.586505 -0.153675 0.000739883 -0.000166723 
-0.0020737 -0.131763 0.0813821 0.0506673 0.00234261 -0.000434029 
0.113442 -0.0785315 0.219386 -0.156509 -0.128168 0.0240489 
-0.173869 -0.00229413 -0.383913 0.354017 0.143589 0.0494752 
0.137804 0.185768 -0.254812 0.0204998 -0.183469 0.0745933 
-0.0430476 -0.108119 0.144989 -0.0181096 0.0606952 -0.0288284 
-0.00936277 -0.0222131 0.0296839 -0.00351264 0.0130861 -0.00608231 
-0.03139 -0.0707831 0.0942188 -0.0105227 0.043537 -0.0198428 
-0.0749479 -0.159069 0.210427 -0.0215374 0.102999 -0.045823 
-0.158268 -0.319607 0.419809 -0.0390234 0.215817 -0.0940082 
-0.25 -0.493305 0.644378 -0.0559479 0.339481 -0.146171 
-0.262685 -0.517043 0.670229 -0.0542375 0.355764 -0.152048 
-0.0562456 -0.129505 0.154674 -0.00491981 0.0752935 -0.0311149 
0.418561 0.763844 -1.02121 0.0986522 -0.567859 0.243883 
0.981061 1.81934 -2.40779 0.220182 -1.32749 0.565902 
1.27358 2.38243 -3.14498 0.347867 -1.66366 0.637218 
1.25377 2.3748 -3.13054 0.475035 -1.51783 0.431343 
1.08395 2.0995 -2.76352 0.636702 -1.10964 0.0419741 
0.714723 1.4635 -1.92093 0.814658 -0.378691 -0.548922 
0.163749 0.498605 -0.644746 1.00698 0.646028 -1.3228 
-0.449144 -0.584685 0.787441 1.17849 1.74936 -2.08179 
-0.86463 -1.33197 1.77634 1.24862 2.46208 -2.38337 
-1.08653 -1.74905 2.32964 1.22202 2.79393 -2.24527 
-1.13108 -1.86353 2.4837 1.10722 2.77719 -1.70653 
-1.01391 -1.70192 2.27351 0.912444 2.44289 -0.804707 
-0.750041 -1.28975 1.73273 0.645585 1.8209 0.424096 
-0.467669 -0.857066 1.17251 0.402294 1.22012 2.34614 
-0.0205021 -0.16039 0.26284 0.0227091 0.25772 5.06159 
0.456191 0.611615 -0.766201 -0.378746 -0.810036 7.06159 
0.495604 0.739633 -0.989675 -0.400643 -0.983016 5.55153 
0.0168391 0.0529532 -0.152439 0.0249894 -0.046654 0.600392 
-0.163654 -0.29616 0.345846 0.194564 0.332638 -2.04521 
0.134472 -0.0505776 0.195662 -0.0580628 -0.20089 -0.592312 
-0.065525 -0.0238204 -0.0304831 -0.0418199 0.0843637 0.712978 
-0.71919 -0.385216 -0.0399628 0.435518 1.19418 -0.590373 
1.2689 0.595162 -0.0273478 -0.557273 -2.09971 0.814248 
1.65414 0.78927 -0.0251185 -0.761965 -2.88689 0.995028 
1.38459 0.661932 -0.0182474 -0.644327 -2.71245 0.535172 
0.89432 0.426768 -0.0104558 -0.41755 -2.05012 0.0321499 
0.462231 0.219677 -0.00470762 -0.215912 -1.27093 -0.2079 
0.163395 0.0773048 -0.00144693 -0.076267 -0.522944 -0.152015 
0.10434 0.0492786 -0.000873527 -0.0486827 -0.351657 -0.11597 
0.346786 0.161678 -0.00174412 -0.161201 -1.58914 -0.83417 
-0.15795 -0.0893378 0.00882039 0.0790308 -2.30156 -2.85127 
-1.63978 -0.817742 0.0368855 0.780487 -2.15439 -6.27072 
-2.89043 -1.4409 0.0722139 1.36971 -1.40854 -8.0209 
-1.76809 -0.907978 0.0746731 0.833989 -0.848452 -3.81229 
-0.403076 -0.242138 0.0595164 0.182648 -0.436983 -0.249144 
0.66939 0.294721 0.0402791 -0.335255 0.329221 1.42295 
1.95882 0.975989 -0.0114766 -0.964684 2.03895 1.41155 
2.46247 1.26746 -0.0447999 -1.22262 2.76919 0.152571 
1.87852 0.97915 -0.0214327 -0.957668 1.55971 -0.847477 
0.956429 0.503618 0.0231719 -0.526826 -0.184676 -1.42302 
0.170557 0.0895655 0.0466758 -0.136289 -0.653525 -0.860977 
-0.485082 -0.263596 0.0486876 0.214923 0.0344032 0.663744 
-1.01746 -0.556605 0.035924 0.520803 1.46745 2.75742 
-1.34062 -0.739091 0.0199543 0.719319 2.75195 4.3863 
-1.3845 -0.76995 0.0103756 0.759692 3.14831 4.69608 
-1.32888 -0.747897 0.00577771 0.742096 3.14607 4.41724 
-1.32171 -0.761601 0.00492348 0.756348 3.1512 3.96493 
-0.922413 -0.567354 0.00802601 0.558502 2.08143 1.79069 
-0.170556 -0.158422 0.0133172 0.144482 0.284447 -0.443924 
0.936018 0.491702 0.0202763 -0.510943 -2.07026 -1.49397 
2.31607 1.34827 0.0278265 -1.37201 -4.72171 -0.614777 
2.40659 1.43564 0.0164985 -1.45045 -4.78088 0.213601 
1.60035 0.966437 -0.00359277 -0.966925 -3.13001 0.323502 
0.982664 0.60845 -0.0426606 -0.583262 -1.84114 0.201188 
-1.07832 -0.619844 -0.0655801 0.73241 2.58393 -0.238475 
0.260639 0.266287 -0.328358 -0.174849 -0.540141 -0.157057 
-0.045536 -0.0410597 0.146023 -0.0726751 0.090686 0.0193193 
0.890661 0.110651 1.69001 -0.511095 -0.390279 1.2889 
-0.844499 -0.0939178 -1.50134 0.361692 0.362245 -1.23151 
-1.12423 -0.133681 -2.00674 0.514815 0.49417 -1.62505 
-1.22641 -0.148708 -2.19083 0.569924 0.541769 -1.7695 
-1.08596 -0.13363 -1.94109 0.509127 0.480712 -1.56567 
-0.843663 -0.105285 -1.50886 0.39841 0.37385 -1.21587 
-0.583589 -0.0738383 -1.04432 0.277401 0.258755 -0.840877 
-0.345188 -0.0442055 -0.618014 0.164988 0.1531 -0.497313 
-0.135369 -0.017473 -0.242441 0.0649314 0.0600485 -0.195016 
-0.164863 -0.0213376 -0.295297 0.0791738 0.0731347 -0.237502 
-0.629156 -0.0830414 -1.12786 0.304782 0.27916 -0.90629 
-0.728402 -0.104568 -1.31067 0.366265 0.323258 -1.04918 
-0.267475 -0.0632896 -0.493576 0.171675 0.118703 -0.385266 
0.420384 0.00577546 0.738826 -0.139206 -0.186563 0.605515 
0.491606 0.0130615 0.901157 -0.206257 -0.21817 0.7081 
-0.117704 -0.0544262 -0.12534 0.0102614 0.052236 -0.169539 
-0.0761964 -0.0791781 -0.00233709 -0.0282149 0.0338153 -0.109752 
0.0238103 -0.339103 0.665112 -0.291722 -0.0105668 0.0342954 
1.85834e-06 -0.754201 1.45151 -0.697308 -8.18608e-07 2.74534e-06 
-5.77004e-08 -0.880014 1.7698 -0.889785 5.7704e-08 2.8563e-07 
3.70602e-08 -0.444972 0.912891 -0.467919 -3.70602e-08 -1.98176e-07 
1.54618e-22 -5.45303e-16 1.12317e-15 -5.77868e-16 -1.54618e-22 -8.38076e-22 
