0 0 0 0 0 0 
-0.000724925 0.00542276 -0.0119852 0.00656243 0.000724925 -1.12349e-08 
-0.0028761 0.021658 -0.0478528 0.0261948 0.0028761 -4.48505e-08 
-0.0062411 0.0484086 -0.106811 0.0584029 0.0062411 -1.00047e-07 
-0.00999387 0.0845188 -0.185783 0.101264 0.00999387 -1.73714e-07 
-0.0119866 0.126984 -0.276766 0.149782 0.0119866 -2.57765e-07 
-0.00779181 0.169428 -0.362879 0.193451 0.00779181 -3.35174e-07 
0.00864166 0.199787 -0.414 0.214213 -0.00864166 -3.76219e-07 
0.0317513 0.211301 -0.42023 0.208929 -0.0317513 -3.73787e-07 
0.0343973 0.20462 -0.404097 0.199477 -0.0343973 -3.58076e-07 
-0.0205328 0.183436 -0.402323 0.218887 0.0205328 -3.75734e-07 
-0.137216 0.156526 -0.437899 0.281373 0.137216 -4.41031e-07 
-0.232681 0.140209 -0.482838 0.342629 0.232681 -4.83693e-07 
-0.271127 0.138212 -0.51661 0.378398 0.271127 -4.75336e-07 
-0.264083 0.145774 -0.536223 0.390449 0.264083 -4.30325e-07 
-0.234591 0.157761 -0.548302 0.39054 0.234591 -3.67264e-07 
-0.196373 0.170827 -0.555604 0.384776 0.196373 -3.0006e-07 
-0.157883 0.182918 -0.559696 0.376779 0.157883 -2.37676e-07 
-0.123873 0.193003 -0.561737 0.368734 0.123873 -1.84826e-07 
-0.0965462 0.200742 -0.562559 0.361817 0.0965462 -1.43346e-07 
-0.076511 0.206198 -0.562743 0.356545 0.076511 -1.13331e-07 
-0.0635509 0.209616 -0.562672 0.353056 0.0635509 -9.40487e-08 
-0.0571989 0.211256 -0.562582 0.351326 0.0571989 -8.46286e-08 
-0.0532727 0.212256 -0.562506 0.35025 0.0532727 -7.88143e-08 
-0.0289097 0.218203 -0.561673 0.34347 0.0289097 -4.28241e-08 
0.0091738 0.225891 -0.558457 0.332565 -0.0091738 1.37843e-08 
0.0352122 0.226243 -0.55141 0.325168 -0.0352122 5.49007e-08 
0.0295893 0.214493 -0.544073 0.32958 -0.0295893 4.99752e-08 
0.00153076 0.200628 -0.550718 0.350089 -0.00153076 3.24192e-09 
-0.00996289 0.206654 -0.590919 0.384265 0.00996289 -3.6068e-08 
-0.00234301 0.229585 -0.656684 0.427099 0.00234301 -1.95727e-08 
0.00258661 0.250386 -0.725895 0.475509 -0.00258661 9.44787e-08 
-0.000697475 0.267975 -0.814846 0.546871 0.000697475 -3.3531e-07 
7.90123e-05 0.286404 -0.923564 0.63716 -7.90123e-05 2.51918e-06 
5.3199e-06 0.295118 -1.01339 0.71827 -5.3199e-06 -8.28939e-08 
-3.76516e-06 0.301712 -1.08541 0.783695 3.76516e-06 1.98949e-06 
2.783e-07 0.335976 -1.16631 0.830333 -2.783e-07 1.60098e-06 
-7.87564e-07 0.374619 -1.2679 0.893279 7.87564e-07 1.63925e-06 
-1.63426e-07 0.42281 -1.39847 0.975657 1.63426e-07 3.3918e-07 
-1.27497e-08 0.477488 -1.55847 1.08098 1.27497e-08 -2.54144e-08 
-2.48344e-07 0.526191 -1.71941 1.19322 2.48344e-07 5.61584e-07 
1.20636e-07 0.559558 -1.85056 1.291 -1.20636e-07 -3.58699e-07 
-1.42541e-08 0.580008 -1.95173 1.37172 1.42541e-08 -2.23033e-08 
6.23292e-09 0.590648 -2.02337 1.43272 -6.23292e-09 -7.35566e-08 
1.73372e-07 0.599327 -2.06879 1.46947 -1.73372e-07 -4.89146e-07 
-3.47989e-08 0.598437 -2.10404 1.5056 3.47989e-08 2.86585e-08 
-3.81918e-07 0.557654 -2.16313 1.60548 3.81918e-07 8.82318e-07 
-1.79489e-07 0.559147 -2.18516 1.62601 1.79489e-07 3.89178e-07 
-7.2419e-09 0.559215 -2.20128 1.64207 7.2419e-09 -3.23358e-08 
-1.4568e-07 0.533468 -2.22462 1.69115 1.4568e-07 3.02797e-07 
-4.38443e-07 0.493655 -2.2496 1.75595 4.38443e-07 1.01478e-06 
-6.87461e-07 0.453514 -2.27037 1.81686 6.87461e-07 1.62163e-06 
-7.36117e-07 0.403657 -2.28717 1.88351 7.36117e-07 1.74477e-06 
-4.51934e-07 0.370738 -2.28848 1.91774 4.51934e-07 1.06244e-06 
-7.78105e-07 0.354715 -2.30705 1.95233 7.78105e-07 1.86014e-06 
-5.83648e-07 0.343886 -2.34318 1.99929 5.83648e-07 1.3838e-06 
3.15725e-09 0.326777 -2.3553 2.02852 -3.15725e-09 -4.67556e-08 
-1.36704e-08 0.281368 -2.32613 2.04477 1.36704e-08 -3.00869e-09 
-3.35575e-08 0.265366 -2.34564 2.08028 3.35575e-08 4.52544e-08 
-1.66474e-08 0.25736 -2.3561 2.09874 1.66474e-08 4.1597e-09 
-1.39097e-08 0.254488 -2.35713 2.10264 1.39097e-08 -2.3251e-09 
-1.54603e-08 0.237668 -2.35044 2.11278 1.54603e-08 2.93723e-09 
3.53313e-09 0.200529 -2.3145 2.11397 -3.53313e-09 -4.37066e-08 
1.11652e-07 0.153106 -2.28907 2.13597 -1.11652e-07 -3.19566e-07 
1.01238e-07 0.0809103 -2.28298 2.20207 -1.01238e-07 -2.96519e-07 
6.40833e-08 -0.00865169 -2.26568 2.27433 -6.40833e-08 -2.05101e-07 
-9.22392e-09 -0.108545 -2.23923 2.34778 9.22392e-09 -3.34783e-09 
-5.47589e-09 -0.184375 -2.21294 2.39731 5.47589e-09 -1.26719e-08 
2.18768e-08 -0.245183 -2.18943 2.43461 -2.18768e-08 -9.2482e-08 
-5.29628e-09 -0.275133 -2.20006 2.4752 5.29628e-09 -1.23917e-08 
-1.74156e-08 -0.302463 -2.21745 2.51992 1.74156e-08 2.36391e-08 
-3.52276e-09 -0.321632 -2.2097 2.53133 3.52276e-09 -1.78383e-08 
1.37027e-08 -0.331487 -2.18977 2.52126 -1.37027e-08 -6.94362e-08 
2.3211e-08 -0.340373 -2.17441 2.51478 -2.3211e-08 -9.78026e-08 
4.81193e-09 -0.365736 -2.17682 2.54255 -4.81193e-09 -4.18086e-08 
-8.50043e-09 -0.389322 -2.17555 2.56487 8.50043e-09 -1.95744e-09 
2.44744e-09 -0.400725 -2.15251 2.55324 -2.44744e-09 -3.52883e-08 
6.50521e-09 -0.407829 -2.13465 2.54248 -6.50521e-09 -4.71159e-08 
-6.54415e-09 -0.425873 -2.10182 2.52769 6.54415e-09 -5.45258e-09 
2.42333e-08 -0.457646 -2.04552 2.50317 -2.42333e-08 -1.05563e-07 
1.43978e-08 -0.502982 -1.96236 2.46534 -1.43978e-08 -7.47906e-08 
2.66052e-09 -0.563501 -1.84926 2.41276 -2.66052e-09 -3.48971e-08 
-5.73736e-09 -0.638739 -1.70603 2.34476 5.73736e-09 -2.25069e-09 
5.35136e-09 -0.728127 -1.53285 2.26097 -5.35136e-09 -4.6413e-08 
3.46385e-08 -0.831112 -1.33017 2.16129 -3.46385e-08 -1.80276e-07 
4.44612e-09 -0.933502 -1.12602 2.05953 -4.44612e-09 -4.43515e-08 
-4.28877e-09 -1.02059 -0.95066 1.97125 4.28877e-09 -1.81457e-09 
-4.2765e-09 -1.09307 -0.803613 1.89668 4.2765e-09 -1.23733e-09 
-5.42628e-09 -1.15181 -0.683797 1.83561 5.42628e-09 5.55888e-09 
-3.2028e-09 -1.1982 -0.588725 1.78692 3.2028e-09 -6.16267e-09 
4.61191e-09 -1.23374 -0.515613 1.74935 -4.61191e-09 -4.84522e-08 
1.07209e-08 -1.25603 -0.469698 1.72573 -1.07209e-08 -8.15582e-08 
1.28424e-08 -1.26353 -0.454262 1.71779 -1.28424e-08 -9.30577e-08 
