-0 0 -0 0 0 -0 
-0.0142738 0.106868 -0.236187 0.129319 0.0142738 -2.21396e-07 
-0.0278497 0.21276 -0.469774 0.257013 0.0278497 -4.40165e-07 
-0.0372386 0.312795 -0.68776 0.374965 0.0372386 -6.43167e-07 
-0.0333686 0.39428 -0.856345 0.462065 0.0333686 -7.96243e-07 
0.0012063 0.432809 -0.910526 0.477717 -0.0012063 -8.33701e-07 
0.0923423 0.379321 -0.726826 0.347505 -0.0923423 -6.33317e-07 
0.227578 0.208048 -0.260695 0.0526466 -0.227578 -1.58669e-07 
0.182099 0.0203119 0.0992059 -0.119518 -0.182099 1.55016e-07 
-0.191735 -0.145477 0.156871 -0.0113937 0.191735 7.61803e-08 
-0.936741 -0.260867 -0.18216 0.443027 0.936741 -4.89141e-07 
-1.16633 -0.231426 -0.450788 0.682214 1.16633 -6.33743e-07 
-0.667551 -0.0866538 -0.404113 0.490767 0.667551 -1.68785e-07 
-0.113002 0.0384476 -0.256818 0.21837 0.113002 3.04263e-07 
0.208203 0.102813 -0.148948 0.0461351 -0.208203 5.58108e-07 
0.351219 0.127859 -0.092547 -0.0353121 -0.351219 6.60885e-07 
0.388443 0.126378 -0.0539431 -0.0724351 -0.388443 6.49336e-07 
0.362634 0.110305 -0.0286168 -0.0816884 -0.362634 5.7282e-07 
0.304283 0.0879803 -0.0129687 -0.0750116 -0.304283 4.6609e-07 
0.233495 0.0646999 -0.00417801 -0.0605219 -0.233495 3.51535e-07 
0.161877 0.0432693 -6.15118e-05 -0.0432078 -0.161877 2.41426e-07 
0.0944159 0.0245546 0.00106797 -0.0256226 -0.0944159 1.40155e-07 
0.031369 0.0080348 0.000542689 -0.00857749 -0.031369 4.64786e-08 
0.125091 0.0317162 0.00264273 -0.0343589 -0.125091 1.85158e-07 
0.339429 0.0791332 0.0164931 -0.0956263 -0.339429 5.00966e-07 
0.360902 0.0543914 0.0503363 -0.104728 -0.360902 5.4577e-07 
0.117709 -0.0565751 0.0838068 -0.0272316 -0.117709 2.11454e-07 
-0.217992 -0.159907 0.0368801 0.123027 0.217992 -3.08572e-07 
-0.250804 -0.0665295 -0.209759 0.276289 0.250804 -5.17623e-07 
0.0088813 0.169556 -0.559912 0.390356 -0.0088813 -1.92805e-07 
0.100825 0.244045 -0.682753 0.438708 -0.100825 6.17023e-07 
-0.0158217 0.173098 -0.75045 0.577352 0.0158217 1.0218e-06 
0.00604849 0.21358 -1.05761 0.844028 -0.00604849 -6.36167e-06 
-0.00554388 0.13242 -0.996242 0.863822 0.00554388 2.72349e-05 
0.000728015 -0.0076754 -0.747798 0.755473 -0.000728015 -8.89874e-06 
-9.74015e-05 0.248521 -0.737124 0.488602 9.74015e-05 2.05736e-05 
2.68079e-05 0.346699 -0.865118 0.518419 -2.68079e-05 -3.50477e-05 
-1.37447e-05 0.439592 -1.14578 0.706193 1.37447e-05 5.91182e-05 
3.15591e-05 0.512711 -1.43215 0.919437 -3.15591e-05 -7.63962e-05 
-7.75759e-07 0.550066 -1.69671 1.14664 7.75759e-07 1.8789e-06 
-5.47829e-06 0.401266 -1.44051 1.03925 5.47829e-06 1.36648e-05 
-5.99751e-06 0.260449 -1.14444 0.883997 5.99751e-06 1.49586e-05 
-7.09572e-08 0.149407 -0.850887 0.701478 7.09572e-08 1.767e-07 
2.46271e-06 0.0322956 -0.574445 0.542149 -2.46271e-06 -6.15797e-06 
-4.48747e-07 0.140282 -0.323365 0.183083 4.48747e-07 1.15953e-06 
-4.08535e-06 -0.275469 -0.511014 0.786482 4.08535e-06 1.00736e-05 
5.71518e-08 -0.18213 -0.395474 0.577604 -5.71518e-08 -1.15157e-07 
2.57936e-06 0.0741101 -0.148608 0.0744993 -2.57936e-06 -6.29687e-06 
3.35749e-07 -0.112309 -0.187625 0.299935 -3.35749e-07 -8.39669e-07 
-2.64175e-06 -0.363297 -0.256999 0.620296 2.64175e-06 6.41764e-06 
-2.7743e-06 -0.392431 -0.222903 0.615333 2.7743e-06 6.75304e-06 
-2.34326e-06 -0.47262 -0.218454 0.691073 2.34326e-06 5.72205e-06 
2.17801e-06 -0.443834 -0.0705975 0.51443 -2.17801e-06 -5.22159e-06 
7.99637e-07 -0.212711 -0.0345102 0.247221 -7.99637e-07 -1.86522e-06 
-4.06636e-06 -0.116793 -0.31942 0.436214 4.06636e-06 9.8931e-06 
6.40087e-06 -0.112509 -0.281978 0.394486 -6.40087e-06 -1.5616e-05 
4.44141e-06 -0.325471 0.116586 0.208884 -4.44141e-06 -1.08113e-05 
-1.38127e-06 -0.302282 0.00372131 0.298561 1.38127e-06 3.37688e-06 
2.3954e-07 -0.0987665 -0.196124 0.29489 -2.3954e-07 -5.86424e-07 
6.71374e-08 -0.0517741 -0.0298214 0.0815956 -6.71374e-08 -1.60806e-07 
3.97953e-08 -0.062129 -0.00994164 0.0720709 -3.97953e-08 -9.23443e-08 
-1.09111e-07 -0.28894 0.210536 0.0784054 1.09111e-07 2.90184e-07 
8.73584e-07 -0.370766 0.377636 -0.00687186 -8.73584e-07 -2.19528e-06 
6.80826e-07 -0.63804 0.0968667 0.541174 -6.80826e-07 -1.7985e-06 
-9.1985e-07 -0.750728 0.0992878 0.651441 9.1985e-07 2.39026e-06 
7.87007e-07 -1.03503 0.22731 0.807715 -7.87007e-07 -2.16899e-06 
-9.35217e-07 -0.858617 0.253564 0.605054 9.35217e-07 2.59292e-06 
4.33788e-07 -0.701108 0.30631 0.394798 -4.33788e-07 -1.2395e-06 
-6.23987e-08 -0.419802 0.0573587 0.362444 6.23987e-08 1.80592e-07 
-2.89213e-07 -0.253143 -0.202306 0.455449 2.89213e-07 8.554e-07 
3.73454e-08 -0.248853 -0.0709812 0.319834 -3.73454e-08 -1.09948e-07 
1.97832e-07 -0.129547 0.196328 -0.06678 -1.97832e-07 -5.92494e-07 
1.21812e-07 -0.0734137 0.161729 -0.0883145 -1.21812e-07 -3.64623e-07 
5.51852e-08 -0.144542 0.156951 -0.0124084 -5.51852e-08 -1.61941e-07 
-3.39234e-07 -0.307523 -0.156735 0.464256 3.39234e-07 1.02566e-06 
8.07079e-08 -0.154993 0.194938 -0.0399443 -8.07079e-08 -2.49577e-07 
8.4241e-08 -0.081255 0.209359 -0.128103 -8.4241e-08 -2.5329e-07 
-5.04065e-09 -0.100075 0.228611 -0.128536 5.04065e-09 2.6213e-08 
-1.61416e-07 -0.256161 0.41076 -0.154599 1.61416e-07 5.02771e-07 
5.14446e-07 -0.372691 0.691741 -0.31905 -5.14446e-07 -1.69757e-06 
-4.14684e-07 -0.521283 0.966546 -0.445266 4.14684e-07 1.38024e-06 
-1.71979e-07 -0.670062 1.26352 -0.593457 1.71979e-07 6.15865e-07 
-4.9165e-07 -0.812188 1.5598 -0.74761 4.9165e-07 1.89318e-06 
-2.68354e-07 -0.949223 1.85371 -0.904484 2.68354e-07 1.1517e-06 
-2.85895e-07 -1.0691 2.11884 -1.04974 2.85895e-07 1.17479e-06 
-4.73271e-07 -0.932902 1.87056 -0.937659 4.73271e-07 2.26003e-06 
-1.96813e-08 -0.785628 1.58859 -0.802957 1.96813e-08 1.02611e-07 
1.19227e-08 -0.649585 1.32209 -0.672505 -1.19227e-08 -5.74725e-08 
-2.068e-08 -0.50427 1.03096 -0.526693 2.068e-08 1.17011e-07 
6.60873e-08 -0.410095 0.84265 -0.432556 -6.60873e-08 -3.56692e-07 
7.57402e-08 -0.289673 0.596387 -0.306714 -7.57402e-08 -4.10342e-07 
4.16511e-08 -0.147599 0.304005 -0.156406 -4.16511e-08 -2.25756e-07 
5.50825e-23 -1.94264e-16 4.0013e-16 -2.05865e-16 -5.50825e-23 -2.98565e-22 
