-0.140907 1.05358 -2.32864 1.27506 0.140907 -2.18288e-06 
-0.139761 1.05198 -2.32437 1.27239 0.139761 -2.17856e-06 
-0.122567 1.02792 -2.26031 1.23238 0.122567 -2.11382e-06 
-0.0480585 0.923687 -1.98269 1.05901 0.0480585 -1.83326e-06 
0.15254 0.643047 -1.23528 0.592233 -0.15254 -1.07791e-06 
0.575517 0.0512973 0.340699 -0.391996 -0.575517 5.14805e-07 
1.20189 -1.28084 3.63448 -2.35364 -1.20189 3.75281e-06 
0.81596 -1.8767 4.5884 -2.7117 -0.81596 4.49078e-06 
-1.89837 -1.79332 2.29646 -0.503143 1.89837 1.43517e-06 
-5.55448 -1.42286 -1.33434 2.7572 5.55448 -3.17863e-06 
-7.16392 -0.685278 -4.23749 4.92277 7.16392 -5.77796e-06 
2.99917 1.23197 -0.632626 -0.599345 -2.99917 2.96334e-06 
5.8847 1.45141 1.21314 -2.66455 -5.8847 5.28714e-06 
4.58274 0.937328 1.50767 -2.445 -4.58274 3.59943e-06 
2.10527 0.426732 0.660961 -1.08769 -2.10527 1.77889e-06 
0.806958 0.0932971 0.45992 -0.553217 -0.806958 3.55381e-07 
-0.00328816 -0.102974 0.308417 -0.205443 0.00328816 -5.02318e-07 
-0.455666 -0.200237 0.196689 0.00354787 0.455666 -9.49207e-07 
-0.661804 -0.231209 0.116367 0.114842 0.661804 -1.11819e-06 
-0.714767 -0.223163 0.0604722 0.162691 0.714767 -1.12005e-06 
-0.689051 -0.197932 0.023418 0.174514 0.689051 -1.0435e-06 
-0.640583 -0.171907 0.00101088 0.170897 0.640583 -9.55109e-07 
-0.606727 -0.156039 -0.00955061 0.16559 0.606727 -8.99364e-07 
2.47171 0.616078 0.0676904 -0.683768 -2.47171 3.65306e-06 
1.51946 0.23243 0.226668 -0.459097 -1.51946 2.24787e-06 
-1.27374 -0.765627 0.413258 0.35237 1.27374 -1.61472e-06 
-3.28754 -1.28791 0.121093 1.16682 3.28754 -4.71955e-06 
-2.50507 -0.314276 -1.29951 1.61379 2.50507 -4.48923e-06 
2.49911 2.46659 -3.78416 1.31757 -2.49911 1.15308e-06 
1.97346 1.74956 -2.63165 0.88209 -1.97346 5.24524e-06 
-0.427944 -0.526905 0.549612 -0.0227076 0.427944 1.11129e-05 
-1.39581 -0.78507 -1.44809 2.23316 1.39581 -3.47785e-05 
0.909993 0.643397 -3.33745 2.69406 -0.909993 0.000321103 
0.00408914 -0.483121 1.99969 -1.51657 -0.00408914 -0.00151378 
-0.0373746 -1.87139 2.65084 -0.779457 0.0373746 0.00130992 
0.00619086 3.3994 -0.518838 -2.88056 -0.00619086 -0.000342618 
-0.0016729 -0.160256 -2.37098 2.53125 0.0016729 -0.000424613 
-0.000119281 0.910897 -2.875 1.9641 0.000119281 0.000355748 
-0.00131762 0.594751 -2.73516 2.1403 0.00131762 0.00323016 
-6.5949e-05 -0.425094 -0.830952 1.25617 6.5949e-05 0.000161788 
0.000693364 -1.49972 2.89583 -1.39621 -0.000693364 -0.00172934 
9.96837e-06 -1.24025 2.98767 -1.74734 -9.96837e-06 -2.48551e-05 
-2.65958e-05 -0.546147 2.99636 -2.45015 2.65958e-05 6.64756e-05 
3.5673e-05 -0.546782 1.7545 -1.20776 -3.5673e-05 -8.90109e-05 
-3.9561e-05 -1.15459 1.25784 -0.103242 3.9561e-05 9.83315e-05 
-5.16812e-05 -8.74967 -5.75667 14.5063 5.16812e-05 0.000125588 
7.85376e-05 7.19396 5.68062 -12.8745 -7.85376e-05 -0.000192164 
-5.49273e-06 -0.463806 0.248627 0.215182 5.49273e-06 1.32175e-05 
-3.40468e-05 -2.81602 -0.84565 3.66166 3.40468e-05 8.29236e-05 
-1.3516e-05 -1.26644 -0.102216 1.36865 1.3516e-05 3.30226e-05 
7.60423e-06 0.460401 0.646988 -1.10739 -7.60423e-06 -1.83897e-05 
1.02739e-05 -1.87104 -0.146577 2.01761 -1.02739e-05 -2.46432e-05 
5.10101e-05 1.8431 2.11146 -3.95455 -5.10101e-05 -0.00012352 
-0.00010032 1.50294 -2.42472 0.921816 0.00010032 0.000243457 
6.16653e-05 0.502483 -2.27236 1.76985 -6.16653e-05 -0.000150841 
1.30833e-05 -0.441212 3.00223 -2.56102 -1.30833e-05 -3.16475e-05 
-9.87978e-05 -5.54427 8.98727 -3.44295 9.87978e-05 0.00024141 
4.69318e-05 5.66684 -10.7149 5.048 -4.69318e-05 -0.000115056 
5.09444e-07 0.392869 1.82612 -2.21898 -5.09444e-07 -1.14823e-06 
-1.63096e-06 0.745563 0.871958 -1.61752 1.63096e-06 3.95669e-06 
3.19732e-07 -1.61375 0.197093 1.41666 -3.19732e-07 -6.3827e-07 
-1.14999e-06 -2.62456 3.96932 -1.34476 1.14999e-06 2.86578e-06 
1.50883e-05 -0.105125 -1.39815 1.50323 -1.50883e-05 -3.8351e-05 
-1.40638e-05 -3.29176 -2.3569 5.64872 1.40638e-05 3.50653e-05 
-1.25333e-05 -2.14151 1.72952 0.411959 1.25333e-05 3.33886e-05 
-4.08223e-06 -3.0191 1.38594 1.63319 4.08223e-06 1.27213e-05 
3.37541e-05 3.25186 -0.92311 -2.32884 -3.37541e-05 -9.16797e-05 
7.53895e-07 0.15874 0.883397 -1.04211 -7.53895e-07 -3.28606e-06 
-8.31532e-06 4.3691 -4.66372 0.294621 8.31532e-06 2.45813e-05 
2.60326e-06 -0.532015 -0.824118 1.35612 -2.60326e-06 -7.6212e-06 
2.55986e-06 0.978857 2.86864 -3.84748 -2.55986e-06 -7.64518e-06 
1.38736e-07 0.899472 1.0637 -1.96317 -1.38736e-07 -4.30478e-07 
-1.0965e-06 0.368651 -1.06323 0.694572 1.0965e-06 3.29215e-06 
-2.66187e-06 -1.72696 -1.50439 3.23134 2.66187e-06 8.0611e-06 
1.71358e-06 0.981042 1.07435 -2.05538 -1.71358e-06 -5.28042e-06 
2.14758e-06 1.16493 2.04385 -3.20877 -2.14758e-06 -6.45778e-06 
-9.73685e-07 0.469605 -0.976205 0.506597 9.73685e-07 3.00716e-06 
-1.89638e-06 -1.41766 2.35395 -0.936292 1.89638e-06 6.00819e-06 
4.69029e-06 -1.30735 1.98118 -0.673809 -4.69029e-06 -1.50928e-05 
-8.29796e-06 -1.37531 1.92007 -0.544859 8.29796e-06 2.47016e-05 
1.83804e-05 -1.48471 2.92488 -1.43997 -1.83804e-05 -6.30901e-05 
2.20718e-05 -1.40529 2.87543 -1.46971 -2.20718e-05 -7.78578e-05 
4.49189e-05 -1.41125 2.98145 -1.57054 -4.49189e-05 -0.000172286 
-4.52748e-05 -1.27667 2.78111 -1.5041 4.52748e-05 0.00018894 
-4.70745e-05 -0.216451 0.714756 -0.498523 4.70745e-05 0.000216063 
-1.03549e-05 1.47514 -2.77761 1.30239 1.03549e-05 4.85689e-05 
-5.37484e-07 1.39392 -2.70686 1.3128 5.37484e-07 2.58516e-06 
-2.24114e-07 1.17203 -2.31409 1.14212 2.24114e-07 1.12592e-06 
5.52851e-07 1.45428 -2.92102 1.46672 -5.52851e-07 -3.02441e-06 
5.55625e-07 1.23066 -2.49824 1.26759 -5.55625e-07 -3.0391e-06 
-2.14241e-07 1.31129 -2.69453 1.38323 2.14241e-07 1.15647e-06 
-4.00564e-07 1.44743 -2.98091 1.53347 4.00564e-07 2.17088e-06 
-4.12985e-07 1.45651 -3 1.54349 4.12985e-07 2.23851e-06 
