0 0 -0 -0 -0 -0 
0.0499229 0.0728251 -0.126722 0.0538975 -0.0499229 1.91561e-06 
0.0260349 0.0631461 -0.127338 0.0641916 -0.0260349 6.10394e-07 
0.046155 0.20874 -0.653631 0.444891 -0.046155 3.78474e-07 
0.00762507 0.434943 -1.19971 0.764772 -0.00762507 3.19213e-07 
0.0237009 0.254266 -0.591371 0.337104 -0.0237009 2.40315e-07 
0.0914434 0.370557 -0.833548 0.462993 -0.0914434 -2.39785e-07 
0.128863 0.307818 -0.707365 0.399547 -0.128863 6.19078e-09 
0.2046 0.350558 -0.830413 0.479854 -0.2046 -2.55984e-08 
0.151578 0.186107 -0.457453 0.271346 -0.151578 -6.97063e-07 
0.569042 0.417108 -1.09634 0.679235 -0.569042 1.07789e-06 
1.15571 0.217945 -0.688771 0.470827 -1.15571 -1.83924e-06 
1.46077 -0.0363029 0.125338 -0.0890321 -1.46077 -1.48669e-08 
0.691214 -0.101449 0.319731 -0.218283 -0.691214 4.85686e-08 
0.342629 -0.242596 0.696749 -0.454155 -0.342629 -2.93942e-06 
0.445246 -0.588063 1.473 -0.884932 -0.445246 -9.302e-08 
0.306645 -0.899891 2.03642 -1.13653 -0.306645 -2.82572e-06 
0.0982263 -0.59427 1.2909 -0.696627 -0.0982263 -6.99421e-07 
0.030078 -0.364749 0.778858 -0.41411 -0.030078 -6.91945e-08 
3.04031e-17 -3.90065e-16 8.32154e-16 -4.42089e-16 -3.04031e-17 -1.95876e-22 
