0 0 0 0 0 0 
6.99003e-05 0.0680403 -0.143013 0.0749726 -6.99003e-05 -1.34576e-07 
0.000198945 0.20012 -0.421582 0.221461 -0.000198945 -3.81326e-07 
0.000204788 0.181058 -0.377874 0.196817 -0.000204788 -3.99058e-07 
1.63848e-05 0.240476 -0.544296 0.303819 -1.63848e-05 -1.79769e-08 
-9.20525e-07 0.32464 -0.853935 0.529296 9.20525e-07 -6.11932e-07 
2.69351e-07 0.35373 -1.08258 0.728849 -2.69351e-07 -7.828e-07 
-8.47391e-08 0.363074 -1.16461 0.801541 8.47391e-08 1.31303e-07 
2.25003e-07 0.336703 -1.17102 0.834319 -2.25003e-07 -6.0513e-07 
-3.09305e-06 0.475903 -1.51686 1.04095 3.09305e-06 7.5071e-06 
-3.56604e-06 0.286741 -1.13945 0.852709 3.56604e-06 8.66796e-06 
-2.98979e-06 0.0171482 -0.58393 0.566782 2.98979e-06 7.26156e-06 
-2.21148e-06 -0.244019 -0.0427479 0.286767 2.21148e-06 5.36014e-06 
-1.54796e-06 -0.445831 0.376286 0.0695451 1.54796e-06 3.73862e-06 
-1.10309e-06 -0.576512 0.647829 -0.0713167 1.10309e-06 2.65121e-06 
-8.80897e-07 -0.641141 0.782149 -0.141008 8.80897e-07 2.10803e-06 
-8.02864e-07 -0.663806 0.829256 -0.16545 8.02864e-07 1.91725e-06 
-3.67023e-07 -0.791033 1.09364 -0.302609 3.67023e-07 8.51524e-07 
2.0749e-07 -0.973204 1.47145 -0.498246 -2.0749e-07 -5.54444e-07 
2.64397e-07 -1.03934 1.60539 -0.566049 -2.64397e-07 -6.96606e-07 
-3.66729e-08 -0.944618 1.40173 -0.45711 3.66729e-08 4.1737e-08 
9.18996e-07 -0.91847 1.33954 -0.421072 -9.18996e-07 -2.27062e-06 
1.87164e-06 -0.993133 1.48187 -0.488741 -1.87164e-06 -4.58242e-06 
3.46133e-06 -1.056 1.58293 -0.526938 -3.46135e-06 -8.4343e-06 
1.69759e-06 -1.25816 1.89208 -0.63392 -1.69418e-06 -4.17768e-06 
-5.13384e-05 -1.416 2.08538 -0.669357 7.21861e-05 1.63507e-05 
0.000193642 -1.50041 2.13989 -0.639555 -0.000269325 -7.71748e-05 
0.00324985 -1.5608 2.18948 -0.629958 -0.00452254 -0.00128158 
0.0127084 -1.60184 2.18941 -0.592561 -0.0176863 -0.00500553 
0.0619063 -1.52433 2.07747 -0.577456 -0.0861559 -0.0243796 
0.04623 -1.56363 2.12577 -0.5803 -0.0643389 -0.0182062 
0.0433933 -1.56989 2.13381 -0.580965 -0.060391 -0.0170891 
0.0357195 -1.58658 2.15537 -0.582812 -0.0497113 -0.0140671 
0.0181214 -1.62411 2.2042 -0.587201 -0.0252198 -0.00713698 
-0.0167839 -1.69711 2.29992 -0.596217 0.0233585 0.00660876 
-0.0757151 -1.8189 2.46042 -0.611783 0.105374 0.0298159 
-0.15252 -1.97733 2.66945 -0.632216 0.212265 0.0600617 
-0.219232 -2.11708 2.8529 -0.649725 0.305109 0.086333 
-0.214751 -2.11707 2.84866 -0.647259 0.298872 0.0845683 
-0.0730394 -1.8453 2.48048 -0.606501 0.10165 0.0287628 
0.228117 -1.25711 1.68871 -0.519418 -0.31571 -0.0880582 
0.622137 -0.480575 0.645657 -0.386468 -0.842959 -0.221995 
1.01906 0.310511 -0.414998 -0.21178 -1.33452 -0.317136 
1.36878 1.0208 -1.36484 0.0110879 -1.70088 -0.333865 
1.61421 1.54172 -2.05755 0.288518 -1.84094 -0.227936 
1.69138 1.75112 -2.3286 0.624467 -1.64451 0.0471223 
1.56635 1.58304 -2.08952 1.01465 -1.05942 0.5095 
1.288 1.12656 -1.46183 1.43223 -0.193424 1.09954 
0.9196 0.497686 -0.603442 1.84636 0.817864 1.74398 
0.52489 -0.18672 0.326503 2.22596 1.83781 2.36901 
0.168097 -0.808901 1.16767 2.53972 2.72876 2.90026 
-0.0871078 -1.25213 1.76117 2.75671 3.35435 3.26415 
-0.238072 -1.50762 2.09068 2.88983 3.71864 3.46462 
-0.153959 -1.35845 1.86459 2.83507 3.5067 3.3288 
0.0808458 -1.01939 1.42357 2.66145 2.96577 3.08609 
0.0877784 -1.06616 1.51363 2.65262 2.97328 3.14212 
-0.152546 -1.25135 1.63038 2.78514 3.40678 3.06718 
-0.262174 -1.3044 1.60891 2.85304 3.58477 2.97982 
0.111069 -1.11236 1.56181 2.6899 2.95598 3.21644 
1.02811 -0.670468 1.53985 2.26589 1.31394 3.7297 
1.73878 -0.335818 1.53936 1.93553 -0.382233 3.67859 
1.87743 -0.277342 1.54654 1.87309 -1.53253 2.79092 
1.60884 -0.413682 1.55515 2.00181 -2.17546 1.44582 
1.20721 -0.613498 1.56409 2.19265 -2.55694 0.0795141 
0.819744 -0.805889 1.57244 2.37627 -2.78639 -1.06026 
0.512289 -0.958934 1.57956 2.52177 -2.92753 -1.89171 
0.301629 -1.06427 1.58498 2.62135 -3.01462 -2.42852 
0.180927 -1.12492 1.58843 2.67836 -3.06382 -2.72298 
0.138093 -1.14652 1.58974 2.69859 -3.08156 -2.82482 
0.0889342 -1.17136 1.59131 2.72179 -3.10231 -2.93977 
-0.0621531 -1.2483 1.59677 2.79303 -3.17115 -3.27694 
-0.257664 -1.35005 1.60636 2.88493 -3.28088 -3.65981 
-0.40482 -1.43161 1.61959 2.95314 -3.39963 -3.85544 
-0.388161 -1.43476 1.63394 2.94206 -3.4412 -3.6925 
-0.0854129 -1.29345 1.64297 2.79202 -3.22297 -3.22327 
0.591817 -0.953132 1.63665 2.45821 -2.49051 -2.84964 
1.48787 -0.490676 1.62101 2.01134 -1.52371 -2.87762 
2.10623 -0.1673 1.61898 1.68988 -1.16985 -3.3225 
2.30986 -0.0598608 1.63353 1.56786 -1.37685 -3.78947 
2.19946 -0.120078 1.65265 1.60898 -1.46859 -3.73592 
1.82316 -0.325818 1.668 1.79943 -0.972409 -2.762 
1.27151 -0.630126 1.67618 2.09564 0.161143 -0.960437 
0.70864 -0.944083 1.67988 2.40593 1.45643 0.941803 
0.237457 -1.21138 1.68169 2.67136 2.57845 2.46122 
-0.100239 -1.40893 1.68323 2.86723 3.37464 3.38916 
-0.327253 -1.55048 1.68557 3.00622 3.88207 3.79255 
-0.389015 -1.60228 1.68916 3.05425 3.99558 3.71289 
-0.200375 -1.50892 1.69449 2.95571 3.56707 3.32474 
0.334532 -1.20423 1.70203 2.64438 2.4537 3.00825 
1.15721 -0.717762 1.70966 2.15137 0.803559 2.9803 
1.95155 -0.240383 1.71119 1.67164 -0.760026 3.10978 
2.30571 -0.0225811 1.70002 1.46037 -1.43126 3.18392 
2.25011 -0.0498127 1.68322 1.50187 -1.27199 3.16505 
2.1181 -0.126055 1.67778 1.59487 -0.937749 3.13961 
2.13853 -0.112097 1.68006 1.59789 -0.893277 3.15553 
2.16295 -0.0683234 1.59082 1.57321 -0.973695 3.09886 
2.13629 -0.0766119 1.587 1.56116 -0.951605 3.07281 
2.27229 -0.0652885 1.87074 1.4776 -1.0007 3.28227 
2.38826 -0.0509196 2.09151 1.41054 -1.0514 3.45024 
2.40942 -0.0474619 2.13311 1.39457 -1.06178 3.47952 
2.40834 -0.0473986 2.13169 1.39403 -1.06155 3.47767 
2.40508 -0.0475739 2.12636 1.39443 -1.06039 3.47263 
2.39037 -0.0488735 2.10096 1.39904 -1.05452 3.45065 
2.34479 -0.0536465 2.02047 1.41717 -1.03537 3.3837 
2.23168 -0.0664089 1.81915 1.46638 -0.986592 3.21906 
1.99235 -0.0945199 1.39216 1.57478 -0.881846 2.87256 
1.58744 -0.143176 0.669105 1.76173 -0.703348 2.2879 
1.03533 -0.210797 -0.317566 2.01986 -0.459103 1.49172 
0.465136 -0.282416 -1.33761 2.28994 -0.206372 0.670036 
0.0168366 -0.341609 -2.14127 2.50713 -0.00747194 0.024251 
-0.203042 -0.375828 -2.53832 2.62175 0.090108 -0.292458 
-0.21932 -0.388416 -2.57217 2.64475 0.0973322 -0.315905 
-0.0670293 -0.384306 -2.3024 2.59018 0.029747 -0.0965479 
0.0629412 -0.384999 -2.05712 2.53276 -0.0279327 0.0906594 
-0.00949521 -0.425963 -2.12064 2.53293 0.00421389 -0.0136767 
0.000319934 -0.491025 -1.98382 2.4753 -0.000141999 0.000460673 
-9.62077e-09 -0.667801 -1.65004 2.31784 7.66724e-09 -5.13077e-09 
-6.51372e-09 -0.975426 -1.04178 2.01721 6.51383e-09 8.19045e-09 
-4.75705e-09 -1.18639 -0.612962 1.79936 4.75705e-09 2.2075e-09 
1.28424e-08 -1.26353 -0.454262 1.71779 -1.28424e-08 -9.30577e-08 
