0 0 -0 0 -0 -0 
0.000404234 0.394818 -0.830059 0.435242 -0.000404234 -7.77903e-07 
0.000116159 0.166082 -0.356882 0.1908 -0.000116159 -2.09748e-07 
0.000132368 -0.0174027 0.0580882 -0.0406855 -0.000132368 -2.93157e-07 
-0.000706492 0.254696 -0.758118 0.503422 0.000706492 9.5247e-07 
3.57188e-05 0.210523 -1.03888 0.828362 -3.57188e-05 -1.13038e-06 
-1.32208e-06 0.0646869 -0.546142 0.481454 1.32208e-06 2.52762e-06 
6.31976e-07 -0.0822953 0.0257059 0.0565894 -6.31976e-07 -1.2887e-06 
-5.71217e-06 0.409784 -1.05486 0.645077 5.71217e-06 1.39114e-05 
-5.85986e-06 -0.278041 0.47864 -0.200599 5.85986e-06 1.43473e-05 
8.65069e-07 -0.726 1.48653 -0.760535 -8.65069e-07 -2.10597e-06 
2.26998e-06 -0.837608 1.73256 -0.894955 -2.26998e-06 -5.54404e-06 
2.26057e-06 -0.709376 1.47195 -0.762572 -2.26057e-06 -5.52372e-06 
1.68439e-06 -0.499826 1.03837 -0.538543 -1.68439e-06 -4.11685e-06 
9.93534e-07 -0.289577 0.601814 -0.312236 -9.93534e-07 -2.42872e-06 
3.54649e-07 -0.103021 0.214116 -0.111095 -3.54649e-07 -8.67039e-07 
6.36037e-07 -0.184742 0.383961 -0.199219 -6.36037e-07 -1.55503e-06 
1.83822e-06 -0.542372 1.12678 -0.584405 -1.83822e-06 -4.49565e-06 
1.18834e-06 -0.44874 0.926988 -0.478249 -1.18834e-06 -2.91279e-06 
-8.29202e-07 0.0850577 -0.19269 0.107632 8.29201e-07 2.01955e-06 
8.59095e-08 0.336631 -0.723057 0.386425 -8.59088e-08 -1.7745e-07 
5.48229e-06 -0.176559 0.340324 -0.163764 -5.48228e-06 -1.3294e-05 
-5.44631e-06 -0.0833974 0.116324 -0.0329268 5.44631e-06 1.32037e-05 
4.71893e-05 -0.352898 0.567834 -0.214935 -4.71891e-05 -0.000114361 
4.24185e-05 -0.631897 0.893758 -0.261854 -3.68674e-05 -0.000131562 
-0.00125053 -0.735152 0.465423 0.270219 0.00173865 0.000501512 
0.0029052 -0.177558 0.161169 0.0152444 -0.00404581 -0.00113062 
0.0702527 -0.07976 -0.468606 0.520772 -0.0977759 -0.0276446 
0.243341 0.40301 -0.561388 0.0628143 -0.338662 -0.0958286 
0.00497638 -0.032129 0.0217492 0.00842543 -0.0069258 -0.0019592 
-0.0325372 -0.0721561 0.0925001 -0.00756605 0.0452825 0.0128132 
-0.0126656 -0.0278211 0.0357915 -0.00299641 0.0176269 0.00498774 
-0.035314 -0.0762148 0.0987046 -0.00862131 0.0491471 0.0139067 
-0.0742245 -0.156834 0.204799 -0.0188159 0.103299 0.0292297 
-0.140237 -0.291176 0.382952 -0.036703 0.19517 0.0552255 
-0.211585 -0.436164 0.575463 -0.0562056 0.294466 0.0833221 
-0.237046 -0.490407 0.646479 -0.0629794 0.3299 0.0933486 
-0.133823 -0.290001 0.376397 -0.0338414 0.186244 0.0526997 
0.198907 0.366806 -0.504103 0.059182 -0.276823 -0.078329 
0.667783 1.29619 -1.74844 0.189996 -0.929364 -0.262971 
1.09801 2.15381 -2.89576 0.332935 -1.50598 -0.41014 
1.22643 2.42893 -3.25973 0.464422 -1.59187 -0.367388 
1.14491 2.2993 -3.07941 0.59223 -1.33232 -0.188404 
0.92699 1.91261 -2.5524 0.750395 -0.816661 0.110914 
0.517275 1.15966 -1.53201 0.920458 0.0294334 0.549613 
-0.0824185 0.0438027 -0.022823 1.10162 1.20216 1.12568 
-0.63822 -0.997172 1.38237 1.23017 2.24995 1.61927 
-1.00445 -1.69059 2.31433 1.26629 2.8914 1.89335 
-1.17969 -2.0338 2.76947 1.20929 3.12344 1.94625 
-1.16247 -2.02417 2.74418 1.05847 2.94298 1.77629 
-0.951358 -1.65904 2.23486 0.813127 2.34691 1.38182 
-0.569985 -0.981802 1.30109 0.487904 1.38927 0.794182 
-0.193013 -0.305187 0.342595 0.193617 0.447123 0.206165 
0.685952 1.14433 -1.59897 -0.511753 -1.66915 -0.948288 
0.44586 0.425158 -0.416829 -0.313969 -0.907175 -0.138003 
-0.433484 -0.548736 0.621113 0.252128 0.897066 0.174738 
-0.753418 -0.427165 0.0600494 0.410826 1.27238 -0.468071 
0.218745 0.14151 -0.138879 -0.0590905 -0.393542 0.070975 
2.18397 1.07347 -0.111235 -0.997862 -3.65744 1.47117 
2.80311 1.33409 -0.0256141 -1.30298 -5.52952 1.03673 
1.31362 0.606355 0.01531 -0.608612 -4.40736 -1.45555 
-0.380305 -0.205689 0.0246706 0.186634 -2.52805 -3.64999 
-1.10752 -0.553425 0.0269056 0.527502 -1.47056 -4.25416 
-1.23654 -0.613899 0.0263948 0.586592 -0.877376 -3.84385 
-1.06287 -0.528193 0.0235353 0.503283 -0.53408 -2.97501 
-0.779468 -0.388855 0.019039 0.368635 -0.331573 -2.03624 
-0.492091 -0.246739 0.0134542 0.232506 -0.199964 -1.22122 
-0.240612 -0.121196 0.00720508 0.113609 -0.0989956 -0.576249 
-0.0202969 -0.0102449 0.000631994 0.00958087 -0.00846907 -0.0478995 
-0.318059 -0.160996 0.0104175 0.150081 -0.135961 -0.736518 
-0.560284 -0.287367 0.022606 0.263954 -0.275881 -1.19594 
-0.568835 -0.30199 0.034914 0.26643 -0.369626 -0.985049 
-0.257686 -0.159178 0.0434938 0.115655 -0.303625 -0.0977052 
0.420232 0.173691 0.0397001 -0.21266 0.142376 1.06219 
1.45649 0.710223 0.00840096 -0.717721 1.33424 1.52965 
2.5442 1.30006 -0.0424738 -1.25745 2.90988 0.605405 
2.47931 1.28967 -0.0365164 -1.2535 2.31715 -0.7877 
1.18593 0.6244 0.0260694 -0.650676 -0.171673 -1.70781 
0.10734 0.0555825 0.0552345 -0.110835 -0.723433 -0.84738 
-0.751912 -0.40915 0.055498 0.353783 0.409949 1.37748 
-1.47875 -0.811803 0.0345753 0.777477 2.66073 4.51507 
-1.74407 -0.966821 0.0162814 0.950729 3.87004 5.88935 
-1.59145 -0.894179 0.00726384 0.886896 3.75685 5.31606 
-1.21911 -0.700402 0.00441691 0.695702 2.90988 3.71361 
-0.858236 -0.515289 0.00552068 0.509181 1.97745 1.98135 
-0.472743 -0.315043 0.00871245 0.305619 1.00571 0.446661 
0.143774 0.0310595 0.0131574 -0.0444246 -0.397261 -0.84129 
1.04275 0.566106 0.0191976 -0.583922 -2.25866 -1.29637 
2.15103 1.25537 0.0251682 -1.27678 -4.37403 -0.487958 
2.64273 1.57727 0.0175806 -1.59316 -5.2471 0.250406 
1.8954 1.14841 -0.012433 -1.14395 -3.68894 0.405675 
0.302751 0.200665 -0.0497133 -0.167081 -0.482499 0.0455429 
-0.468447 -0.265246 -0.0427317 0.31484 1.10886 -0.115056 
-0.165651 -0.098277 0.014607 0.146843 0.581697 0.000796507 
0.237749 0.165406 -0.0470946 -0.10872 -0.264016 0.0474713 
-0.207305 0.00541456 -0.409691 0.026166 0.0346965 -0.367635 
0.168249 -0.00798216 0.477531 -0.147767 -0.0174241 0.311307 
0.499572 0.0569491 0.962079 -0.283419 -0.210057 0.733609 
0.176953 0.0245437 0.336988 -0.110492 -0.0812597 0.251592 
-0.00191746 0.00148306 0.00136886 -0.00860599 -0.00130429 -0.00535842 
-0.00285549 -5.91738e-05 -0.00440311 -0.000165059 0.000896248 -0.00455995 
-0.0205872 -0.0014493 -0.0345825 0.00445558 0.00774756 -0.0313267 
-0.0773354 -0.00750811 -0.135262 0.0278028 0.0317302 -0.114513 
-0.214803 -0.0234091 -0.381103 0.0898446 0.0914884 -0.314023 
-0.49642 -0.0572162 -0.88493 0.220903 0.215735 -0.720544 
-0.963057 -0.11449 -1.71903 0.440925 0.423293 -1.39211 
-1.46598 -0.177713 -2.61877 0.681142 0.647571 -2.11521 
-1.77165 -0.219303 -3.16748 0.833224 0.78465 -2.55377 
-1.59687 -0.204339 -2.85889 0.76298 0.708242 -2.30063 
-1.03086 -0.143669 -1.8524 0.511537 0.457483 -1.48483 
-0.326302 -0.0658452 -0.596784 0.192722 0.14481 -0.47 
0.235048 -0.00999923 0.406165 -0.057674 -0.104312 0.338559 
0.580014 0.0245468 1.04105 -0.230325 -0.257405 0.835442 
0.0270991 -0.0627545 0.161487 -0.0597067 -0.0120264 0.0390329 
0.196624 -0.121645 0.58837 -0.183565 -0.0872601 0.283215 
0.00222483 -0.294932 0.547627 -0.249493 -0.000987179 0.00320615 
-4.87028e-06 -0.769418 1.48647 -0.717056 2.14286e-06 -7.14299e-06 
7.80337e-08 -0.859703 1.73102 -0.871317 -7.80382e-08 -3.58337e-07 
4.37581e-08 -0.43811 0.899123 -0.461014 -4.37581e-08 -2.34742e-07 
-3.91376e-22 1.3803e-15 -2.84303e-15 1.46273e-15 3.91376e-22 2.12138e-21 
