0.00128912 1.2528 -2.63295 1.38015 -0.00128912 -2.48241e-06 
0.000922631 0.926302 -1.95113 1.02483 -0.000922631 -1.76891e-06 
-0.00274677 -2.57514 5.39817 -2.82302 0.00274677 5.31405e-06 
-0.00182725 1.25865 -3.09225 1.8336 0.00182725 4.31364e-06 
0.00595409 -0.648849 1.50179 -0.852939 -0.00595409 -1.94497e-05 
0.000666209 -1.17902 2.68801 -1.50899 -0.000666209 -5.05893e-05 
-4.12914e-05 1.49651 -1.37377 -0.122743 4.12914e-05 0.000106531 
1.77778e-05 -1.21303 2.22019 -1.00716 -1.77778e-05 -4.37898e-05 
-7.87084e-05 5.58278 -11.7035 6.12066 7.87084e-05 0.000192725 
4.19272e-05 -4.3731 9.54038 -5.16728 -4.19272e-05 -0.000102531 
7.56576e-06 -0.926914 1.98692 -1.06001 -7.56576e-06 -1.85073e-05 
1.55811e-06 0.127248 -0.237082 0.109834 -1.55811e-06 -3.81856e-06 
-1.19535e-06 0.565742 -1.16564 0.599901 1.19535e-06 2.91565e-06 
-2.0495e-06 0.655466 -1.35959 0.704125 2.0495e-06 5.00671e-06 
-2.0283e-06 0.598132 -1.24278 0.644648 2.0283e-06 4.95722e-06 
-1.82477e-06 0.530265 -1.10208 0.57182 1.82477e-06 4.46101e-06 
4.60487e-06 -1.33785 2.78049 -1.44264 -4.60487e-06 -1.12589e-05 
1.84663e-06 -0.629385 1.30319 -0.673803 -1.84663e-06 -4.5248e-06 
-5.31653e-06 1.14874 -2.41318 1.26444 5.31653e-06 1.29776e-05 
-4.80707e-06 1.72718 -3.62218 1.895 4.80707e-06 1.17884e-05 
1.47392e-05 -0.997268 2.0683 -1.07103 -1.47392e-05 -3.57954e-05 
1.46491e-05 -1.55524 3.18093 -1.62569 -1.46491e-05 -3.56103e-05 
-7.84795e-05 0.829574 -1.86846 1.03889 7.84797e-05 0.00019028 
-0.00112073 -1.29635 1.86303 -0.566711 0.00112076 0.00271594 
-0.00194104 1.45583 -2.79357 1.33804 0.00226615 0.00301951 
0.0178836 1.31252 -1.85127 0.531658 -0.0249488 -0.00673209 
0.00477602 0.385693 0.638362 -1.02595 -0.00665305 -0.00184887 
-1.04948 -2.09021 -1.09833 3.60063 1.46051 0.413648 
0.26729 0.653278 -0.943804 0.185553 -0.371995 -0.105247 
-0.744194 -1.36974 1.87646 -0.214461 1.03571 0.293063 
0.396318 0.887829 -1.13393 0.0904561 -0.551562 -0.156071 
-0.0540577 -0.117692 0.151914 -0.012992 0.0752329 0.021288 
-0.086998 -0.182961 0.239329 -0.0222021 0.121077 0.0342599 
-0.153599 -0.314953 0.416274 -0.041 0.213766 0.0604873 
-0.227555 -0.461614 0.613096 -0.0621172 0.316692 0.0896111 
-0.177741 -0.363268 0.481587 -0.0485164 0.247366 0.0699945 
0.065728 0.118421 -0.163523 0.019289 -0.0914748 -0.0258834 
0.61721 1.20987 -1.62561 0.173359 -0.858982 -0.243056 
1.26919 2.51597 -3.36819 0.353792 -1.76635 -0.499804 
1.52646 3.02551 -4.05112 0.426144 -2.1244 -0.601119 
0.821869 1.6691 -2.22638 0.416188 -0.962596 -0.141475 
-0.00469005 0.0714291 -0.0782909 0.373051 0.369945 0.367196 
-0.368447 -0.614995 0.846891 0.45791 1.05649 0.691701 
-0.94315 -1.71247 2.32521 0.493565 2.04664 1.10935 
-1.52218 -2.81822 3.81468 0.529479 3.04424 1.53014 
-1.95533 -3.651 4.93449 0.524919 3.75943 1.81306 
-1.38733 -2.6096 3.51654 0.247985 2.54192 1.1553 
-0.815011 -1.56027 2.08781 -0.0310446 1.31516 0.492555 
-0.238356 -0.502995 0.648249 -0.312177 0.0791193 -0.1752 
0.342646 0.562252 -0.802162 -0.595419 -1.16623 -0.847979 
0.92801 1.6355 -2.26346 -0.880777 -2.42091 -1.5258 
-0.198581 -0.281569 0.269798 0.209838 0.438184 0.153339 
2.35853 4.11314 -5.67562 -1.89085 -5.81104 -3.4542 
2.02601 2.88073 -3.54797 -1.60806 -4.61083 -1.942 
-2.30117 -4.14466 5.84202 1.71868 5.69546 3.43947 
-2.56759 -1.09783 -0.374609 1.41404 4.22189 -1.90273 
1.62954 1.39363 -1.20586 -0.808563 -3.04204 0.23176 
4.26497 2.16243 -0.229904 -2.03481 -7.12274 2.86499 
6.10534 2.79385 0.29922 -2.92241 -10.7206 3.82063 
-2.61266 -1.32642 0.196941 1.1969 0.471053 -5.93167 
-5.51102 -2.65689 0.0635121 2.58339 5.32258 -7.99764 
-3.5352 -1.68651 0.00610541 1.65855 4.9034 -3.4302 
-1.11505 -0.531975 0.00285717 0.520201 2.30452 -0.0203651 
0.188922 0.0963171 -0.0054725 -0.093909 1.34237 2.1745 
0.760106 0.373357 -0.0113739 -0.362087 0.77691 2.85957 
0.892742 0.439843 -0.0154002 -0.423389 0.475816 2.69283 
0.817035 0.405852 -0.0179842 -0.386612 0.335569 2.18906 
0.69916 0.350846 -0.0194384 -0.330291 0.281443 1.71987 
0.641261 0.323668 -0.0199549 -0.302699 0.267503 1.51369 
-0.96655 -0.492479 0.0353069 0.455704 -0.438716 -2.14162 
-0.426126 -0.236668 0.0378363 0.198564 -0.388434 -0.452459 
0.419695 0.172394 0.03437 -0.205524 -0.121243 1.73504 
1.47631 0.703281 0.0129907 -0.713951 0.626811 3.40745 
2.59815 1.30613 -0.0433136 -1.26093 2.23761 3.09328 
3.59692 1.91644 -0.156551 -1.76136 5.20519 -1.1111 
2.38792 1.31983 -0.10081 -1.22123 2.75442 -3.67709 
-3.04912 -1.53704 0.142387 1.39432 -6.38943 -3.88224 
-3.89144 -2.02812 0.157407 1.8714 -5.33 -0.163779 
-2.76144 -1.47573 0.041274 1.43494 1.14664 4.70762 
-2.40939 -1.31935 -0.0361123 1.35588 5.451 8.46312 
-1.69808 -0.954446 -0.0695614 1.02417 6.32285 8.20249 
-0.0424387 -0.0554668 -0.0397422 0.0947489 1.29084 0.641089 
0.869394 0.443561 -0.0162739 -0.428037 -1.69082 -3.65402 
1.30119 0.684915 -0.00222553 -0.683494 -3.18986 -5.65483 
0.858054 0.420171 0.00801364 -0.429129 -2.30711 -4.52868 
1.48299 0.802067 0.0113283 -0.813024 -3.55567 -4.49456 
2.25137 1.30144 0.0155811 -1.31414 -4.89748 -2.96021 
3.18617 1.943 0.0209574 -1.95699 -6.30921 0.609805 
2.75475 1.73849 0.00332643 -1.73919 -5.14052 2.77625 
-0.0478421 0.0447274 -0.0532207 -0.00811707 0.377167 1.51992 
-4.39749 -2.59767 -0.127705 2.68343 8.88581 -0.678848 
-3.78347 -2.26212 -0.0542336 2.33326 7.66404 -0.86539 
-0.737184 -0.470763 0.10182 0.494044 1.67516 -0.0701775 
1.66434 0.969503 0.12639 -0.987277 -3.19676 0.47437 
0.467642 0.510107 -0.757916 -0.475627 -1.83111 -0.490847 
-0.521839 -0.612016 1.14894 0.165548 1.27867 0.509836 
1.75694 0.263206 2.90539 -0.760461 -0.86759 2.42479 
-0.512641 -0.0157716 -1.15493 0.307449 0.137485 -0.846852 
-0.956187 -0.113339 -1.78804 0.508743 0.413089 -1.39084 
-0.127849 -0.0233995 -0.256546 0.108777 0.0660614 -0.172919 
-0.025587 -0.000899612 -0.0404918 0.000570917 0.00849436 -0.0403019 
-0.0951837 -0.00915169 -0.166536 0.0339947 0.0389152 -0.141109 
-0.266631 -0.0298276 -0.475724 0.116242 0.114486 -0.38868 
-0.591636 -0.0698056 -1.05887 0.27195 0.259167 -0.856273 
-1.1492 -0.139595 -2.05474 0.538762 0.509565 -1.65582 
-1.53224 -0.189837 -2.7396 0.726342 0.682504 -2.20399 
-1.40795 -0.180613 -2.52099 0.679416 0.628725 -2.02331 
-0.0179867 -0.0184738 -0.0416784 0.0404617 0.012456 -0.0205179 
1.09142 0.111084 1.93731 -0.473261 -0.481924 1.575 
2.3366 0.256597 4.15856 -1.05006 -1.03684 3.36575 
1.79593 0.199629 3.20691 -0.820218 -0.797019 2.58683 
1.70666 0.16993 3.06638 -0.778553 -0.7574 2.45824 
-0.147131 -0.0170335 -0.155832 -0.0390174 0.0652955 -0.211926 
-4.55228 -0.654144 -7.40431 1.50272 2.02026 -6.55704 
1.26053 -0.110086 2.58833 -0.662959 -0.559411 1.81563 
-0.509411 -1.39701 1.6708 -1.00738 0.226074 -0.73373 
0.000468156 -1.38322 2.89671 -1.51268 -0.000198264 0.000766509 
5.00856e-06 1.39774 -2.66919 1.27163 -5.00885e-06 -2.37989e-05 
9.51991e-07 0.985266 -1.97798 0.992725 -9.5199e-07 -5.19737e-06 
-4.12985e-07 1.45651 -3 1.54349 4.12985e-07 2.23851e-06 
