0 0 0 0 0 0 
1.81615e-05 0.0176516 -0.0370978 0.0194462 -1.81615e-05 -3.49726e-08 
7.12992e-05 0.0694067 -0.145886 0.076479 -7.12992e-05 -1.37268e-07 
0.000147292 0.144466 -0.303813 0.159346 -0.000147292 -2.83288e-07 
0.000198965 0.200149 -0.421643 0.221494 -0.000198965 -3.81361e-07 
0.000194132 0.19998 -0.421954 0.221975 -0.000194132 -3.70866e-07 
0.000199298 0.182455 -0.381804 0.199348 -0.000199298 -3.86726e-07 
0.000198515 0.186812 -0.391712 0.204901 -0.000198515 -3.83877e-07 
9.84917e-05 0.215502 -0.471538 0.256036 -9.84917e-05 -1.65902e-07 
-1.02555e-05 0.252164 -0.579653 0.327488 1.02555e-05 2.26618e-09 
4.39293e-06 0.290118 -0.709471 0.419353 -4.39293e-06 -3.85449e-07 
4.50857e-07 0.332978 -0.897693 0.564715 -4.50857e-07 -7.30074e-07 
2.37876e-07 0.355857 -1.09034 0.734482 -2.37876e-07 -7.11154e-07 
1.22565e-08 0.353509 -1.2084 0.854895 -1.22565e-08 -8.66906e-08 
-6.85399e-07 0.372792 -1.26549 0.892696 6.85399e-07 1.65064e-06 
-1.5398e-06 0.398004 -1.32948 0.93148 1.5398e-06 3.783e-06 
-4.93774e-08 0.448572 -1.47194 1.02337 4.93774e-08 6.53345e-08 
-9.4238e-08 0.519092 -1.6943 1.1752 9.4238e-08 1.7723e-07 
-3.49581e-08 0.570813 -1.90256 1.33175 3.49581e-08 2.9388e-08 
3.91143e-08 0.591034 -2.03041 1.43937 -3.91143e-08 -1.55757e-07 
2.54136e-08 0.601839 -2.09637 1.49453 -2.54136e-08 -1.20049e-07 
-3.75064e-07 0.5559 -2.16773 1.61183 3.75064e-07 8.65865e-07 
-4.21715e-08 0.561569 -2.19479 1.63322 4.21715e-08 5.35484e-08 
-3.67569e-07 0.503508 -2.24388 1.74038 3.67569e-07 8.42298e-07 
-7.22925e-07 0.401163 -2.28754 1.88637 7.22925e-07 1.71312e-06 
-6.1045e-07 0.359366 -2.29707 1.9377 6.1045e-07 1.45171e-06 
-4.02254e-07 0.340497 -2.34994 2.00944 4.02254e-07 9.41353e-07 
5.54411e-08 0.295747 -2.33293 2.03718 -5.54411e-08 -1.72237e-07 
-4.14436e-08 0.270731 -2.33485 2.06412 4.14436e-08 6.46763e-08 
-2.8916e-08 0.263507 -2.3491 2.08559 2.8916e-08 3.39092e-08 
-2.15124e-08 0.260294 -2.35366 2.09336 2.15124e-08 1.58956e-08 
-1.7226e-08 0.232866 -2.34669 2.11382 1.7226e-08 7.61845e-09 
7.31057e-08 0.175761 -2.29546 2.1197 -7.31057e-08 -2.19807e-07 
1.03751e-07 0.082994 -2.28325 2.20026 -1.03751e-07 -3.03045e-07 
5.44598e-08 -0.0651076 -2.25176 2.31686 -5.44598e-08 -1.78554e-07 
3.01831e-09 -0.198033 -2.20685 2.40488 -3.01831e-09 -3.71274e-08 
1.54995e-08 -0.25775 -2.18997 2.44772 -1.54995e-08 -7.37592e-08 
-1.69098e-08 -0.304928 -2.21802 2.52295 1.69098e-08 2.21443e-08 
2.13653e-08 -0.337402 -2.17834 2.51574 -2.13653e-08 -9.23327e-08 
-8.84384e-11 -0.370292 -2.17902 2.54931 8.84384e-11 -2.70038e-08 
6.31822e-09 -0.406157 -2.1386 2.54476 -6.31822e-09 -4.67155e-08 
1.17441e-08 -0.44973 -2.06029 2.51002 -1.17441e-08 -6.48456e-08 
1.70055e-08 -0.528047 -1.91576 2.44381 -1.70055e-08 -8.55074e-08 
-8.44753e-09 -0.647025 -1.6901 2.33712 8.44753e-09 8.22674e-09 
2.7676e-08 -0.804359 -1.38311 2.18746 -2.7676e-08 -1.46504e-07 
-6.86657e-09 -0.970307 -1.05209 2.0224 6.86657e-09 9.79221e-09 
-4.21718e-09 -1.09648 -0.79668 1.89316 4.21718e-09 -1.52233e-09 
-4.86457e-09 -1.18528 -0.61524 1.80052 4.86457e-09 2.78397e-09 
7.1489e-09 -1.24321 -0.496112 1.73932 -7.1489e-09 -6.2199e-08 
1.28424e-08 -1.26353 -0.454262 1.71779 -1.28424e-08 -9.30577e-08 
