-0.0604447 1.38092 -2.93797 1.55705 0.0604447 -2.76679e-06 
-0.0395046 1.28785 -2.73152 1.44367 0.0395046 -2.5519e-06 
0.274598 -0.108244 0.365246 -0.257002 -0.274598 6.71465e-07 
-0.0173104 -1.53178 3.21675 -1.68496 0.0173104 2.92695e-06 
-2.69254 -0.32119 -0.670167 0.991358 2.69254 -3.91583e-06 
3.88638 1.56602 -1.354 -0.212022 -3.88638 3.52456e-06 
1.57907 0.564895 -0.34594 -0.218955 -1.57907 1.57322e-06 
-2.11431 -0.718633 0.523207 0.195427 2.11431 -2.17055e-06 
-3.46738 -0.929463 0.526325 0.403138 3.46738 -4.02817e-06 
-0.982638 -0.677239 0.888508 -0.211269 0.982638 -8.98871e-07 
3.13004 0.208569 1.07565 -1.28422 -3.13004 3.03225e-06 
-2.69399 0.970257 -3.29405 2.32379 2.69399 -1.79362e-07 
-1.28753 -0.373181 0.22267 0.150511 1.28753 -2.68945e-06 
0.753285 -0.489713 1.19071 -0.700998 -0.753285 -2.33634e-07 
3.17102 -0.565679 3.48456 -2.91888 -3.17102 -4.7223e-06 
-1.50762 0.596519 -2.84609 2.24957 1.50762 5.4003e-06 
-0.163356 -0.514642 0.996912 -0.48227 0.163356 -1.11034e-06 
-0.290678 0.826984 -1.86797 1.04099 0.290678 2.03397e-06 
-1.36144 -0.970289 2.30529 -1.335 1.36144 -5.06632e-06 
2.86676 1.61272 -2.34398 0.731258 -2.86676 7.63615e-06 
0.0843374 0.27704 -0.114228 -0.162809 -0.0843374 -1.10164e-05 
-4.10697 -2.2871 3.62827 -1.34117 4.10697 1.49697e-06 
1.39333 0.727513 -1.50229 0.774775 -1.39333 -2.22454e-07 
-0.0440762 -0.649009 1.2902 -0.641197 0.0440762 -2.46157e-07 
0.359141 0.445229 -0.457674 0.0124454 -0.359141 -1.39316e-06 
-0.451054 -0.354718 1.02847 -0.673753 0.451054 -9.19619e-07 
-3.05496 3.05382 -7.40211 4.34829 3.05496 1.27249e-05 
0.225027 -0.428128 0.510384 -0.0822561 -0.225027 -2.6209e-06 
-0.694787 -0.0029725 -0.532843 0.535815 0.694787 -1.63527e-06 
0.133961 0.581019 -1.09348 0.512462 -0.133961 -8.7679e-07 
-0.0471253 -0.466595 1.44162 -0.97502 0.0471253 -1.76085e-06 
0.657066 -0.812845 3.21969 -2.40684 -0.657066 5.01995e-06 
-0.664344 0.961332 -3.96207 3.00073 0.664344 -6.22097e-06 
1.20732 -2.79851 6.02458 -3.22607 -1.20732 2.05014e-06 
-0.760677 2.43343 -4.82363 2.3902 0.760677 -1.5414e-05 
-0.391676 -0.962992 1.20977 -0.246776 0.391676 8.62428e-06 
0.589616 -1.38642 3.80933 -2.42291 -0.589616 1.75708e-05 
-0.484539 0.765855 -1.81069 1.04483 0.484539 -9.30261e-06 
3.34124 2.05043 2.50964 -4.56005 -3.34124 1.76982e-05 
1.49481 2.65082 2.64164 -5.2927 -1.49481 0.00037924 
-0.750745 -2.02144 2.9945 -0.973216 0.750745 0.000612331 
-0.561966 -2.53078 2.9998 -0.468826 0.561966 -0.000176748 
-0.548591 -2.78759 -1.33883 4.12643 0.548591 -1.02674e-06 
-0.207731 2.00043 -4.1058 2.10537 0.207731 6.17957e-08 
-0.0825912 1.64271 -3.0345 1.39179 0.0825912 8.00187e-08 
0.197597 -2.50695 5.56932 -3.06236 -0.197597 -2.21859e-07 
-0.0483419 0.0609531 -0.714476 0.653522 0.0483419 1.31318e-07 
-0.0587205 0.193936 -0.996373 0.802437 0.0587205 -1.41649e-08 
0.0490362 -0.0208788 0.653194 -0.632315 -0.0490362 2.31678e-07 
-0.111526 1.2881 -3.00234 1.71423 0.111526 -2.5564e-07 
0.176655 0.237093 2.66379 -2.90087 -0.176655 -9.26007e-06 
0.0212824 -1.23098 0.285081 0.945899 -0.0212824 8.6174e-05 
0.0259397 -0.301066 -0.510041 0.8111 -0.0259397 7.68584e-06 
0.00234655 0.150313 -0.147226 -0.00308665 -0.00234655 3.34788e-07 
-0.0111434 -0.100015 0.386114 -0.286099 0.0111434 7.35326e-07 
-0.0738977 -1.23905 2.81248 -1.57343 0.0738977 1.49072e-06 
-0.135523 -0.535215 1.30211 -0.766895 0.135523 -6.53637e-06 
-0.0401981 1.34754 -2.91779 1.57025 0.0401981 -9.74316e-06 
0.134584 0.0271576 -0.355879 0.328721 -0.134584 8.10005e-06 
0.13955 -0.0939955 -0.0965166 0.190511 -0.13955 9.05887e-06 
