0 0 0 0 0 0 
-0.00152272 0.0354504 -0.0754078 0.0399574 0.00152272 -7.09791e-08 
-0.00393089 0.132201 -0.280336 0.148135 0.00393089 -2.61751e-07 
0.00530463 0.203563 -0.425981 0.222418 -0.00530463 -3.83911e-07 
0.00621673 0.194467 -0.406371 0.211904 -0.00621673 -3.64819e-07 
-0.0466734 0.169106 -0.379419 0.210313 0.0466734 -4.04972e-07 
0.0674585 0.21566 -0.420299 0.204639 -0.0674585 -3.0255e-07 
0.271727 0.294703 -0.482182 0.187479 -0.271727 -1.10845e-07 
0.400826 0.350812 -0.528257 0.177446 -0.400826 -1.181e-09 
0.392166 0.368412 -0.549563 0.181151 -0.392166 -5.27567e-08 
0.330616 0.35374 -0.529331 0.175591 -0.330616 -1.57885e-07 
0.428053 0.358346 -0.479158 0.120812 -0.428053 -7.79816e-08 
0.479962 0.403781 -0.53269 0.12891 -0.479962 4.49971e-08 
0.437144 0.437816 -0.604755 0.166939 -0.437144 3.54045e-08 
0.422953 0.456928 -0.619947 0.163019 -0.422953 -7.40372e-08 
0.481682 0.471754 -0.581647 0.109894 -0.481682 -2.33876e-07 
0.492261 0.50387 -0.640497 0.136627 -0.492261 -1.76924e-07 
0.490047 0.514075 -0.663032 0.148957 -0.490047 -1.51886e-07 
0.474906 0.532295 -0.705443 0.173149 -0.474906 -1.14398e-07 
0.430958 0.532671 -0.694547 0.161876 -0.430958 -1.84754e-07 
0.511239 0.599199 -0.76189 0.162691 -0.511239 -7.2255e-09 
0.588804 0.667897 -0.830349 0.162452 -0.588804 -2.04329e-09 
0.542326 0.673551 -0.828935 0.155384 -0.542326 6.29019e-09 
0.537734 0.699459 -0.882839 0.18338 -0.537734 2.7172e-08 
0.539886 0.707892 -0.897918 0.190025 -0.539886 2.40629e-08 
0.560567 0.724704 -0.898195 0.173491 -0.560567 -8.75555e-08 
0.56094 0.742793 -0.878088 0.135296 -0.56094 -2.58243e-07 
0.545788 0.786925 -0.932496 0.14557 -0.545788 -1.06451e-07 
0.572965 0.786654 -0.908997 0.122342 -0.572965 -2.7979e-08 
0.584614 0.788143 -0.903272 0.115129 -0.584614 -5.31878e-09 
0.59214 0.820155 -0.958849 0.138694 -0.59214 -5.98669e-08 
0.593008 0.845957 -0.97835 0.132392 -0.593008 -2.3318e-07 
0.61533 0.841643 -0.882175 0.0405317 -0.61533 -9.95123e-08 
0.614794 0.885194 -0.940017 0.0548228 -0.614794 1.06894e-08 
0.648897 0.896795 -0.925802 0.0290069 -0.648897 1.77497e-08 
0.693463 0.942167 -0.94932 0.00715338 -0.693463 -2.22217e-07 
0.762623 1.03608 -1.00964 -0.0264408 -0.762623 -1.65021e-07 
0.793695 1.11322 -1.08182 -0.031391 -0.793695 -5.34836e-08 
0.800601 1.17871 -1.16639 -0.0123179 -0.800601 -2.28128e-07 
0.897713 1.32402 -1.1918 -0.132213 -0.897713 -1.63551e-07 
1.01673 1.5163 -1.12148 -0.394823 -1.01673 -1.99062e-07 
1.09645 1.60585 -0.89726 -0.708588 -1.09645 -3.4765e-10 
1.13475 1.59062 -0.642759 -0.947858 -1.13475 1.48428e-10 
1.14688 1.49918 -0.436447 -1.06273 -1.14688 -3.79382e-10 
1.15191 1.45173 -0.32748 -1.12425 -1.15191 -7.06425e-11 
1.15167 1.49432 -0.384404 -1.10992 -1.15167 7.50791e-10 
1.15545 1.49415 -0.334218 -1.15993 -1.15545 -4.15954e-09 
1.15786 1.48614 -0.293211 -1.19293 -1.15786 -4.68747e-09 
1.15897 1.48281 -0.274815 -1.20799 -1.15897 -3.74796e-09 
1.16126 1.48834 -0.252232 -1.23611 -1.16126 1.17516e-08 
1.16007 1.54446 -0.334132 -1.21033 -1.16007 -5.49334e-08 
1.16033 1.63666 -0.416811 -1.21985 -1.16033 -9.8739e-08 
1.16042 1.7001 -0.462327 -1.23777 -1.16042 -7.62779e-08 
1.161 1.72328 -0.49207 -1.23121 -1.161 -6.54279e-08 
1.16103 1.72752 -0.494921 -1.23259 -1.16103 -5.13254e-08 
1.16027 1.72276 -0.469707 -1.25306 -1.16027 2.66955e-09 
1.15584 1.66616 -0.325175 -1.34098 -1.15584 8.74985e-08 
1.14571 1.60104 -0.156904 -1.44414 -1.14571 -1.76695e-07 
1.13553 1.59539 -0.121963 -1.47342 -1.13553 -7.69641e-07 
1.13194 1.5976 -0.119028 -1.47857 -1.13194 -1.0016e-06 
