-0 0 -0 0 0 -0 
-0.012776 0.309381 -0.657839 0.348458 0.012776 -6.18582e-07 
0.00298128 0.491941 -1.03437 0.542426 -0.00298128 -9.44351e-07 
0.0710198 0.115646 -0.207995 0.092349 -0.0710198 -1.03544e-07 
-0.183628 -0.175146 0.276969 -0.101823 0.183628 2.86789e-08 
0.00581396 0.0223286 -0.0441089 0.0217803 -0.00581396 -3.32971e-08 
0.920636 0.352522 -0.279439 -0.0730835 -0.920636 8.70685e-07 
0.741524 0.295998 -0.233304 -0.0626936 -0.741524 6.79094e-07 
0.362064 0.198025 -0.178741 -0.0192836 -0.362064 2.31339e-07 
-0.341044 -0.0351117 0.00839534 0.0267164 0.341044 -5.60916e-07 
-0.0479961 -0.0549924 0.156621 -0.101628 0.0479961 -2.01279e-07 
0.740685 0.138104 0.120653 -0.258757 -0.740685 8.5645e-07 
-0.175592 0.207525 -0.427497 0.219972 0.175592 1.62085e-07 
-0.129298 0.0889579 -0.175357 0.0863994 0.129298 -1.52977e-07 
0.149968 0.0470063 0.21304 -0.260046 -0.149968 -1.0274e-06 
0.153411 0.143974 -0.166004 0.0220304 -0.153411 2.81779e-08 
-0.00997604 0.0996123 -0.214746 0.115134 0.00997604 2.40522e-07 
-0.0051227 0.0148915 -0.0336019 0.0187104 0.0051227 3.6648e-08 
-0.173601 0.0777778 -0.185837 0.10806 0.173601 2.78547e-08 
-0.0310545 0.0406644 0.0666105 -0.107275 0.0310545 -8.0899e-08 
0.617199 0.476648 -0.551835 0.0751865 -0.617199 8.61918e-07 
-0.0196572 0.0784788 0.0303725 -0.108851 0.0196572 -2.08197e-07 
-0.101953 0.129607 -0.286308 0.156701 0.101953 1.9884e-07 
0.00851561 0.0532604 -0.101004 0.0477437 -0.00851561 1.8014e-09 
0.0299132 0.0828351 -0.136902 0.0540667 -0.0299132 -7.15512e-08 
0.131965 0.018035 0.25269 -0.270725 -0.131965 -9.98418e-07 
-0.254993 0.294004 -0.425171 0.131167 0.254993 -1.20135e-07 
0.168911 0.00791793 0.150309 -0.158227 -0.168911 6.45397e-07 
0.0426861 0.00130692 0.0300789 -0.0313858 -0.0426861 9.56444e-08 
0.10806 0.0311746 0.0165601 -0.0477347 -0.10806 1.68983e-07 
-0.0479531 0.195617 -0.373553 0.177936 0.0479531 -6.81799e-07 
0.0803981 0.0261168 0.262651 -0.288768 -0.0803981 -6.77264e-07 
0.0512128 0.0220587 0.231411 -0.253469 -0.0512128 1.33551e-06 
0.00984541 0.266681 -0.490411 0.223729 -0.00984541 -2.89016e-07 
0.305789 0.00445107 0.345943 -0.350394 -0.305789 -2.69928e-07 
0.124402 0.205175 -0.189477 -0.0156979 -0.124402 -6.20744e-07 
0.381001 0.484971 -0.215504 -0.269468 -0.381001 6.68815e-07 
-0.0438163 0.274019 -0.473571 0.199553 0.0438163 -2.94537e-07 
0.252011 0.365894 -0.129011 -0.236882 -0.252011 -2.60878e-07 
0.59269 0.954373 -0.0254123 -0.928963 -0.59269 4.45198e-06 
0.428046 0.645655 0.649097 -1.29475 -0.428046 -2.49607e-06 
0.280829 0.121838 1.32442 -1.44626 -0.280829 -8.8185e-07 
0.0793215 -0.261606 0.837615 -0.576008 -0.0793215 2.7531e-08 
0.0445481 -0.451769 0.99205 -0.540281 -0.0445481 -3.23959e-09 
0.00958625 -0.0455972 0.147254 -0.101657 -0.00958625 5.66811e-09 
0.00614092 0.162605 -0.108475 -0.0541292 -0.00614092 -1.68493e-08 
0.0173408 -0.0552634 0.292961 -0.237698 -0.0173408 -1.2129e-08 
0.0036554 -0.0118375 0.0617143 -0.0498768 -0.0036554 1.44065e-09 
0.0114094 -0.0303749 0.18421 -0.153835 -0.0114094 1.60108e-08 
0.00185158 0.136153 -0.144246 0.00809264 -0.00185158 1.13871e-07 
-0.000339822 0.330585 -0.365012 0.0344262 0.000339822 -1.38836e-06 
0.00132239 0.408261 -0.339327 -0.0689349 -0.00132239 -2.11584e-07 
0.00657346 0.255964 -0.333248 0.0772843 -0.00657346 -1.80482e-07 
0.000109065 0.00665024 -0.0066725 2.22547e-05 -0.000109065 1.41878e-08 
-0.000395352 0.0215107 0.000961778 -0.0224725 0.000395352 1.25255e-07 
-0.00866329 -0.107101 0.314246 -0.207145 0.00866329 3.82277e-07 
-0.0327419 -0.366734 0.905681 -0.538948 0.0327419 6.85419e-08 
-0.0519862 -0.121161 0.384342 -0.263181 0.0519862 -2.53096e-06 
-0.0314663 0.0158437 0.0336993 -0.0495428 0.0314663 -2.01373e-06 
-6.68379e-17 4.50196e-17 4.62271e-17 -9.12462e-17 6.68379e-17 -4.33879e-21 
