1.13194 1.5976 -0.119028 -1.47857 -1.13194 3.55271e-15 
0.234604 0.356251 -0.614924 0.258672 -0.234604 -3.58425e-07 
0.677417 0.973805 -1.0716 0.0977996 -0.677417 -2.22832e-07 
1.17258 1.49317 -0.152246 -1.34092 -1.17258 -7.53669e-08 
1.1407 1.6819 -0.248424 -1.43348 -1.1407 -3.49408e-07 
1.28296 0.786734 1.47066 -2.25739 -1.28296 9.44281e-09 
1.72366 0.665116 2.25191 -2.91703 -1.72366 -3.99947e-09 
0.143955 -0.0923075 -0.350376 0.442684 -0.143955 2.34761e-08 
-0.676937 -0.495763 -1.87252 2.36828 0.676937 3.07728e-07 
-0.001166 -1.20202 -0.623888 1.82591 0.001166 3.46143e-09 
-1.60908 -1.62217 0.145263 1.4769 1.60908 2.44929e-09 
-1.63607 -1.55833 0.164373 1.39396 1.63607 7.7776e-09 
-1.60168 -1.70088 0.129139 1.57174 1.60168 -2.83981e-09 
-0.0804903 -0.0494434 0.350058 -0.300614 0.0804903 2.72183e-08 
1.18528 1.02286 0.987144 -2.01001 -1.18528 -2.07526e-07 
1.62539 0.636683 2.10096 -2.73764 -1.62539 -2.0199e-10 
1.67286 0.639128 2.1674 -2.80652 -1.67286 -3.18474e-09 
-0.596161 -0.44309 -1.57588 2.01897 0.596161 1.41136e-08 
-0.491165 -0.48491 -2.06708 2.55199 0.491165 -1.66075e-08 
7.85313e-09 -1.38448 -0.245048 1.62953 -7.85313e-09 -6.664e-08 
