-2.43545 -3 -0.620729 3.62073 2.43545 -5.96154e-08 
0.6104 0.172457 1.12095 -1.29341 -0.6104 4.04691e-06 
2.2629 2.65413 -1.64055 -1.01358 -2.2629 1.41674e-05 
-0.118126 1.34796 -6.61511 5.26716 0.118126 6.01154e-06 
0.00964824 -2.32422 4.47536 -2.15114 -0.00964824 -6.86042e-07 
-0.298343 0.543052 -1.09384 0.550789 0.298343 -4.47368e-07 
-2.64427 -1.21057 -4.31591 5.52649 2.64427 7.14373e-08 
-1.46727 -0.695033 -2.42495 3.11999 1.46727 -6.72223e-09 
-4.95411 -2.52022 -9.66462 12.1848 4.95411 1.25316e-05 
5.86425 3.26849 -5.87888 2.61039 -5.86425 1.78254e-05 
1.26155 0.240734 -0.30781 0.0670755 -1.26155 -4.69783e-08 
0.0553731 0.0148817 -0.0127272 -0.00215455 -0.0553731 -1.79158e-09 
-0.380423 -0.320953 0.0671293 0.253823 0.380423 -7.16462e-10 
0.308033 0.222629 0.123897 -0.346526 -0.308033 -1.70743e-07 
2.31826 2.61197 -0.085823 -2.52614 -2.31826 -1.9526e-05 
-1.27402 -0.540559 -2.06456 2.60511 1.27402 -3.96293e-08 
-0.477586 -0.227954 -0.784905 1.01286 0.477586 1.15166e-08 
1.44053 0.676762 2.2958 -2.97256 -1.44053 -2.14248e-07 
3.97893 -0.16521 1.65921 -1.49393 -3.97893 3.05171e-05 
-2.09478e-07 1.44119 -3 1.55881 2.09478e-07 1.14707e-06 
