-0 -0 -0 0 0 -0 
1.61785 0.586276 -0.152562 -0.433714 -1.61785 5.10936e-07 
0.5462 0.655391 -0.427329 -0.228062 -0.5462 3.01012e-07 
-0.071401 0.0480822 0.776093 -0.824176 0.071401 -5.67685e-07 
0.0544315 0.219175 -0.439836 0.220661 -0.0544315 1.25036e-06 
0.0319975 -0.0550106 0.110664 -0.0556535 -0.0319975 3.20525e-08 
-0.458468 -0.240772 -0.766432 1.0072 0.458468 6.01167e-09 
-0.673732 -0.319395 -1.11131 1.4307 0.673732 3.04894e-09 
0.11136 0.0206952 -0.126566 0.105871 -0.11136 2.48711e-06 
0.152917 -0.546559 1.14974 -0.603181 -0.152917 -5.79765e-07 
-0.351503 0.0268389 0.102813 -0.129652 0.351503 1.89748e-08 
0.0242434 0.00893991 -0.00513207 -0.00380784 -0.0242434 -6.32454e-10 
-0.201857 -0.321794 0.000340805 0.321453 0.201857 -1.0147e-08 
2.75073 3.01813 0.227712 -3.24584 -2.75073 1.80661e-08 
-0.064742 -0.375327 0.476414 -0.101086 0.064742 7.94169e-07 
0.662662 0.270553 1.06411 -1.33467 -0.662662 -1.00135e-08 
-0.224296 -0.112747 -0.37199 0.484737 0.224296 4.05056e-09 
-1.39177 -0.660172 -2.3198 2.97998 1.39177 -5.79391e-08 
1.05288 0.0919493 -0.185397 0.0934468 -1.05288 -1.19344e-06 
3.7394e-22 -2.57268e-15 5.35531e-15 -2.78263e-15 -3.7394e-22 -2.04764e-21 
