0 0 0 0 0 0 
-0.00469966 -0.142317 0.296734 -0.154417 0.00469966 -1.71648e-08 
-0.0359639 -0.218562 0.437651 -0.219089 0.0359639 -1.52394e-07 
0.458684 -0.156497 0.627811 -0.471314 -0.458684 -3.03806e-07 
0.367391 -0.13437 0.617615 -0.483244 -0.367391 -2.60145e-07 
0.569686 -0.121208 0.951553 -0.830345 -0.569686 -7.1027e-07 
0.580983 -0.174461 1.21615 -1.04169 -0.580983 1.00391e-07 
0.624782 0.42076 0.00551411 -0.426274 -0.624782 -1.32177e-07 
0.694158 1.08121 -1.26933 0.18812 -0.694158 -2.013e-07 
0.762302 1.08174 -1.13916 0.0574212 -0.762302 -8.17411e-08 
0.943864 1.35676 -1.20561 -0.151151 -0.943864 -3.25254e-09 
1.16793 1.56794 -0.506167 -1.06178 -1.16793 -1.19689e-07 
1.14862 1.55089 -0.138828 -1.41206 -1.14862 3.07889e-09 
1.13864 1.63618 -0.15326 -1.48292 -1.13864 -3.78216e-07 
1.1682 1.8899 -0.83565 -1.05425 -1.1682 1.58695e-08 
1.26702 2.14293 -1.41086 -0.73207 -1.26702 -2.11858e-09 
1.77662 2.38391 -2.05981 -0.324101 -1.77662 -3.44246e-08 
2.37675 2.34497 -1.93668 -0.408281 -2.37675 -1.39127e-08 
2.64458 1.92112 -0.902778 -1.01834 -2.64458 1.02139e-08 
2.68946 1.61734 -0.245048 -1.37229 -2.68946 3.55271e-15 
