-0 -0 0 -0 0 -0 
-1.98529e-05 -0.0133689 0.0208866 -0.00751769 1.98529e-05 3.53168e-07 
-0.000117894 -0.470323 0.709985 -0.239662 0.000117894 1.1592e-06 
-4.43302e-07 -0.477669 0.253014 0.224654 4.43302e-07 1.72959e-06 
8.21176e-07 0.0843944 -0.230043 0.145649 -8.21176e-07 -1.99677e-06 
1.50834e-06 -0.193833 0.406057 -0.212225 -1.50834e-06 -3.65529e-06 
6.39201e-07 -0.0830834 0.173802 -0.090719 -6.39201e-07 -1.54906e-06 
9.04309e-07 -0.0344131 0.0647503 -0.0303371 -9.04309e-07 -2.19165e-06 
-1.76113e-06 0.967825 -2.07933 1.11151 1.76113e-06 4.26793e-06 
-3.19065e-06 1.16269 -2.49561 1.33293 3.19065e-06 7.73244e-06 
-2.28859e-06 0.293577 -0.644683 0.351106 2.28859e-06 5.54631e-06 
-1.8052e-06 -0.269312 0.543352 -0.27404 1.8052e-06 4.37482e-06 
-7.19314e-06 0.103595 -0.39103 0.287435 7.19314e-06 1.74323e-05 
-2.51386e-07 -0.0310829 -0.224322 0.255405 2.51386e-07 6.13106e-07 
2.58739e-08 -0.362177 -0.0122152 0.374392 -2.58739e-08 -3.8271e-08 
-2.02465e-07 -0.321377 0.183723 0.137654 2.02465e-07 6.05157e-07 
4.40635e-07 -0.368578 0.642883 -0.274307 -4.40635e-07 -1.4925e-06 
2.86358e-07 -0.386136 0.77589 -0.389756 -2.86358e-07 -1.42181e-06 
-1.37408e-09 -0.225824 0.462703 -0.236879 1.37408e-09 8.4377e-09 
3.32965e-24 2.61457e-16 -5.35839e-16 2.74382e-16 -3.32965e-24 -1.83212e-23 
