0 0 0 0 0 0 
-0.000201453 -0.19997 0.420316 -0.220346 0.000201453 3.16954e-08 
1.99905e-05 -0.376997 0.733441 -0.356444 -1.99905e-05 -1.80663e-07 
-1.37012e-07 -0.776234 1.17515 -0.398912 1.37012e-07 2.41602e-07 
-2.30675e-08 -0.96643 1.43387 -0.467439 2.30675e-08 9.99097e-09 
2.50699e-06 -1.06875 1.6341 -0.565353 -2.50699e-06 -6.12144e-06 
2.83024e-06 -1.11086 1.72228 -0.611419 -2.83024e-06 -6.90483e-06 
3.48457e-06 -1.17969 1.86472 -0.685032 -3.48457e-06 -8.49059e-06 
3.41612e-06 -0.915584 1.29264 -0.377052 -3.41612e-06 -8.32479e-06 
1.18132e-06 0.0451134 -0.768776 0.723663 -1.18132e-06 -2.90887e-06 
-6.90759e-07 0.566066 -1.89097 1.3249 6.90759e-07 1.62806e-06 
-2.10468e-06 0.434687 -1.6289 1.19421 2.10468e-06 5.05463e-06 
2.03213e-07 0.477522 -1.7885 1.31097 -2.03213e-07 -5.38439e-07 
1.67776e-07 0.509915 -2.06926 1.55934 -1.67776e-07 -4.51521e-07 
-2.69444e-09 0.154084 -2.26721 2.11313 2.69444e-09 -2.2897e-08 
-4.45239e-09 -0.263873 -2.0926 2.35647 4.45239e-09 -1.26751e-08 
2.66108e-09 -0.497363 -1.97143 2.4688 -2.66108e-09 -3.51424e-08 
-1.20036e-09 -0.963086 -1.06663 2.02972 1.20036e-09 -1.87493e-08 
-3.31549e-09 -1.17506 -0.635554 1.81061 3.31549e-09 -5.29102e-09 
-4.25748e-09 -1.26353 -0.454262 1.71779 4.25748e-09 3.55271e-15 
