0 0 0 -0 -0 0 
1.38696e-09 6.03698e-09 -1.22413e-08 6.20432e-09 -1.38696e-09 -1.31615e-14 
1.19712e-09 5.04339e-09 -1.02144e-08 5.17104e-09 -1.19712e-09 1.96917e-14 
1.12685e-09 4.9989e-09 -1.01409e-08 5.14198e-09 -1.12685e-09 3.72875e-14 
1.15174e-09 5.70158e-09 -1.16048e-08 5.9032e-09 -1.15174e-09 4.1474e-14 
1.23609e-09 6.85692e-09 -1.39997e-08 7.14271e-09 -1.23609e-09 3.6214e-14 
1.34996e-09 8.21836e-09 -1.68177e-08 8.59936e-09 -1.34996e-09 2.48659e-14 
1.46165e-09 9.52255e-09 -1.95167e-08 9.99412e-09 -1.46165e-09 1.08288e-14 
1.50423e-09 1.02019e-08 -2.09272e-08 1.07253e-08 -1.50423e-09 3.80674e-16 
1.48128e-09 1.02941e-08 -2.11269e-08 1.08329e-08 -1.48128e-09 -6.26171e-15 
1.40904e-09 9.94462e-09 -2.04162e-08 1.04716e-08 -1.40904e-09 -1.00423e-14 
1.30083e-09 9.2729e-09 -1.9041e-08 9.76809e-09 -1.30083e-09 -1.17342e-14 
1.16732e-09 8.37445e-09 -1.71983e-08 8.82386e-09 -1.16732e-09 -1.19567e-14 
1.01682e-09 7.32375e-09 -1.50417e-08 7.71797e-09 -1.01682e-09 -1.11926e-14 
8.55574e-10 6.17684e-09 -1.26867e-08 6.50991e-09 -8.55574e-10 -9.80483e-15 
6.88078e-10 4.97389e-09 -1.02162e-08 5.24236e-09 -6.88078e-10 -8.05402e-15 
5.17346e-10 3.74195e-09 -7.68597e-09 3.94401e-09 -5.17346e-10 -6.11526e-15 
3.45216e-10 2.49749e-09 -5.12987e-09 2.63238e-09 -3.45216e-10 -4.09535e-15 
1.72645e-10 1.24908e-09 -2.56561e-09 1.31654e-09 -1.72645e-10 -2.04981e-15 
-5.15036e-25 -3.72627e-24 7.65379e-24 -3.92753e-24 5.15036e-25 6.11536e-30 
