0.133173 0.183743 0.0277754 -0.211519 -0.133173 4.92917e-07 
-1.30892e-16 -7.09876e-16 1.44946e-15 -7.39596e-16 1.30892e-16 2.08426e-20 
-8.21166e-17 -3.30876e-16 6.69692e-16 -3.38826e-16 8.21166e-17 1.61288e-20 
-1.01623e-17 2.39198e-16 -5.03513e-16 2.64311e-16 1.01623e-17 6.36767e-21 
3.75823e-17 6.09347e-16 -1.265e-15 6.55657e-16 -3.75823e-17 -7.16614e-22 
6.48388e-17 8.10577e-16 -1.67864e-15 8.6807e-16 -6.48388e-17 -5.51503e-21 
7.50888e-17 8.71896e-16 -1.80418e-15 9.32287e-16 -7.50888e-17 -8.39333e-21 
5.10303e-17 6.43547e-16 -1.33299e-15 6.89446e-16 -5.10303e-17 -7.95272e-21 
4.28283e-18 2.24691e-16 -4.69382e-16 2.44693e-16 -4.28283e-18 -5.23819e-21 
-3.13128e-17 -9.42437e-17 1.88206e-16 -9.39609e-17 3.13128e-17 -3.17122e-21 
-5.76892e-17 -3.30576e-16 6.75482e-16 -3.44905e-16 5.76892e-17 -1.63959e-21 
-7.65953e-17 -4.99974e-16 1.02475e-15 -5.24776e-16 7.65953e-17 -5.41754e-22 
-8.95957e-17 -6.16456e-16 1.26492e-15 -6.48461e-16 8.95957e-17 2.13149e-22 
-9.80708e-17 -6.92393e-16 1.42149e-15 -7.29093e-16 9.80708e-17 7.05284e-22 
-1.03217e-16 -7.38505e-16 1.51656e-15 -7.78056e-16 1.03217e-16 1.00413e-21 
-1.06047e-16 -7.63863e-16 1.56884e-15 -8.04982e-16 1.06047e-16 1.16847e-21 
-1.0739e-16 -7.75889e-16 1.59364e-15 -8.17751e-16 1.0739e-16 1.24641e-21 
-1.07888e-16 -7.80356e-16 1.60285e-15 -8.22494e-16 1.07888e-16 1.27536e-21 
-1.08003e-16 -7.81387e-16 1.60498e-15 -8.23589e-16 1.08003e-16 1.28204e-21 
-1.08011e-16 -7.81456e-16 1.60512e-15 -8.23662e-16 1.08011e-16 1.28248e-21 
