1.13194 1.5976 -0.119028 -1.47857 -1.13194 -1.0016e-06 
2.6507 1.07585 0.838616 -1.91446 -2.6507 -2.50264e-07 
2.65276 1.08462 0.820852 -1.90547 -2.65276 -2.43884e-07 
2.6546 1.09252 0.804833 -1.89735 -2.6546 -1.96269e-07 
2.65641 1.10099 0.787615 -1.88861 -2.65641 -1.31815e-07 
2.65831 1.11099 0.76724 -1.87823 -2.65831 -6.8705e-08 
2.66038 1.12302 0.742637 -1.86566 -2.66038 -1.92776e-08 
2.66263 1.13725 0.713503 -1.85075 -2.66263 9.17937e-09 
2.66501 1.1531 0.680996 -1.8341 -2.66501 1.75606e-08 
2.6674 1.16955 0.647246 -1.8168 -2.6674 1.24207e-08 
2.66972 1.18577 0.61394 -1.79972 -2.66972 -9.3536e-10 
2.67189 1.20117 0.582331 -1.7835 -2.67189 -1.85728e-08 
2.67386 1.2153 0.553317 -1.76862 -2.67386 -3.76673e-08 
2.67561 1.22786 0.527517 -1.75538 -2.67561 -5.6273e-08 
2.67711 1.23866 0.505336 -1.744 -2.67711 -7.31178e-08 
2.67834 1.24758 0.487021 -1.7346 -2.67834 -8.74257e-08 
2.67931 1.25455 0.472708 -1.72725 -2.67931 -9.87664e-08 
2.68 1.25953 0.462464 -1.722 -2.68 -1.06933e-07 
2.68041 1.26253 0.456313 -1.71884 -2.68041 -1.11846e-07 
2.68055 1.26353 0.454262 -1.71779 -2.68055 -1.13484e-07 
