0 0 0 0 0 0 
0.000114337 0.11165 -0.234728 0.123078 -0.000114337 -2.20035e-07 
0.000192011 0.196853 -0.415226 0.218373 -0.000192011 -3.67062e-07 
0.000131168 0.206526 -0.446027 0.239501 -0.000131168 -2.34475e-07 
3.34899e-06 0.303877 -0.762715 0.458838 -3.34899e-06 -5.3079e-07 
3.36673e-08 0.35306 -1.19903 0.845973 -3.36673e-08 -1.37325e-07 
-4.43166e-07 0.418596 -1.38697 0.968379 4.43166e-07 1.04741e-06 
-3.22294e-08 0.572561 -1.91126 1.3387 3.22294e-08 2.25823e-08 
-3.43587e-07 0.566718 -2.14823 1.58151 3.43587e-07 7.87737e-07 
-5.31646e-07 0.480043 -2.25711 1.77707 5.31646e-07 1.24172e-06 
-6.41776e-07 0.344904 -2.34046 1.99556 6.41776e-07 1.52563e-06 
-3.76507e-08 0.267213 -2.34184 2.07463 3.76507e-08 5.52917e-08 
-1.62965e-08 0.235448 -2.34877 2.11332 1.62965e-08 5.15664e-09 
4.86474e-08 0.013897 -2.27049 2.25659 -4.86474e-08 -1.62051e-07 
1.08907e-08 -0.26225 -2.19154 2.45379 -1.08907e-08 -6.01814e-08 
1.47352e-08 -0.356597 -2.17237 2.52897 -1.47352e-08 -7.18539e-08 
3.33332e-08 -0.46624 -2.02971 2.49595 -3.33332e-08 -1.3615e-07 
4.21178e-09 -0.777054 -1.43693 2.21399 -4.21178e-09 -4.23933e-08 
-4.77429e-09 -1.13838 -0.711249 1.84962 4.77429e-09 1.89132e-09 
1.28424e-08 -1.26353 -0.454262 1.71779 -1.28424e-08 -9.30577e-08 
