0.00129944 1.26283 -2.65402 1.3912 -0.00129944 -2.5023e-06 
0.000235073 0.314603 -0.673876 0.359273 -0.000235073 -4.30079e-07 
0.000996633 -0.316679 0.854881 -0.538201 -0.000996633 -2.25626e-06 
-0.00135172 0.363002 -1.20143 0.838432 0.00135172 1.55152e-06 
-0.00167528 -0.0203257 -1.67253 1.69286 0.00167528 3.0949e-05 
-8.97251e-05 3.01335 1.4053 -4.41866 8.97251e-05 0.000222037 
-0.00013118 0.951683 -2.73999 1.78827 0.00013118 0.00032728 
3.52934e-05 -1.22102 2.75412 -1.53316 -3.52934e-05 -8.80903e-05 
4.8427e-05 3.6698 3.13414 -6.80393 -4.8427e-05 -0.000118658 
1.51269e-05 -0.733383 0.771319 -0.0379458 -1.51269e-05 -3.64091e-05 
4.60121e-05 -0.645511 2.22506 -1.57956 -4.60121e-05 -0.000111933 
3.67151e-07 0.257095 0.550623 -0.807717 -3.67151e-07 -8.75525e-07 
-7.19141e-08 -1.61784 3.02533 -1.40748 7.19141e-08 1.14463e-07 
2.7883e-05 -3.01654 0.861916 2.15457 -2.7883e-05 -7.4324e-05 
-3.58964e-06 -0.348593 -2.91185 3.26044 3.58964e-06 1.06355e-05 
-2.68317e-06 -1.25678 -2.06122 3.31798 2.68317e-06 8.06823e-06 
-1.19309e-05 -1.62337 2.59615 -0.972871 1.19309e-05 3.80083e-05 
2.07809e-05 -1.24201 2.73539 -1.49302 -2.07809e-05 -9.54138e-05 
-1.29747e-07 1.48143 -2.97728 1.49582 1.29747e-07 6.97089e-07 
-4.12985e-07 1.45651 -3 1.54349 4.12985e-07 2.23851e-06 
