-0 -0 0 -0 0 -0 
0.021881 -0.311628 0.669975 -0.358347 -0.021881 8.36035e-08 
-0.197292 -0.230757 0.362237 -0.13148 0.197292 -1.13852e-06 
0.909119 0.180434 0.197023 -0.377457 -0.909119 1.02547e-08 
0.0480687 0.0570936 -0.00116212 -0.0559314 -0.0480687 8.2587e-07 
0.188254 0.13405 -0.00410395 -0.129946 -0.188254 -5.46983e-07 
0.0184916 -0.224261 0.803491 -0.57923 -0.0184916 -1.64514e-06 
-0.0360525 0.0487815 0.113167 -0.161948 0.0360525 1.92901e-06 
0.00901107 -0.0619122 0.159126 -0.0972134 -0.00901107 1.3917e-07 
0.0738889 -0.0453732 0.173969 -0.128596 -0.0738889 -1.76474e-07 
0.0334578 0.646068 -1.32921 0.683143 -0.0334578 -2.15152e-07 
0.0228205 0.707902 -1.46265 0.754751 -0.0228205 -1.46618e-07 
0.0549283 0.862413 -1.72537 0.862958 -0.0549283 -1.08178e-07 
0.113897 0.0317845 0.132816 -0.1646 -0.113897 8.59799e-08 
0.0791385 0.108216 -0.0678029 -0.0404128 -0.0791385 1.83087e-07 
0.21876 0.352974 -0.200059 -0.152914 -0.21876 8.28503e-08 
0.425137 0.727144 0.152219 -0.87936 -0.425137 -2.58e-06 
0.179184 -0.246678 1.61982 -1.37314 -0.179184 2.60345e-06 
-0.043911 0.0514939 0.345727 -0.397221 0.043911 -2.30055e-07 
-5.82456e-16 1.58948e-15 1.40743e-15 -2.99692e-15 5.82456e-16 -1.4547e-21 
