-0.101795 0.796868 -1.74335 0.946485 0.101795 -1.59455e-06 
-0.0413341 0.6947 -1.48942 0.794717 0.0413341 -1.36328e-06 
0.865577 -0.837806 2.31961 -1.4818 -0.865577 2.10577e-06 
-3.51486 -0.17487 -1.88691 2.06178 3.51486 -1.65194e-06 
4.11332 -0.179196 2.71615 -2.53695 -4.11332 5.2377e-06 
2.42034 -0.477627 1.99433 -1.5167 -2.42034 8.56359e-06 
-0.747179 1.77148 -3.05651 1.28503 0.747179 -9.39209e-06 
1.73687 -2.67416 4.12315 -1.44899 -1.73687 -2.45624e-05 
0.199129 -1.04625 2.20541 -1.15916 -0.199129 2.43938e-06 
0.143999 0.14988 -0.475157 0.325277 -0.143999 -6.5456e-06 
-3.07721 2.13444 -4.34903 2.21458 3.07721 -3.44188e-05 
-2.20084 -0.977997 0.604926 0.373069 2.20084 -1.68522e-05 
0.22915 1.07611 -2.86847 1.79235 -0.22915 1.08823e-05 
-0.168013 -0.23917 0.591871 -0.352699 0.168013 3.52341e-07 
0.0154861 1.31747 -2.61962 1.30215 -0.0154861 4.40242e-05 
0.00328524 -0.859313 1.98307 -1.12376 -0.00328524 -2.77718e-05 
1.52571e-05 0.0825342 -0.197655 0.11512 -1.52571e-05 4.3782e-06 
0.000133441 0.0572862 -0.144297 0.0870105 -0.000133441 4.29803e-06 
0.000347414 -0.0294021 0.0388872 -0.00948519 -0.000347414 3.61927e-06 
0.000487631 -0.242244 0.488613 -0.246369 -0.000487631 1.14258e-06 
0.000285859 -0.683624 1.42118 -0.737556 -0.000285859 -5.02956e-06 
-0.00062483 -1.4936 3.13247 -1.63887 0.00062483 -1.74928e-05 
-0.000773117 -0.757051 1.61138 -0.854328 0.000773117 -1.31046e-05 
-0.000372448 0.0960064 -0.181955 0.0859485 0.000372448 -2.37435e-06 
-1.20653e-05 0.85921 -1.78648 0.927274 1.20653e-05 7.24179e-06 
-0.000137042 -0.850608 1.73246 -0.881857 0.000137042 -1.58898e-06 
0.000821856 4.2201 -8.86293 4.64282 -0.000821855 2.11303e-05 
-0.000493762 -2.7172 5.65073 -2.93353 0.000493759 -3.9947e-05 
0.000123322 0.573144 -1.38652 0.813375 -0.000123293 0.000170182 
-0.00196805 -1.77219 2.75039 -0.978241 0.0019759 0.00472733 
0.182313 2.29418 -3.23527 0.868914 -0.254266 -0.0690104 
0.0598698 -0.115263 0.245126 -0.153368 -0.083315 -0.0236121 
-1.03242 -3.75525 3.23746 0.923222 1.43681 0.406691 
3.00844 8.15275 -8.92212 -0.412104 -4.1869 -1.18474 
-0.960731 -2.05669 2.49245 -0.0584494 1.33707 0.378323 
0.736674 1.47671 -1.98365 0.217638 -1.02524 -0.290102 
0.929028 2.00304 -2.5724 0.204514 -1.29294 -0.36585 
0.213206 0.58687 -0.672036 0.00143589 -0.296722 -0.08396 
-0.390933 -0.637 0.947177 -0.156651 0.544068 0.153949 
0.155218 0.266964 -0.385155 0.0572335 -0.216019 -0.0611245 
0.228225 0.415765 -0.581312 0.0759185 -0.317624 -0.0898746 
0.388355 0.742986 -1.01201 0.116507 -0.54048 -0.152934 
0.666091 1.31244 -1.76004 0.186021 -0.92701 -0.262305 
0.834942 1.67721 -2.23269 0.287601 -1.10214 -0.268618 
0.812283 1.67867 -2.21736 0.43135 -0.919349 -0.107634 
0.445682 1.02055 -1.31886 0.628553 -0.116277 0.331155 
-0.44939 -0.655869 0.941269 0.892699 1.62448 1.18134 
-1.89882 -3.49961 4.73865 0.758226 3.89099 2.00275 
-2.7458 -5.15065 6.93837 0.793741 5.32117 2.58801 
-1.81719 -3.44359 4.61836 0.313917 3.3068 1.4877 
-0.725824 -1.44589 1.90312 -0.289296 0.902423 0.1586 
0.359715 0.556154 -0.814118 -0.811404 -1.41307 -1.08661 
1.41738 2.50681 -3.4616 -1.31993 -3.66893 -2.29966 
1.56597 2.77302 -3.7966 -1.29103 -3.87029 -2.3257 
1.23345 2.13864 -2.9224 -0.998977 -3.0262 -1.77196 
1.06739 1.67678 -2.17674 -0.859427 -2.51773 -1.26144 
-0.331608 -1.1286 1.886 0.298916 1.13162 1.33231 
-1.3538 -2.16643 2.88567 0.955808 3.16624 1.52708 
-2.8115 -1.31628 -0.216213 1.52125 4.65198 -2.00529 
2.16086 1.53892 -0.974511 -1.0651 -3.85615 0.785717 
2.99779 1.46941 -0.0220731 -1.45557 -4.97137 2.10818 
1.78176 0.780952 0.191251 -0.876272 -2.99922 1.29513 
-0.905348 -0.461878 0.0895107 0.405989 1.0935 -1.04706 
-1.55403 -0.749548 0.0364539 0.719506 2.60269 -1.06348 
-1.51448 -0.720752 0.0137326 0.704008 2.98541 -0.562411 
0.840102 0.398692 -0.00540789 -0.390697 -1.72688 0.23672 
0.765619 0.360822 -0.000340683 -0.356254 -1.75769 0.0198428 
0.503498 0.231235 0.00899579 -0.233858 -1.71074 -0.579708 
-0.170672 -0.0962258 0.0195519 0.0828182 -1.34386 -1.86248 
-1.59994 -0.783837 0.0266656 0.756315 -0.286833 -4.28792 
-3.06268 -1.48737 0.0314036 1.44538 1.04062 -6.37797 
-2.01245 -0.976451 0.021514 0.943929 2.20743 -2.10014 
-0.23135 -0.12429 0.0176043 0.102397 1.35509 1.78404 
1.40225 0.657349 0.0139621 -0.669426 0.569824 5.33981 
2.09491 1.00196 0.000573233 -0.99831 0.410349 6.0614 
2.25371 1.09926 -0.0121988 -1.08381 1.10386 4.82565 
2.74239 1.40424 -0.073933 -1.32893 2.66311 2.49423 
3.01855 1.64404 -0.166781 -1.47963 4.89612 -2.36291 
1.28187 0.728188 -0.0510252 -0.678782 1.13442 -3.19848 
-2.83879 -1.44763 0.162157 1.28553 -6.18089 -3.5776 
-3.62807 -1.89784 0.144491 1.75401 -4.32312 0.479828 
-2.74772 -1.45758 -0.0116858 1.4694 2.23234 5.75069 
-3.30666 -1.78006 -0.114856 1.89468 8.6001 12.7061 
-2.21596 -1.2083 -0.147981 1.35615 7.73034 9.5643 
1.64745 0.871806 -0.0420192 -0.829466 -3.13206 -6.74906 
2.50315 1.3376 0.0180055 -1.35521 -6.24468 -10.6572 
1.23073 0.65689 0.00416014 -0.660958 -3.0632 -4.66916 
1.76368 0.961284 0.0328981 -0.994588 -4.04492 -3.52609 
2.39081 1.32648 0.0757515 -1.40343 -5.07269 -1.01107 
2.92846 1.64952 0.124131 -1.77561 -5.78134 2.68724 
1.15613 0.664659 0.0481884 -0.711402 -2.12818 1.89733 
-1.62115 -0.880783 -0.0714846 0.958766 3.57207 0.510094 
-5.26073 -2.89589 -0.248931 3.1563 11.1461 -1.25206 
-2.82282 -1.54045 -0.0949912 1.59039 5.93945 -0.715922 
2.87628 1.59777 0.301378 -1.91054 -5.96009 0.669519 
-1.35129 -0.919241 1.13505 1.02586 5.26622 0.636843 
-0.351012 -0.179728 -0.514502 0.0652413 -1.25909 -0.5107 
1.36771 0.176491 2.29886 -0.49377 -0.501201 1.97291 
-0.734028 -0.0851678 -1.37793 0.408521 0.371515 -1.0585 
-0.874434 -0.108318 -1.62101 0.468467 0.390034 -1.26114 
-0.0265273 -0.00669603 -0.0923854 0.0602966 0.00567131 -0.0382779 
-0.0357562 -0.00345016 -0.0533019 0.0053295 0.0175021 -0.0515638 
-0.129351 -0.0147785 -0.221861 0.0502509 0.059138 -0.18655 
-0.344934 -0.0409454 -0.609995 0.153631 0.154514 -0.497474 
-0.748279 -0.0900531 -1.33593 0.346869 0.331881 -1.0792 
-1.39311 -0.168913 -2.49641 0.655941 0.614033 -2.00921 
-1.5356 -0.189772 -2.75764 0.732416 0.675834 -2.21473 
-1.14088 -0.149202 -2.05766 0.561129 0.501032 -1.64544 
0.534758 0.0473156 0.9392 -0.215399 -0.238052 0.771247 
1.76389 0.188933 3.13989 -0.784787 -0.779164 2.54396 
2.05786 0.226025 3.67474 -0.932661 -0.908203 2.96795 
1.73746 0.168295 3.11038 -0.7727 -0.766797 2.50584 
0.772843 0.0771206 1.45381 -0.416241 -0.341081 1.11463 
-1.74945 -0.386782 -2.61033 0.473835 0.772092 -2.52315 
4.69352 0.213196 8.47659 -1.92021 -2.07141 6.76922 
0.299379 -0.520385 1.56251 -0.61034 -0.132123 0.431803 
-0.000224896 -1.36068 2.81892 -1.45873 8.6587e-05 -0.000443886 
1.97964e-05 1.48771 -2.82381 1.33619 -1.97974e-05 -9.38947e-05 
9.88428e-07 0.896612 -1.79133 0.894724 -9.88428e-07 -5.39506e-06 
-4.12985e-07 1.45651 -3 1.54349 4.12985e-07 2.23851e-06 
