0 0 0 0 0 0 
-0.00589534 0.0476417 -0.104106 0.0564645 0.00589534 -9.52244e-08 
-0.00899782 0.165924 -0.355174 0.189251 0.00899782 -3.25114e-07 
0.0369153 0.197195 -0.391566 0.194372 -0.0369153 -3.59442e-07 
-0.250689 0.202017 -0.589776 0.38776 0.250689 -5.01403e-07 
-0.325188 0.209655 -0.687205 0.47755 0.325188 -2.63588e-07 
-0.227729 0.186341 -0.643956 0.457614 0.227729 6.34557e-07 
-0.213424 0.235913 -0.767158 0.531245 0.213424 3.87939e-07 
-0.193267 0.268935 -0.859462 0.590526 0.193267 -1.67743e-07 
-0.197524 0.29176 -0.90834 0.61658 0.197524 -3.83912e-07 
-0.166163 0.28949 -0.936134 0.646643 0.166163 -4.2457e-07 
-0.0777718 0.34331 -1.03353 0.69022 0.0777718 1.08551e-07 
0.00523227 0.354592 -1.0846 0.730012 -0.00523227 6.96289e-07 
0.000838326 0.347479 -1.14764 0.800164 -0.000838326 -3.61135e-07 
0.000282164 0.335094 -1.1667 0.831604 -0.000282164 -6.8826e-07 
-0.000334636 0.430832 -1.39488 0.964048 0.000334636 2.879e-06 
-0.000350255 0.455532 -1.4533 0.997768 0.000350255 4.04364e-06 
-0.000347394 0.462385 -1.46979 1.00741 0.000347394 4.42214e-06 
-0.000327427 0.475549 -1.50243 1.02688 0.000327427 5.31334e-06 
-0.000266253 0.483917 -1.52773 1.04381 0.000266253 6.62331e-06 
-0.000149656 0.460792 -1.48929 1.0285 0.000149656 8.03429e-06 
-5.65927e-06 0.351534 -1.27167 0.920134 5.65927e-06 8.77581e-06 
8.10423e-05 0.0809832 -0.715843 0.63486 -8.10423e-05 7.661e-06 
8.34272e-05 -0.294151 0.0613407 0.23281 -8.34272e-05 4.95772e-06 
4.04888e-05 -0.65861 0.818478 -0.159868 -4.04888e-05 1.95688e-06 
-4.51077e-06 -0.921494 1.36443 -0.442937 4.51077e-06 -1.90326e-07 
-2.17443e-05 -1.03056 1.58604 -0.555486 2.17443e-05 -5.45018e-07 
7.28286e-06 -0.912648 1.32847 -0.415825 -7.28281e-06 -1.76932e-06 
3.36277e-07 -0.992928 1.48159 -0.488657 -3.3651e-07 -4.61404e-06 
3.86657e-06 -1.06005 1.58945 -0.529396 -3.86905e-06 -9.5101e-06 
-7.46855e-05 -1.27335 1.91338 -0.640006 0.000105005 2.38544e-05 
-0.000832487 -1.35285 2.0199 -0.66672 0.00115848 0.000328332 
0.00332593 -1.36985 2.04811 -0.679571 -0.00462808 -0.00131323 
0.00422045 -1.47737 2.11769 -0.641977 -0.00587332 -0.00166381 
0.0230931 -1.46649 2.09963 -0.642205 -0.032139 -0.00909409 
-0.136077 -1.83645 2.56046 -0.670568 0.189381 0.0535872 
-0.226636 -2.07021 2.83645 -0.677232 0.315413 0.0892491 
-0.21402 -2.08138 2.82651 -0.661082 0.297855 0.0842808 
-0.174309 -2.0193 2.732 -0.644246 0.242589 0.0686427 
-0.165491 -2.00437 2.71027 -0.640912 0.230317 0.0651702 
-0.14573 -1.97016 2.66109 -0.633704 0.202814 0.0573881 
-0.0975754 -1.88403 2.53947 -0.617122 0.135797 0.038425 
-0.00140983 -1.70587 2.29262 -0.586199 0.00196207 0.000555181 
0.172854 -1.37376 1.83928 -0.532552 -0.239713 -0.0672144 
0.44592 -0.842967 1.1215 -0.443796 -0.610763 -0.165719 
0.813509 -0.116319 0.145131 -0.302482 -1.08648 -0.274424 
1.22955 0.723207 -0.976653 -0.0846909 -1.56683 -0.339066 
1.5746 1.44856 -1.93847 0.228068 -1.83578 -0.26257 
1.69067 1.75199 -2.329 0.632854 -1.63497 0.0559997 
1.50302 1.48612 -1.95255 1.12551 -0.845504 0.660765 
1.09711 0.806624 -1.02139 1.65556 0.340809 1.44388 
0.600833 -0.0518835 0.145674 2.15508 1.64489 2.25226 
0.147656 -0.843833 1.21525 2.55688 2.77915 2.92991 
-0.140774 -1.34493 1.88311 2.80314 3.48491 3.33828 
-0.243077 -1.51647 2.09944 2.89557 3.73004 3.46946 
-0.194695 -1.42818 1.9623 2.86557 3.60642 3.38672 
-0.0299152 -1.16111 1.59583 2.74211 3.21058 3.1727 
0.106152 -0.999223 1.40776 2.64366 2.91645 3.08408 
0.072934 -1.08376 1.53278 2.66116 3.00344 3.1466 
-0.185531 -1.26968 1.632 2.80326 3.4622 3.04593 
-0.249038 -1.29651 1.6029 2.8487 3.56165 2.98547 
0.037064 -1.14886 1.56597 2.72362 3.07969 3.16652 
0.509602 -0.918703 1.54799 2.50642 2.27431 3.47214 
0.893118 -0.734798 1.54129 2.32861 1.57518 3.67443 
1.09581 -0.638262 1.53929 2.23441 1.17898 3.75323 
1.13683 -0.618776 1.53899 2.21533 1.09571 3.76592 
1.22637 -0.576314 1.53847 2.17369 0.90958 3.78894 
1.40642 -0.491229 1.53795 2.08993 0.512187 3.81058 
1.64311 -0.380217 1.53853 1.9799 -0.0883772 3.75552 
1.85168 -0.284401 1.54143 1.88341 -0.844143 3.46444 
1.86024 -0.286475 1.54749 1.88148 -1.62659 2.64765 
1.51454 -0.460704 1.55733 2.04671 -2.28885 1.09702 
0.914135 -0.75896 1.57031 2.3316 -2.7373 -0.793076 
0.284345 -1.07291 1.58542 2.62953 -3.02164 -2.47131 
-0.181121 -1.30983 1.60217 2.84899 -3.23425 -3.51932 
-0.406615 -1.43284 1.62009 2.95388 -3.40178 -3.85605 
-0.361414 -1.4235 1.63626 2.92852 -3.42997 -3.63046 
0.0127118 -1.24526 1.64316 2.74369 -3.12897 -3.13074 
0.718657 -0.887767 1.63378 2.39571 -2.34556 -2.82457 
1.56537 -0.449841 1.61913 1.97236 -1.45313 -2.90474 
2.15239 -0.143682 1.62129 1.66396 -1.18116 -3.39343 
2.31146 -0.0612143 1.64044 1.56234 -1.42012 -3.8337 
2.11234 -0.168837 1.66003 1.6504 -1.39805 -3.55364 
1.52783 -0.483913 1.66644 1.95906 -0.394435 -1.82003 
0.729317 -0.915885 1.65627 2.40118 1.40295 0.867672 
0.102533 -1.25719 1.6404 2.75837 2.89806 2.8587 
-0.241306 -1.44719 1.62627 2.96256 3.70096 3.67864 
-0.383552 -1.52874 1.6145 3.05594 4.00933 3.799 
-0.312147 -1.49375 1.60684 3.02862 3.82941 3.50788 
0.0486296 -1.29811 1.60849 2.83119 3.03742 3.11192 
0.726957 -0.923755 1.62311 2.4419 1.61442 2.96134 
1.53462 -0.474874 1.64311 1.97291 -0.0446836 3.03359 
2.15769 -0.125952 1.654 1.61386 -1.29289 3.16566 
2.24179 -0.0732733 1.63954 1.57707 -1.39625 3.18141 
2.05951 -0.165411 1.61744 1.68684 -0.939121 3.12807 
2.14814 -0.107438 1.63822 1.61316 -1.00936 3.14499 
2.16254 -0.0767555 1.61906 1.5772 -0.949643 3.11894 
2.13177 -0.0803784 1.59283 1.5624 -0.939064 3.07454 
2.28852 -0.0613138 1.89271 1.46898 -1.0147 3.30059 
2.39897 -0.047312 2.10231 1.40467 -1.06369 3.45989 
2.41286 -0.0452472 2.13235 1.39265 -1.06924 3.47993 
2.41158 -0.0453459 2.13076 1.3925 -1.06857 3.47808 
2.40618 -0.0458859 2.12247 1.39356 -1.06596 3.4703 
2.38398 -0.0483554 2.08525 1.40127 -1.05569 3.43828 
2.3183 -0.0559917 1.97109 1.4284 -1.02597 3.34356 
2.15953 -0.0748374 1.6907 1.49872 -0.954982 3.11458 
1.84108 -0.113082 1.12414 1.64428 -0.813586 2.65529 
1.3428 -0.1736 0.234627 1.87569 -0.593048 1.93665 
0.735846 -0.248578 -0.85126 2.16116 -0.324847 1.06127 
0.192426 -0.317977 -1.82559 2.42111 -0.0849273 0.277526 
-0.142691 -0.365082 -2.42912 2.58839 0.0629742 -0.205796 
-0.234599 -0.385815 -2.59847 2.64591 0.103536 -0.338349 
-0.125869 -0.386637 -2.4079 2.61299 0.0555501 -0.181534 
0.0456075 -0.381756 -2.09534 2.54288 -0.0201281 0.0657774 
-0.0166424 -0.416876 -2.15037 2.54325 0.00734484 -0.0240025 
-0.000712953 -0.475328 -2.01461 2.48891 0.000314629 -0.00102846 
-1.53784e-07 -0.635001 -1.7132 2.3482 6.95689e-08 -2.30035e-07 
-3.62061e-09 -0.949347 -1.09423 2.04357 3.62054e-09 -5.87942e-09 
-5.2987e-09 -1.1798 -0.626481 1.80628 5.2987e-09 5.10317e-09 
1.28424e-08 -1.26353 -0.454262 1.71779 -1.28424e-08 -9.30577e-08 
