-0 0 -0 0 0 -0 
-0.0311519 0.26964 -0.587794 0.318154 0.0311519 -5.37692e-07 
0.063677 0.326397 -0.646469 0.320072 -0.063677 -5.93492e-07 
-0.071126 -0.0791026 0.120939 -0.0418364 0.071126 1.12314e-07 
-1.01281 0.0850505 -0.871579 0.786529 1.01281 -3.73033e-07 
0.401031 -0.0457092 0.182603 -0.136893 -0.401031 1.89834e-06 
0.0097323 0.0614826 -0.23036 0.168877 -0.0097323 2.05383e-06 
0.295146 -0.198621 0.203523 -0.00490234 -0.295146 -5.94001e-06 
-0.0211007 0.1048 -0.221645 0.116845 0.0211007 -6.22615e-07 
-0.0166117 0.125443 -0.275639 0.150195 0.0166117 -1.6053e-06 
0.0464578 -0.070016 -0.0293995 0.0994155 -0.0464578 6.97217e-07 
0.880192 0.122372 0.00884489 -0.131216 -0.880192 7.09891e-06 
-0.188975 0.0418952 -0.472093 0.430197 0.188975 -1.63195e-06 
0.011242 -0.201603 0.272448 -0.0708451 -0.011242 -7.24588e-06 
-0.0043602 0.206875 -0.540804 0.333929 0.0043602 7.45741e-06 
-0.000262411 0.193933 -0.455173 0.26124 0.000262411 8.35399e-06 
9.42919e-07 0.00628282 -0.0150359 0.00875312 -9.42919e-07 3.31375e-07 
2.24419e-05 0.0317481 -0.0769206 0.0451724 -2.24419e-05 1.84428e-06 
0.000105095 0.0391045 -0.100537 0.0614325 -0.000105095 3.25001e-06 
0.000255585 -0.00313164 -0.0193632 0.0224948 -0.000255585 4.15265e-06 
0.000404576 -0.155459 0.294421 -0.138962 -0.000404576 3.61851e-06 
0.000372447 -0.520472 1.05757 -0.537097 -0.000372447 -6.62458e-08 
0.000117323 -0.99946 2.06472 -1.06526 -0.000117323 -6.14626e-06 
-8.03998e-05 -1.11158 2.30733 -1.19575 8.03998e-05 -8.80104e-06 
-0.000146027 -0.943179 1.96019 -1.01701 0.000146027 -7.92436e-06 
-0.000107696 -0.602955 1.24948 -0.646527 0.000107696 -4.48453e-06 
7.15192e-05 0.309119 -0.671627 0.362508 -7.15193e-05 4.29131e-06 
-5.26495e-06 -0.163936 0.305267 -0.141331 5.26522e-06 -1.68256e-05 
5.27084e-06 -0.0766813 0.108536 -0.0318549 -5.2714e-06 1.14332e-05 
3.29285e-05 -0.368367 0.590871 -0.222504 -3.28232e-05 -7.24364e-05 
-0.00182986 -0.567014 0.792375 -0.224633 0.00255563 0.000674034 
0.00389197 -0.0219063 0.0349022 -0.0145238 -0.00541596 -0.0015356 
-0.0462738 -0.302605 0.316046 0.0047343 0.0644023 0.0182111 
0.367633 0.590659 -0.858306 0.123268 -0.511643 -0.144763 
-0.421395 -0.97718 1.23195 -0.0892769 0.586462 0.165946 
-0.423434 -1.01004 1.23772 -0.0613849 0.5893 0.166748 
-0.088445 -0.308844 0.321677 0.0219011 0.12309 0.0348294 
0.118687 0.160477 -0.266219 0.0591308 -0.165179 -0.0467389 
0.0745536 0.125189 -0.183032 0.0285641 -0.103757 -0.0293591 
0.0268282 0.045792 -0.0663443 0.0100164 -0.0373372 -0.0105649 
0.0911904 0.159811 -0.228196 0.0325727 -0.126911 -0.0359107 
0.195371 0.355098 -0.497092 0.0652684 -0.271901 -0.0769368 
0.374482 0.703778 -0.967673 0.116829 -0.521173 -0.14747 
0.638923 1.23004 -1.67059 0.197996 -0.880857 -0.243219 
0.932512 1.8272 -2.46266 0.321462 -1.24571 -0.314862 
1.16341 2.31985 -3.10875 0.503773 -1.4478 -0.285905 
1.18101 2.41838 -3.22137 0.76577 -1.21813 -0.0373179 
0.725986 1.60156 -2.10775 1.02798 -0.205534 0.523218 
-0.11607 0.0322991 0.0103454 1.30793 1.46321 1.35428 
-0.910907 -1.46465 2.02336 1.50151 2.96678 2.06491 
-1.36625 -2.33765 3.18842 1.51903 3.73332 2.37273 
-1.42901 -2.49065 3.37548 1.32751 3.64292 2.21065 
-1.11964 -1.95732 2.63104 0.957033 2.75876 1.62174 
-0.53626 -0.919431 1.20445 0.464906 1.30182 0.733078 
-0.0784819 -0.115674 0.105259 0.0899311 0.173858 0.0624377 
0.348046 0.598394 -0.85327 -0.255085 -0.857726 -0.510263 
0.520602 0.778496 -1.0238 -0.389423 -1.21239 -0.573284 
0.21669 0.117249 -0.0344219 -0.150061 -0.396075 0.0535385 
-0.492254 -0.556266 0.577724 0.28372 0.983785 0.104502 
-0.666371 -0.359828 0.00974806 0.367917 1.1139 -0.444878 
0.337251 0.195588 -0.121556 -0.123549 -0.586059 0.165096 
1.24999 0.61937 -0.0782097 -0.567982 -2.08736 0.842685 
1.31777 0.635114 -0.0312123 -0.60957 -2.31608 0.784428 
0.854667 0.407969 -0.0104371 -0.39697 -1.62426 0.381362 
0.315603 0.149973 -0.00241485 -0.146745 -0.636092 0.102372 
0.114675 0.0544415 -0.000776552 -0.0533277 -0.234414 0.0337005 
0.396762 0.187956 -0.00192764 -0.18455 -0.839394 0.0864319 
0.62518 0.294653 -0.000512746 -0.290803 -1.44673 0.00379733 
0.699231 0.325873 0.00446787 -0.324706 -1.99107 -0.394687 
0.419685 0.186344 0.0126749 -0.192192 -2.30072 -1.42147 
-0.459194 -0.240977 0.0224485 0.222891 -2.12554 -3.41097 
-1.48471 -0.739644 0.0338792 0.706171 -1.62429 -5.30755 
-1.86997 -0.928699 0.0406638 0.885801 -1.00767 -5.35276 
-1.66247 -0.834135 0.0461374 0.785362 -0.675329 -4.10645 
-0.976075 -0.509381 0.0495947 0.458537 -0.55973 -1.88102 
-0.291532 -0.182099 0.0518127 0.130277 -0.35299 -0.0863003 
0.580201 0.253583 0.0377629 -0.290502 0.280715 1.2512 
1.59215 0.787852 -0.00364126 -0.783494 1.58855 1.33917 
2.37318 1.2181 -0.0437271 -1.17436 2.70596 0.375719 
2.29691 1.19488 -0.0285347 -1.16666 2.03387 -0.878299 
1.03602 0.541169 0.0402776 -0.581528 -0.371719 -1.70847 
-0.0689386 -0.0407486 0.0609715 -0.0201735 -0.625901 -0.52287 
-1.11251 -0.598893 0.0448287 0.554104 1.1343 2.55384 
-2.18267 -1.17822 -0.00908737 1.18724 4.54861 7.18833 
-2.16323 -1.17336 -0.0426176 1.21596 5.09946 7.23953 
-1.39765 -0.765666 -0.0453525 0.811134 3.333 4.0042 
-0.652877 -0.365701 -0.0360942 0.401979 1.47591 1.10854 
-0.13549 -0.0863626 -0.0300259 0.116525 0.243162 -0.349526 
0.583004 0.309004 -0.0116115 -0.297524 -1.33886 -1.18183 
1.53417 0.841186 0.0243871 -0.866297 -3.27829 -0.862276 
2.26993 1.25781 0.0554622 -1.31413 -4.70572 -0.0505083 
2.22089 1.23797 0.0527968 -1.29029 -4.51957 0.386416 
1.10534 0.626372 -0.00282149 -0.619058 -2.12326 0.252619 
-0.483561 -0.24657 -0.0717252 0.318784 1.2344 -0.131761 
-0.161944 -0.0608442 -0.0301903 0.0641991 0.54966 -0.0795349 
0.473465 0.271049 0.220381 -0.346483 -0.368296 0.198573 
-0.345006 -0.0314444 -0.531769 0.07427 0.252126 -0.49727 
0.243891 0.0279182 0.502349 -0.181408 -0.141182 0.351646 
0.493181 0.0613615 0.927884 -0.278409 -0.223309 0.711271 
0.138645 0.0184084 0.272036 -0.0903172 -0.0593801 0.199966 
-0.00770657 -0.000407279 -0.00719801 -0.00342606 0.00436931 -0.0111117 
-0.00533092 -0.000472275 -0.00741041 0.000222556 0.00268445 -0.00768747 
-0.0311302 -0.00328941 -0.0500222 0.00849694 0.0147206 -0.0448944 
-0.109172 -0.0124394 -0.186704 0.0418335 0.0499275 -0.157447 
-0.29232 -0.034369 -0.512584 0.125546 0.131478 -0.421591 
-0.661175 -0.0789438 -1.17265 0.298194 0.294455 -0.95357 
-1.18132 -0.142546 -2.10571 0.544604 0.523538 -1.70374 
-1.66575 -0.203663 -2.97707 0.77831 0.736558 -2.40242 
-1.72665 -0.216 -3.09224 0.817894 0.76257 -2.49026 
-1.33179 -0.175473 -2.3916 0.646209 0.587822 -1.92077 
-0.582213 -0.0937783 -1.05509 0.309128 0.25695 -0.839695 
0.0286594 -0.0303838 0.0365008 0.035219 -0.0126483 0.0413341 
0.543546 0.0205682 0.968403 -0.205002 -0.239885 0.783928 
0.319223 -0.0155567 0.62797 -0.15199 -0.140884 0.460399 
-0.0448308 -0.127566 0.143094 -0.0801881 0.0197854 -0.0646566 
0.0244695 -0.246064 0.49691 -0.215554 -0.0107992 0.035291 
2.43387e-05 -0.707811 1.3583 -0.650451 -1.04157e-05 3.81863e-05 
-3.74849e-07 -0.90313 1.81378 -0.910656 3.74871e-07 1.78905e-06 
2.93376e-08 -0.452018 0.926979 -0.474961 -2.93377e-08 -1.56024e-07 
-4.30513e-22 1.51833e-15 -3.12733e-15 1.609e-15 4.30513e-22 2.33352e-21 
