0 0 0 0 0 0 
-0.000127013 -0.126763 0.267222 -0.140459 0.000127013 -1.7864e-08 
-0.000191835 -0.190166 0.399418 -0.209252 0.000191835 4.43382e-08 
-7.236e-05 -0.322116 0.653792 -0.331676 7.236e-05 -4.02866e-07 
-1.1993e-06 -0.536762 0.955006 -0.418245 1.1993e-06 4.80858e-09 
-3.25447e-07 -0.636365 1.08097 -0.444609 3.25447e-07 -1.83105e-07 
-6.36945e-08 -0.909738 1.42943 -0.519687 6.36945e-08 1.00717e-07 
6.21848e-07 -1.18793 1.89716 -0.70923 -6.21848e-07 -1.60896e-06 
7.82166e-08 -1.20958 1.9656 -0.756022 -7.82166e-08 -2.55272e-07 
2.08976e-07 -1.40294 2.10618 -0.703242 -2.08976e-07 -5.72253e-07 
1.69396e-07 -1.5385 2.19458 -0.656082 -1.69396e-07 -4.66636e-07 
9.23524e-08 -1.82359 2.34871 -0.525125 -9.23524e-08 -2.62508e-07 
-1.80222e-08 -1.9413 2.32215 -0.380854 1.80222e-08 1.17909e-08 
-4.01588e-09 -2.29631 2.19905 0.0972532 4.01588e-09 -1.62836e-08 
-5.47941e-09 -2.32997 2.00536 0.324616 5.47941e-09 -7.44849e-09 
1.52958e-08 -2.12614 1.43366 0.692489 -1.52958e-08 -9.04059e-08 
-4.42031e-09 -1.92275 0.956411 0.966338 4.42031e-09 -1.24655e-09 
-4.40646e-09 -1.80521 0.695628 1.10958 4.40646e-09 -1.2602e-10 
-4.29387e-09 -1.72394 0.517782 1.20616 4.29387e-09 -4.53168e-11 
-4.25748e-09 -1.69491 0.454262 1.24064 4.25748e-09 3.55271e-15 
