0 0 0 0 0 0 
-0.00626812 0.0607066 -0.132843 0.0721368 0.00626812 -1.22672e-07 
0.00211308 0.192858 -0.404464 0.211606 -0.00211308 -3.70156e-07 
-0.0271894 0.182471 -0.405979 0.223508 0.0271894 -3.76049e-07 
-0.270144 0.139987 -0.521336 0.381349 0.270144 -4.66891e-07 
-0.218933 0.115506 -0.500383 0.384877 0.218933 2.72152e-07 
-0.0705956 0.183715 -0.593008 0.409292 0.0705956 4.45548e-07 
0.0158536 0.271725 -0.800764 0.529038 -0.0158536 -4.47677e-07 
0.000642853 0.294722 -0.994287 0.699564 -0.000642853 6.97357e-07 
-0.000392021 0.294354 -1.03281 0.73846 0.000392021 -4.97748e-07 
2.72964e-05 0.303882 -1.13428 0.830402 -2.72964e-05 7.88425e-06 
-7.26274e-07 0.289183 -1.1742 0.885017 7.26274e-07 8.91409e-08 
8.03186e-06 0.406119 -1.43295 1.02683 -8.03186e-06 -9.95018e-07 
5.44582e-06 0.437698 -1.50243 1.06473 -5.44582e-06 -6.59721e-07 
3.99257e-06 0.428543 -1.48355 1.05501 -3.99257e-06 -4.78128e-07 
3.38421e-06 0.421053 -1.46787 1.04682 -3.38421e-06 -4.03077e-07 
1.54101e-06 0.382043 -1.38575 1.00371 -1.54101e-06 -1.80073e-07 
-8.49086e-07 0.253486 -1.11438 0.860889 8.49086e-07 8.81047e-08 
-2.11991e-06 -0.0456054 -0.482679 0.528284 2.11991e-06 1.79619e-07 
-1.48759e-06 -0.495457 0.46716 0.0282972 1.4876e-06 5.53688e-08 
-1.51021e-07 -0.862944 1.24202 -0.379078 1.51022e-07 -1.19587e-08 
3.98217e-07 -1.02117 1.57355 -0.552377 -3.98225e-07 1.92312e-07 
2.4562e-07 -1.02257 1.57211 -0.549541 -2.45637e-07 4.55171e-07 
-1.23176e-08 -0.928988 1.36793 -0.438946 1.23193e-08 -4.95088e-08 
1.87623e-06 -0.963698 1.42821 -0.464512 -1.87622e-06 -4.60805e-06 
-3.61763e-07 -1.01827 1.51981 -0.50154 3.62654e-07 8.0652e-07 
-2.29081e-09 -1.16224 1.75055 -0.588311 -4.8341e-09 -3.51893e-09 
-0.00105385 -1.34125 2.00427 -0.662603 0.00146683 0.000416321 
0.00138642 -1.35524 2.02651 -0.671814 -0.00192987 -0.000547068 
-0.016589 -1.486 2.15149 -0.658981 0.0230936 0.00653468 
0.0387768 -1.41482 2.03342 -0.633825 -0.0539797 -0.0152832 
0.0615788 -1.37431 1.9824 -0.632273 -0.0857216 -0.0242688 
0.0557562 -1.38955 2.00211 -0.634458 -0.0776163 -0.021974 
0.0529676 -1.39634 2.01079 -0.635251 -0.0737344 -0.020875 
0.0426118 -1.42096 2.04209 -0.637862 -0.0593184 -0.0167936 
0.0156852 -1.48365 2.12124 -0.643754 -0.0218349 -0.00618164 
-0.0442715 -1.62183 2.29455 -0.655335 0.0616289 0.0174476 
-0.139203 -1.84392 2.56961 -0.671019 0.19378 0.0548606 
-0.223242 -2.05905 2.82456 -0.677838 0.310767 0.0879805 
-0.198172 -2.05809 2.78977 -0.653846 0.275869 0.0781005 
-0.0121682 -1.72606 2.32041 -0.589565 0.016939 0.00479554 
0.320725 -1.08745 1.45144 -0.485689 -0.442215 -0.122121 
0.703336 -0.335408 0.438935 -0.348344 -0.94774 -0.245674 
1.07301 0.404721 -0.551887 -0.177229 -1.39686 -0.325531 
1.37986 1.03355 -1.38943 0.0243431 -1.71084 -0.332698 
1.59064 1.48414 -1.98528 0.251709 -1.83965 -0.250304 
1.68738 1.71948 -2.29087 0.499544 -1.75911 -0.0720996 
1.66372 1.72773 -2.29065 0.774801 -1.45219 0.212618 
1.51302 1.50213 -1.97466 1.1089 -0.877637 0.638464 
1.23735 1.04528 -1.34726 1.49311 -0.0478976 1.19461 
0.860725 0.399552 -0.46706 1.90462 0.974285 1.84149 
0.43554 -0.34046 0.536387 2.30572 2.06423 2.50555 
0.0434575 -1.02581 1.45941 2.6456 3.03538 3.07993 
-0.193759 -1.43509 2.00008 2.84947 3.61134 3.40798 
-0.241487 -1.51064 2.08379 2.898 3.7196 3.45669 
-0.14235 -1.33949 1.83751 2.82656 3.47432 3.30921 
0.0126634 -1.1001 1.51724 2.71051 3.11365 3.13043 
0.110466 -0.99708 1.40746 2.64089 2.91999 3.09457 
0.0939242 -1.05871 1.5056 2.64915 2.97529 3.1518 
-0.124018 -1.23488 1.62744 2.76942 3.33303 3.06423 
-0.271889 -1.31122 1.61648 2.85506 3.54288 2.93023 
-0.113461 -1.22458 1.5786 2.79124 3.30611 3.04672 
0.289427 -1.02484 1.55371 2.60831 2.71941 3.38553 
0.710286 -0.821303 1.54239 2.41408 2.0635 3.7022 
1.00093 -0.682121 1.53799 2.27933 1.56199 3.87363 
1.1328 -0.619296 1.53669 2.21809 1.3151 3.93232 
1.15972 -0.606499 1.53648 2.20559 1.26281 3.94242 
1.25351 -0.561979 1.53587 2.16199 1.0747 3.97175 
1.41986 -0.483337 1.53535 2.08464 0.712689 3.99558 
1.63191 -0.383917 1.53595 1.98599 0.166211 3.94131 
1.82815 -0.293818 1.53903 1.89476 -0.565444 3.66581 
1.88764 -0.271681 1.54604 1.86764 -1.45622 2.91468 
1.66683 -0.386739 1.55783 1.97208 -2.41933 1.44155 
1.21501 -0.613566 1.57152 2.18533 -3.17683 -0.361799 
0.720449 -0.859574 1.58302 2.41933 -3.54086 -1.8713 
0.295622 -1.07015 1.59081 2.62146 -3.51292 -2.8277 
-0.00153388 -1.21728 1.59439 2.76448 -3.13802 -3.14158 
-0.188385 -1.31 1.59388 2.85735 -2.3325 -2.76951 
-0.255283 -1.34412 1.58841 2.89681 -0.907653 -1.50037 
-0.177761 -1.30879 1.57859 2.87143 1.02572 0.612258 
-0.0232812 -1.23941 1.56935 2.8116 2.8904 2.83598 
0.0541007 -1.21339 1.56852 2.78664 3.78353 3.91182 
0.0437765 -1.23419 1.57541 2.8006 3.77566 3.88295 
0.00721428 -1.26811 1.58555 2.82426 3.33556 3.35596 
0.00740337 -1.28071 1.59426 2.82785 2.95739 2.96668 
0.0416356 -1.2759 1.60052 2.8165 2.85781 2.93291 
0.0185899 -1.31031 1.60669 2.84505 3.08021 3.11572 
-0.162567 -1.44078 1.61461 2.96905 3.5199 3.2045 
-0.209592 -1.48594 1.62057 3.00859 3.58447 3.17647 
0.0319204 -1.35286 1.62275 2.87145 3.07698 3.1392 
0.447205 -1.11121 1.62243 2.62719 2.25189 3.12363 
0.808469 -0.898885 1.62213 2.4132 1.54485 3.11995 
1.01748 -0.775653 1.62223 2.28907 1.13852 3.11996 
1.06853 -0.745524 1.6223 2.25872 1.03955 3.12015 
1.21142 -0.66115 1.62261 2.17373 0.763127 3.12106 
1.52452 -0.476066 1.6241 1.98721 0.160539 3.12487 
1.95113 -0.223715 1.62935 1.7324 -0.650819 3.13458 
2.3068 -0.0138799 1.64407 1.51854 -1.30176 3.15174 
2.38981 0.0354984 1.66474 1.46404 -1.40223 3.1684 
2.20512 -0.0626479 1.65123 1.56054 -1.01173 3.14957 
2.06854 -0.114166 1.56329 1.61653 -0.818538 3.06448 
2.12974 -0.0866305 1.61443 1.56227 -0.920279 3.0898 
2.3171 -0.0511549 1.91981 1.45256 -1.04884 3.32151 
2.42381 -0.0381423 2.12688 1.38852 -1.09353 3.47752 
2.33374 -0.0522361 1.99092 1.42116 -1.03908 3.35993 
1.97684 -0.0978311 1.37015 1.58216 -0.870264 2.85444 
1.42185 -0.165867 0.383244 1.83926 -0.621823 2.05655 
0.843346 -0.236698 -0.652879 2.11067 -0.367369 1.22103 
0.35629 -0.297395 -1.52864 2.34221 -0.15485 0.516147 
0.0201478 -0.341205 -2.13509 2.50549 -0.00874884 0.029194 
-0.20454 -0.375639 -2.54346 2.6227 0.0888173 -0.296378 
-0.157485 -0.387312 -2.46541 2.62451 0.0683848 -0.228196 
0.0540643 -0.382574 -2.07778 2.53869 -0.0234763 0.0783392 
0.0183776 -0.401372 -2.11191 2.53991 -0.00798011 0.0266291 
-0.01243 -0.423927 -2.12988 2.5358 0.0053975 -0.0180111 
0.00013971 -0.50258 -1.96282 2.46561 -6.06747e-05 0.000202343 
-7.79547e-09 -0.69447 -1.59839 2.29286 6.89985e-09 -1.2491e-09 
-4.48958e-09 -0.995251 -1.00183 1.99708 4.48957e-09 -1.15293e-09 
-4.1554e-09 -1.19165 -0.602169 1.79382 4.1554e-09 -1.02669e-09 
1.28424e-08 -1.26353 -0.454262 1.71779 -1.28424e-08 -9.30577e-08 
