-0 0 -0 0 0 -0 
-0.0334154 0.369218 -0.8042 0.434983 0.0334154 -7.41911e-07 
0.176671 0.270503 -0.428789 0.158286 -0.176671 -3.64936e-07 
-0.847831 -0.196592 -0.263924 0.460515 0.847831 -3.66362e-07 
-0.27974 -0.0491692 -0.181559 0.230728 0.27974 8.66428e-08 
0.0469308 -0.217289 0.226587 -0.00929889 -0.0469308 5.06732e-06 
0.735604 0.491034 -0.644858 0.153825 -0.735604 -3.43601e-06 
-0.170669 0.107594 -0.860579 0.752985 0.170669 7.90466e-07 
-0.0149088 0.0167104 -0.321992 0.305282 0.0149088 -1.65041e-05 
0.00087383 -0.00482691 -0.212455 0.217282 -0.00087383 2.47899e-06 
-0.000975434 -0.146095 0.0333534 0.112742 0.000975434 1.15367e-05 
8.39184e-05 0.347979 -0.805049 0.45707 -8.39184e-05 -1.0587e-05 
-2.42327e-06 0.25783 -0.561549 0.303718 2.42326e-06 3.69854e-07 
-8.4208e-06 -0.0178674 0.0342614 -0.0163941 8.4208e-06 1.06146e-06 
-2.01656e-07 -0.00211153 0.00441013 -0.0022986 2.01656e-07 2.49761e-08 
-3.89704e-06 -0.0553734 0.116174 -0.0608004 3.89704e-06 4.78781e-07 
-7.3516e-06 -0.217444 0.45851 -0.241066 7.3516e-06 8.72765e-07 
-6.47259e-06 -0.639173 1.3498 -0.710627 6.47259e-06 6.50561e-07 
-1.0084e-06 -1.23199 2.602 -1.37 1.0084e-06 -1.08769e-07 
4.12906e-06 -1.3917 2.93724 -1.54554 -4.12906e-06 -4.82472e-07 
3.33933e-06 -0.837993 1.76369 -0.925693 -3.33936e-06 2.07081e-07 
4.07411e-07 -0.209517 0.432495 -0.222977 -4.07443e-07 8.66696e-07 
-1.2095e-06 0.20383 -0.447943 0.244113 1.20949e-06 3.77598e-07 
7.46439e-07 0.250224 -0.552042 0.301818 -7.46269e-07 -4.98654e-06 
6.11938e-06 -0.385662 0.758544 -0.372882 -6.12081e-06 -1.22861e-05 
-6.17347e-06 -0.245038 0.419778 -0.174739 6.17376e-06 1.5256e-05 
5.78938e-05 -0.738458 1.12828 -0.389843 -8.19665e-05 -1.56971e-05 
-0.0110299 -0.26562 0.333387 -0.0634367 0.0153541 0.00434792 
0.0331284 0.00771065 0.0414591 -0.0621772 -0.046114 -0.0130715 
0.00252546 -0.394183 0.235331 0.157859 -0.00351775 -0.000984206 
0.180352 0.343743 -0.445169 0.0305956 -0.251063 -0.0710742 
-0.014819 -0.0491762 0.0653967 -0.0104009 0.0206289 0.00584131 
-0.00129347 -0.00317816 0.00406974 -0.000383599 0.0018006 0.00050978 
-0.0176304 -0.042578 0.0543308 -0.00482896 0.0245426 0.00694838 
-0.0516434 -0.121531 0.154055 -0.0122425 0.071891 0.0203532 
-0.125776 -0.290904 0.366272 -0.0259724 0.175089 0.0495693 
-0.251562 -0.580466 0.725201 -0.0459396 0.350191 0.0991417 
-0.319592 -0.763963 0.935179 -0.0457028 0.444893 0.125952 
-0.141522 -0.444876 0.482694 0.0177624 0.197008 0.0557743 
0.318886 0.495772 -0.757186 0.136179 -0.44391 -0.125674 
0.846121 1.58609 -2.18384 0.265447 -1.17786 -0.333459 
1.16468 2.2664 -3.06323 0.379029 -1.58177 -0.419257 
1.20525 2.39077 -3.20867 0.483012 -1.53958 -0.336058 
1.07899 2.18285 -2.91485 0.58465 -1.2261 -0.147866 
0.821988 1.71341 -2.27501 0.672955 -0.710818 0.111747 
0.48637 1.08427 -1.42477 0.745546 -0.0820076 0.406463 
0.115772 0.380716 -0.477719 0.800664 0.586704 0.706127 
-0.268882 -0.332887 0.485283 0.951855 1.37133 1.108 
-0.672435 -1.0769 1.48891 1.13106 2.21333 1.54759 
-1.03859 -1.75748 2.4033 1.25896 2.94147 1.90872 
-1.28879 -2.23038 3.0323 1.29394 3.38408 2.09705 
-1.32639 -2.31771 3.13406 1.18673 3.33178 1.99827 
-1.04587 -1.82335 2.44045 0.88818 2.55888 1.48921 
-0.434097 -0.733132 0.938997 0.385089 1.03799 0.564066 
0.11404 0.216495 -0.350916 -0.0637379 -0.303071 -0.217134 
0.458851 0.761487 -1.05678 -0.344055 -1.10758 -0.61984 
0.43416 0.588812 -0.737263 -0.318622 -0.950355 -0.364953 
0.167546 0.0693148 0.0131846 -0.115206 -0.262275 0.0962347 
-0.33339 -0.443134 0.516318 0.1946 0.665419 0.134216 
-0.826145 -0.489987 0.114109 0.446422 1.22899 -0.620305 
0.0107583 0.0324341 -0.115171 0.0366372 -0.0479963 -0.0645192 
0.950236 0.486527 -0.1057 -0.420527 -1.38425 0.780066 
1.41278 0.688536 -0.0523482 -0.649119 -2.10165 1.15762 
1.14685 0.551167 -0.0219049 -0.530975 -1.8858 0.767887 
0.659688 0.314799 -0.00753664 -0.306221 -1.20004 0.328247 
0.169454 0.0805944 -0.00140078 -0.0787247 -0.326983 0.0657705 
0.167325 0.0795255 -0.00127531 -0.0777476 -0.327245 0.0606118 
0.414605 0.196531 -0.00221091 -0.192736 -0.853705 0.107651 
0.612176 0.288537 -0.00052164 -0.284753 -1.41534 0.00497764 
0.682643 0.317888 0.00500236 -0.317581 -2.00198 -0.416616 
0.482618 0.21552 0.0150278 -0.223869 -2.55926 -1.43565 
-0.207864 -0.12399 0.0293869 0.0999038 -2.96942 -3.44548 
-1.17645 -0.596835 0.0436528 0.555141 -2.941 -5.66247 
-1.55401 -0.775408 0.0404621 0.734028 -1.76547 -5.36398 
-1.4797 -0.734336 0.0306379 0.701698 -0.511642 -3.93956 
-1.14644 -0.567739 0.0178162 0.547967 0.662117 -1.99467 
-0.705003 -0.349183 0.00476354 0.343114 1.64641 0.0117627 
-0.425048 -0.211879 -0.00890042 0.219957 3.46356 2.47667 
0.0218572 0.00536937 -0.0250896 0.0197059 5.39526 5.44382 
0.432277 0.199238 -0.0339323 -0.164513 6.42269 7.42471 
0.427195 0.181373 -0.0184664 -0.161947 4.59551 5.59253 
0.0744621 -0.00847571 0.0116807 -0.00275496 1.15165 1.33637 
-0.106856 -0.103918 0.0290687 0.0747507 -0.956039 -1.19996 
-0.0866527 -0.0889093 0.0317809 0.056457 -1.52779 -1.74846 
0.0822849 0.00624742 0.0221332 -0.0294637 -0.738838 -0.595828 
0.091415 -0.00197973 0.0181979 -0.0166603 0.147762 0.336074 
-0.347317 -0.279684 0.0224912 0.260309 1.26704 0.607147 
-0.52126 -0.373866 0.0235342 0.354326 1.03156 0.0147295 
0.29909 0.134709 0.0128647 -0.149963 -0.715228 -0.135539 
1.16084 0.666929 0.00123596 -0.677075 -2.34409 -0.0810862 
1.2983 0.760848 -0.00168102 -0.767358 -2.55381 -0.0242294 
0.914182 0.538502 -0.000120404 -0.542472 -1.78124 -0.00289716 
0.383954 0.22656 0.000451062 -0.228201 -0.744756 0.00118952 
0.168067 0.0992049 0.000263683 -0.099925 -0.325648 0.000754112 
0.722867 0.42703 0.0020652 -0.430188 -1.39633 0.00593041 
1.20943 0.715283 0.00848333 -0.721194 -2.31828 0.019565 
1.36375 0.806442 0.0274869 -0.816219 -2.56572 0.042219 
0.735516 0.432193 0.0641523 -0.44749 -1.26179 0.0616511 
-0.228518 -0.125764 0.0466413 0.111084 0.635057 0.0260801 
-0.730477 -0.359368 -0.186701 0.370154 1.35133 -0.188432 
-0.102981 0.00606875 -0.194966 -0.0174243 -0.0220523 -0.205498 
0.458045 0.127023 0.604313 -0.296452 -0.466564 0.4381 
0.563118 0.0809948 1.01642 -0.318766 -0.288222 0.779127 
0.0668812 0.000555789 0.194346 -0.0668039 0.00742359 0.127647 
-0.672733 -0.0917714 -1.12956 0.290712 0.343854 -0.931186 
-1.52116 -0.188409 -2.6866 0.698338 0.69287 -2.17691 
-1.84878 -0.225709 -3.30238 0.862299 0.818311 -2.6658 
-1.70897 -0.210484 -3.06773 0.806724 0.747908 -2.4714 
-1.30534 -0.165495 -2.35115 0.626164 0.568091 -1.89037 
-0.78723 -0.10732 -1.42357 0.390117 0.341845 -1.14069 
-0.447655 -0.0912903 -0.824945 0.267539 0.194385 -0.648652 
0.741276 0.0202138 1.32019 -0.266224 -0.321884 1.07411 
0.219907 -0.0263336 0.460973 -0.115973 -0.0954903 0.318645 
-0.265304 -0.0748632 -0.367936 0.0583473 0.115203 -0.384427 
0.124072 -0.0907692 0.396852 -0.126289 -0.0538759 0.179781 
-0.0103296 -0.380912 0.685179 -0.319237 0.0044856 -0.0149661 
1.84127e-06 -0.825702 1.60321 -0.777509 -9.29368e-07 1.38412e-06 
5.28185e-08 -0.831166 1.67675 -0.845581 -5.28215e-08 -2.40607e-07 
5.51968e-08 -0.427962 0.878807 -0.450845 -5.51968e-08 -2.97177e-07 
-7.97247e-22 2.81172e-15 -5.79135e-15 2.97963e-15 7.97247e-22 4.32133e-21 
