-0.131479 1.20212 -2.63646 1.43433 0.131479 -2.43571e-06 
0.00371027 0.961521 -2.02196 1.06044 -0.00371027 -1.85153e-06 
1.41885 -2.27437 5.9211 -3.64673 -1.41885 5.64727e-06 
-5.01469 -0.09599 -3.89713 3.99312 5.01469 -3.87844e-06 
3.11465 0.431847 1.52581 -1.95765 -3.11465 2.11996e-06 
-2.46201 0.37162 -2.05389 1.68227 2.46201 -5.94331e-06 
-2.82901 -1.29565 0.373432 0.92222 2.82901 -2.15861e-06 
-2.5217 -1.28375 -0.182599 1.46635 2.5217 9.59917e-05 
0.151147 -0.502025 4.01986 -3.51783 -0.151147 0.000220333 
0.0582742 0.167994 -1.25657 1.08857 -0.0582742 0.000149872 
0.00231049 -3.3313 6.4237 -3.0924 -0.00231049 -0.000429678 
-0.00108579 -0.550433 1.91125 -1.36081 0.00108579 0.000139804 
-8.51792e-05 -1.12063 2.44483 -1.32419 8.51793e-05 1.05321e-05 
1.82614e-05 -0.383001 0.827806 -0.444805 -1.82614e-05 -2.41162e-06 
2.81749e-05 0.294778 -0.615663 0.320885 -2.81749e-05 -3.48966e-06 
-1.24857e-05 -0.275345 0.58009 -0.304745 1.24857e-05 1.50776e-06 
-7.06198e-06 -0.82342 1.74064 -0.917224 7.06199e-06 6.72081e-07 
1.19244e-05 -1.74484 3.6869 -1.94206 -1.19243e-05 -1.91289e-06 
2.04152e-05 -1.75549 3.70565 -1.95016 -2.04152e-05 -2.44462e-06 
6.43064e-06 1.04518 -2.21767 1.17249 -6.43069e-06 6.84132e-07 
-1.02162e-05 2.31266 -4.89934 2.58668 1.02161e-05 3.41599e-06 
-5.54734e-06 1.12677 -2.40156 1.27479 5.54731e-06 1.37904e-06 
-2.52462e-06 1.15503 -2.462 1.30697 2.52484e-06 -6.23212e-06 
2.28954e-05 -0.370828 0.663963 -0.293135 -2.28936e-05 -5.48228e-05 
-8.46108e-05 2.51122 -5.38569 2.87446 8.45877e-05 0.000177878 
0.000311671 -0.817437 1.5554 -0.737962 -0.000312068 -0.000747892 
0.014858 -1.77396 2.1375 -0.365527 -0.0167421 -0.0262559 
0.49253 4.48143 -5.17959 0.504818 -0.685558 -0.194505 
0.208214 0.27939 -0.0558942 -0.305246 -0.289827 -0.0821634 
2.54701 7.6686 -8.23214 -0.436748 -3.54561 -1.00379 
-0.630184 -1.14428 1.6075 -0.215727 0.87726 0.248348 
-0.276907 -0.552096 0.687726 -0.0268798 0.385474 0.109125 
-0.0410527 -0.100836 0.129115 -0.0121569 0.057148 0.0161796 
-0.0692126 -0.163651 0.207847 -0.0170143 0.0963485 0.0272774 
-0.154801 -0.355696 0.447533 -0.0310421 0.215493 0.0610078 
-0.326221 -0.743404 0.928652 -0.0571312 0.454121 0.128565 
-0.377482 -0.893839 1.09083 -0.0487401 0.525481 0.148767 
0.0452574 -0.0603349 -0.0299581 0.0725196 -0.0630012 -0.0178368 
1.21193 2.4484 -3.24971 0.325351 -1.68708 -0.477626 
1.60086 3.29458 -4.32335 0.400073 -2.2285 -0.630905 
1.64509 3.41631 -4.45911 0.39673 -2.29008 -0.648336 
0.386386 0.91231 -1.14053 0.307303 -0.307434 0.0793627 
-0.128993 -0.121503 0.218153 0.335519 0.560434 0.433683 
-0.62842 -1.11607 1.53572 0.298245 1.3451 0.720404 
-0.95102 -1.76544 2.3934 0.252517 1.83001 0.88356 
-1.12425 -2.12299 2.8624 0.200341 2.06243 0.943047 
-1.17382 -2.23867 3.00936 0.143595 2.08655 0.91748 
-1.25314 -2.30231 3.11003 0.604361 2.6634 1.41586 
-1.23863 -2.29193 3.08667 0.499076 2.5321 1.29452 
-1.00942 -1.88749 2.52733 0.278799 1.93032 0.913931 
-0.502874 -0.973543 1.2753 -0.0870617 0.723855 0.201636 
0.198167 0.311578 -0.483323 -0.497957 -0.855521 -0.695374 
1.67649 3.00129 -4.155 -1.43121 -4.23927 -2.63097 
1.88267 3.32002 -4.54845 -1.54356 -4.64973 -2.78221 
1.47395 2.48408 -3.32834 -1.20436 -3.55421 -1.98287 
0.594074 0.75759 -0.851024 -0.475652 -1.25081 -0.386861 
-0.730988 -1.74958 2.69565 0.611367 2.14606 1.85337 
-1.01319 -1.59403 2.10284 0.705505 2.30584 1.05143 
-2.18563 -1.36329 0.49476 1.22504 3.37169 -1.36808 
1.12034 1.27211 -1.45662 -0.564448 -2.12924 -0.208528 
3.22446 1.66538 -0.179927 -1.57348 -4.66414 2.72205 
2.59669 1.19052 0.155386 -1.26151 -3.64612 2.44161 
-0.00878873 -0.0505483 0.130497 -0.0231889 -0.521263 -0.490525 
-1.36597 -0.672661 0.065324 0.625553 1.60676 -1.53933 
-1.57338 -0.755866 0.0285151 0.728926 2.53794 -1.10337 
-1.48978 -0.708917 0.0130016 0.692046 2.8476 -0.605122 
0.805886 0.382661 -0.00546991 -0.374525 -1.604 0.264254 
0.722229 0.339927 0.000438212 -0.336101 -1.69684 -0.0208056 
0.473787 0.21621 0.0107625 -0.220853 -1.80957 -0.707001 
-0.106682 -0.0680921 0.0241264 0.0501135 -1.83014 -2.07135 
-1.26447 -0.62973 0.038511 0.592509 -1.59424 -4.52014 
-2.90405 -1.42063 0.0487649 1.36267 -0.814486 -7.54566 
-2.12456 -1.01767 0.00492932 1.00014 3.34948 -1.58128 
-0.361227 -0.159894 -0.0224776 0.176569 3.89124 3.0484 
0.725466 0.367721 -0.0370451 -0.331992 3.86426 5.54112 
1.28057 0.63601 -0.0416753 -0.593007 3.41377 6.37823 
0.501027 0.246327 -0.0327522 -0.212746 4.86676 6.02461 
1.20749 0.590595 -0.0503083 -0.538157 6.24054 9.03618 
1.48161 0.714343 -0.0458114 -0.665779 5.31019 8.74587 
0.901982 0.405475 -0.0010357 -0.402438 0.252911 2.3571 
-0.973676 -0.53641 0.0936526 0.4417 -10.7556 -12.9844 
-0.863673 -0.461081 0.07596 0.383442 -8.8487 -10.8543 
-0.260854 -0.130662 0.0320785 0.0968315 -4.25759 -4.91151 
0.396378 0.229536 -0.0158023 -0.215561 0.755075 1.57508 
0.33699 0.182039 -0.0281601 -0.153754 2.77808 3.54014 
-0.450624 -0.3194 -0.00318289 0.327843 3.19263 2.38351 
-2.55881 -1.57414 0.0367997 1.55583 3.64411 -1.39052 
1.62865 1.02644 -0.0226517 -1.01704 -4.20502 -1.05785 
3.00132 1.85173 -0.0388391 -1.83585 -5.8875 -0.0312198 
1.92166 1.19562 -0.0277805 -1.18088 -3.49478 0.260292 
-0.668689 -0.371424 0.00255894 0.380384 1.42426 0.110209 
-1.54452 -0.90498 0.0045081 0.912339 3.04576 0.0324482 
-1.71151 -1.00931 -0.000918206 1.01661 3.32586 -0.0012305 
1.74526 1.03028 0.00296518 -1.03777 -3.38047 0.00858846 
1.69708 1.00408 0.010112 -1.01195 -3.25596 0.0271996 
1.2149 0.720549 0.0339927 -0.730278 -2.24886 0.0585476 
-0.563311 -0.33826 0.0926203 0.322947 1.3175 0.0784268 
-2.81559 -1.66337 0.080436 1.65059 5.69681 0.0113147 
-2.95476 -1.65446 -0.277111 1.6819 5.53669 -0.303797 
0.764157 0.786194 -1.32679 -0.638038 -3.1032 -1.1455 
1.94694 0.752929 1.46907 -1.07796 -2.80701 1.16774 
1.41257 0.0291441 3.08056 -0.60212 -0.0746651 2.50089 
-1.02154 -0.240806 -1.40999 0.556752 0.895344 -1.09944 
-1.87699 -0.256417 -3.27314 0.91538 0.938736 -2.6155 
-2.68059 -0.314907 -4.8756 1.2886 1.14357 -3.9014 
-1.96942 -0.222637 -3.64169 0.95476 0.790052 -2.90858 
-0.162815 -0.0197248 -0.359777 0.108811 0.0300523 -0.27018 
0.937488 0.103888 1.64658 -0.410058 -0.428255 1.34058 
1.50806 0.168727 2.6921 -0.682532 -0.663074 2.17825 
1.67268 0.188484 3.00099 -0.765991 -0.726775 2.42333 
3.00515 0.257351 5.36898 -1.27157 -1.30493 4.35447 
2.78845 0.271212 5.13916 -1.36963 -1.21083 4.04047 
-3.03603 -0.291185 -5.21107 1.10276 1.31833 -4.39921 
0.302361 0.015313 0.545803 -0.122965 -0.131294 0.438123 
1.62621 -0.251242 3.53027 -0.922495 -0.706149 2.35638 
-0.0468339 -1.18705 2.20072 -1.08144 0.0203316 -0.0679062 
-9.47457e-05 -1.34576 2.85041 -1.50497 2.35479e-05 -0.000311374 
-4.43733e-06 1.40724 -2.70723 1.30015 4.43761e-06 2.09584e-05 
8.56832e-07 0.996964 -2.00739 1.01043 -8.56831e-07 -4.67886e-06 
-4.12985e-07 1.45651 -3 1.54349 4.12985e-07 2.23851e-06 
