-1.49366 -1.8399 -0.380692 2.22059 1.49366 -3.6562e-08 
-1.35784 -1.67858 -0.342496 2.02107 1.35784 -2.13018e-08 
0.679419 0.741171 0.230444 -0.971614 -0.679419 2.07602e-07 
2.19318 3.51732 0.0709453 -3.58826 -2.19318 -1.57346e-06 
5.73592 1.66302 1.29791 -2.96093 -5.73592 4.90612e-06 
-3.57392 -1.16976 0.112192 1.05757 3.57392 -4.76074e-07 
6.66811 2.73045 -0.789209 -1.94124 -6.66811 1.12477e-05 
-0.696771 -1.75965 4.24985 -2.4902 0.696771 7.5852e-06 
-2.82031 -4.0303 1.56604 2.46422 2.82031 7.10642e-05 
-0.529189 -1.416 3.95777 -2.54201 0.529189 5.12655e-06 
-0.858062 1.41191 -1.02134 -0.390566 0.858062 5.18469e-06 
-0.305122 0.763075 4.52029 -5.28338 0.305122 -1.04245e-05 
1.15744 2.51158 -3.32059 0.809024 -1.15744 2.72898e-05 
0.196724 -1.58601 4.99088 -3.40488 -0.196724 -1.94236e-06 
-0.463931 -1.55248 3.50074 -1.94827 0.463931 -4.30122e-06 
3.65916 0.35871 -1.78753 1.42895 -3.65916 -0.000163833 
-4.04411 -0.34804 1.00134 -0.652883 4.04411 -2.70371e-05 
1.05421 -1.41162 3.2187 -1.80702 -1.05421 -0.000171854 
-0.809556 1.64418 -3.83551 2.19134 0.809556 -5.39411e-05 
-0.146142 1.87497 -4 2.12504 0.146142 9.41536e-07 
