-0.0275202 -0.563321 1.16893 -0.60561 0.0275202 -1.01535e-07 
0.133028 0.247629 -0.437827 0.190198 -0.133028 5.0017e-07 
1.20417 -0.280678 1.35303 -1.07235 -1.20417 -1.33885e-06 
-3.31726 -0.852422 -0.15821 1.01063 3.31726 4.17504e-08 
5.56595 1.76395 0.406094 -2.17005 -5.56595 1.80114e-05 
-1.20354 2.40205 -5.20805 2.806 1.20354 3.24505e-05 
0.0355846 1.2777 -2.73347 1.45578 -0.0355846 -9.20454e-07 
0.028211 0.416505 -0.765323 0.348818 -0.028211 3.08515e-07 
-0.000549104 -1.58303 3.35951 -1.77648 0.000549104 3.96149e-07 
0.813959 -0.815163 3.42649 -2.61133 -0.813959 2.79038e-08 
0.659299 1.3472 1.54597 -2.89321 -0.659299 3.3054e-06 
0.0418609 -2.24686 -2.51332 4.76022 -0.0418609 3.52799e-05 
-0.180199 0.384456 3.466 -3.85047 0.180199 -7.43817e-06 
0.115057 0.969135 -2.91797 1.94883 -0.115057 -4.70229e-06 
0.355355 -0.0967499 0.568835 -0.472085 -0.355355 -3.1651e-06 
0.287288 0.116225 -0.36312 0.24689 -0.287288 1.81328e-06 
1.39907 -0.923845 2.9851 -2.06143 -1.39907 5.24881e-05 
0.206865 -1.58659 4.63047 -3.0439 -0.206865 -2.81218e-06 
-0.750409 1.00017 -2.47565 1.47545 0.750409 -4.97071e-05 
-0.109606 1.40622 -3 1.59378 0.109606 7.06152e-07 
