0 0 0 0 0 0 
-0.00112061 0.187372 -0.395467 0.208095 0.00112061 -3.62679e-07 
-0.271509 0.138358 -0.517536 0.379177 0.271509 -4.74208e-07 
-0.0845507 0.204032 -0.562712 0.35868 0.0845507 -1.2527e-07 
0.0359822 0.225796 -0.550796 0.325 -0.0359822 5.61432e-08 
0.000138007 0.27945 -0.875599 0.59615 -0.000138007 4.52415e-07 
-5.75506e-06 0.307543 -1.12422 0.816677 5.75506e-06 6.27222e-06 
1.0097e-07 0.346948 -1.30357 0.956618 -1.0097e-07 -8.13908e-07 
6.83282e-08 0.437225 -1.50151 1.06428 -6.83294e-08 -6.37249e-07 
2.97785e-08 0.417295 -1.45999 1.04269 -2.97795e-08 -3.72401e-07 
-2.92229e-08 0.08321 -0.754745 0.671535 2.9225e-08 1.75684e-07 
4.5305e-09 -0.782332 1.07225 -0.289915 -4.52787e-09 -1.78463e-08 
-2.10224e-07 -1.03301 1.59523 -0.562212 2.10207e-07 4.20633e-07 
1.92457e-06 -0.967027 1.43474 -0.467713 -1.92457e-06 -4.71026e-06 
3.44083e-06 -1.18034 1.77804 -0.597691 -4.07931e-06 -5.07986e-06 
-0.000807381 -1.39218 2.07036 -0.677868 0.00112467 0.00031429 
0.0283377 -1.45432 2.08427 -0.641082 -0.039448 -0.0111681 
-0.202137 -1.9998 2.75718 -0.67799 0.281388 0.0796631 
-0.227226 -2.09585 2.85394 -0.668856 0.316313 0.0895506 
-0.221338 -2.09054 2.84246 -0.664991 0.308118 0.0872303 
-0.180894 -2.03028 2.74813 -0.646801 0.251816 0.071291 
-0.0151387 -1.73163 2.32807 -0.590498 0.0210741 0.00596621 
0.447602 -0.839659 1.11704 -0.443209 -0.613156 -0.166415 
1.17597 0.613769 -0.830823 -0.118262 -1.51072 -0.33649 
1.66448 1.65629 -2.21009 0.402857 -1.81517 -0.151465 
1.51183 1.50024 -1.97204 1.11089 -0.873744 0.641185 
0.894956 0.458755 -0.547567 1.87004 0.884187 1.78557 
0.221757 -0.714299 1.04098 2.49329 2.59691 2.82269 
-0.230849 -1.49693 2.07749 2.88317 3.69916 3.4542 
0.0582777 -1.043 1.44889 2.67747 3.01719 3.09978 
-0.116109 -1.23016 1.62629 2.76515 3.32124 3.07012 
0.069362 -1.13281 1.56392 2.70898 3.04142 3.20067 
1.10227 -0.633824 1.53696 2.23228 1.37359 3.92004 
1.61866 -0.390095 1.53586 1.99215 0.204699 3.94901 
1.70876 -0.348268 1.53669 1.95024 -0.0751583 3.87845 
1.87831 -0.272038 1.54132 1.87156 -0.910856 3.43733 
1.61378 -0.413595 1.55973 1.99711 -2.54395 1.1942 
0.427379 -1.00489 1.58863 2.5586 -3.56429 -2.57375 
-0.234559 -1.33314 1.59219 2.8821 -1.8 -2.34429 
-0.162769 -1.30189 1.57745 2.86569 1.24127 0.862569 
0.0144602 -1.22411 1.56799 2.79775 3.30089 3.3348 
0.00528607 -1.27014 1.5863 2.82552 3.29978 3.31522 
-0.00555018 -1.32891 1.60803 2.86251 3.15803 3.14737 
-0.140065 -1.44992 1.62197 2.97062 3.43106 3.15821 
1.0051 -0.782959 1.62221 2.29643 1.16254 3.11992 
1.90279 -0.252307 1.62844 1.76133 -0.559709 3.13314 
2.39782 0.0398505 1.66181 1.46053 -1.42855 3.16655 
2.06597 -0.113342 1.55673 1.61497 -0.821584 3.05724 
2.42448 -0.0381543 2.12898 1.38778 -1.09337 3.47886 
2.00417 -0.0944422 1.4184 1.56963 -0.882731 2.89354 
1.29061 -0.181892 0.148641 1.90056 -0.563829 1.86722 
0.837746 -0.237388 -0.662931 2.11332 -0.364919 1.21293 
0.719271 -0.252013 -0.875697 2.16933 -0.313115 1.04156 
0.386916 -0.293518 -1.47348 2.32753 -0.168181 0.560498 
-0.140678 -0.364473 -2.42667 2.58729 0.0610866 -0.203843 
-0.152411 -0.387169 -2.45637 2.62268 0.0661817 -0.220844 
0.0540738 -0.390771 -2.06332 2.53244 -0.0234805 0.0783529 
0.000305823 -0.489914 -1.98589 2.47625 -0.000132813 0.000442977 
-6.32785e-09 -0.977345 -1.03792 2.01527 6.32794e-09 7.33507e-09 
1.28424e-08 -1.26353 -0.454262 1.71779 -1.28424e-08 -9.30577e-08 
