-0.140907 1.05358 -2.32864 1.27506 0.140907 -2.1829e-06 
1.55987 -1.78165 4.96827 -3.18661 -1.55987 5.101e-06 
4.49249 0.911832 1.50054 -2.41237 -4.49249 3.49891e-06 
-0.706236 -0.210136 0.0379222 0.172214 0.706236 -1.0827e-06 
-3.36258 -1.28699 0.0660863 1.22091 3.36258 -4.86303e-06 
-0.412568 -1.39045 3.48939 -2.09894 0.412568 0.000492648 
0.00011671 -0.272201 -0.119174 0.391375 -0.00011671 4.79657e-05 
-4.48937e-06 -0.399277 0.989805 -0.590528 4.48938e-06 2.97164e-05 
5.11619e-07 0.0538561 -0.102555 0.0486995 -5.1162e-07 -3.41345e-06 
-1.68824e-07 -0.542942 1.14782 -0.604879 1.68829e-07 1.38289e-06 
4.88516e-07 -2.05432 4.33892 -2.2846 -4.8851e-07 -2.93627e-06 
-8.95264e-07 1.97477 -4.18333 2.20855 8.95201e-07 2.61076e-06 
2.2002e-06 1.69682 -3.61755 1.92073 -2.20001e-06 -4.69845e-06 
-6.86503e-05 2.49706 -5.36985 2.8728 6.86291e-05 0.000167442 
-0.0107094 1.53495 -2.99405 1.46277 0.0143781 0.00696482 
-1.0184 -3.88276 3.27624 1.00646 1.41765 0.401502 
0.232797 0.645226 -0.869911 0.133261 -0.324067 -0.0917557 
0.724444 1.57371 -2.01632 0.158102 -1.00847 -0.285506 
-0.0845452 -0.0150569 0.125136 -0.0768759 0.117693 0.0333198 
0.0687114 0.101505 -0.159714 0.031225 -0.0956509 -0.0270795 
0.263371 0.497355 -0.682256 0.0814683 -0.36663 -0.103796 
0.740495 1.47566 -1.96735 0.200879 -1.03082 -0.291832 
0.728312 1.52026 -2.00075 0.413791 -0.794905 -0.0669389 
-0.639291 -1.11729 1.53935 0.423086 1.48301 0.8481 
-1.60321 -3.00102 4.04812 0.463052 3.11081 1.51544 
-1.05528 -2.01347 2.69758 0.112594 1.85243 0.795783 
-0.11699 -0.279091 0.345644 -0.316415 -0.128557 -0.258831 
0.679889 1.1945 -1.65231 -0.677141 -1.80728 -1.15064 
2.53541 4.44845 -6.12395 -2.04764 -6.25481 -3.7309 
-1.89305 -3.81643 5.58734 1.4777 5.00205 3.53886 
0.367058 1.19184 -2.11094 -0.151584 -1.28201 -1.39445 
2.31213 1.03371 0.190345 -1.12303 -3.51187 1.93203 
-1.52509 -0.745565 0.0521348 0.703928 1.46532 -2.05606 
-1.02719 -0.483543 -0.000416183 0.47798 2.41031 0.0266583 
0.596597 0.273946 0.0094181 -0.277368 -2.21411 -0.827294 
-0.881561 -0.445102 0.0323066 0.414401 -2.01503 -4.05415 
-2.75966 -1.34836 0.037771 1.30129 0.769215 -5.62861 
1.66868 0.833433 -0.070094 -0.763046 7.1246 10.9849 
1.66173 0.813291 -0.0400343 -0.770217 2.69159 6.54309 
0.172653 0.0720387 0.0149211 -0.0864764 -2.52695 -2.12029 
0.386854 0.0871457 0.0109294 -0.0965508 4.94673 5.87496 
1.78298 1.05928 -0.101494 -0.964227 5.66295 9.42033 
-2.51579 -1.47462 0.0228092 1.46881 2.07681 -2.91895 
4.29734 2.62879 -0.0495248 -2.61196 -8.20864 0.183205 
-1.18305 -0.683139 0.0247392 0.688016 2.44233 0.0964708 
1.57041 0.927211 0.0681745 -0.94516 -2.86212 0.0840252 
-3.54973 -2.02001 -0.195566 2.03642 6.83354 -0.246174 
3.01139 1.03893 2.78351 -1.64421 -3.86372 2.20907 
-3.66794 -0.482628 -6.54145 1.84376 1.75048 -5.18188 
-0.653143 -0.0690071 -1.24221 0.326878 0.239331 -0.983731 
0.695001 0.0841525 1.22785 -0.316727 -0.315654 0.995372 
0.814422 0.099635 1.45987 -0.382578 -0.357445 1.1769 
-1.13259 -0.140262 -2.03509 0.536605 0.494714 -1.63867 
-0.633017 -0.0876912 -1.14867 0.317416 0.272958 -0.918858 
1.42419 0.13573 2.54608 -0.618017 -0.618427 2.06365 
0.867277 0.089689 1.60772 -0.440634 -0.376598 1.25669 
-2.98856 -0.433207 -4.8689 0.9714 1.29772 -4.33042 
-0.566491 -1.75736 2.22558 -1.28912 0.24599 -0.820823 
3.67524e-06 1.54924 -2.97512 1.42606 -3.67546e-06 -1.74862e-05 
-4.12985e-07 1.45651 -3 1.54349 4.12985e-07 2.23851e-06 
