-0 0 -0 0 0 -0 
0.16467 0.299188 -0.501677 0.20249 -0.16467 -4.01563e-07 
-0.0964643 0.0418173 -0.251337 0.20952 0.0964643 3.17395e-07 
0.19348 0.0525077 -0.001438 -0.0510697 -0.19348 2.89514e-07 
0.093464 -0.065964 0.0845013 -0.0185371 -0.093464 1.74905e-07 
0.00618609 0.150265 -0.913609 0.763345 -0.00618609 3.59185e-05 
4.09156e-06 0.00933512 -0.129796 0.120461 -4.09156e-06 1.44088e-05 
4.21587e-07 0.389046 -0.85653 0.467484 -4.2159e-07 -2.94772e-06 
-4.39871e-08 -0.00742911 0.0147908 -0.00736173 4.39872e-08 2.94813e-07 
-1.24774e-07 -0.114212 0.239914 -0.125703 1.24775e-07 8.81436e-07 
4.01817e-08 -1.0952 2.31319 -1.21799 -4.01729e-08 1.92133e-07 
-1.11216e-07 -0.989231 2.08452 -1.09529 1.11201e-07 -5.96571e-08 
-2.94347e-07 0.141889 -0.317732 0.175843 2.94324e-07 7.81174e-07 
4.11567e-06 -0.340957 0.66648 -0.325523 -4.11722e-06 -1.0041e-05 
0.000132426 -0.783021 1.18105 -0.398043 -0.00013952 -0.000284212 
-0.106688 -0.52301 0.505915 0.0589954 0.148518 0.0420425 
-0.288726 -0.671204 0.847132 -0.0625371 0.401926 0.113789 
-0.186511 -0.490938 0.57437 -0.0101843 0.259635 0.0735044 
0.012726 0.00706035 -0.0219524 0.00989424 -0.0177154 -0.00501538 
0.0224178 0.0250668 -0.0468789 0.013008 -0.031207 -0.00883494 
0.121116 0.200319 -0.295371 0.047487 -0.168602 -0.0477324 
0.432336 0.809832 -1.11547 0.13585 -0.601841 -0.170385 
0.964824 1.8907 -2.54817 0.332899 -1.28885 -0.32571 
1.06074 2.16207 -2.88258 0.643367 -1.13775 -0.0774069 
0.310386 0.783096 -1.01207 0.936988 0.396437 0.710496 
-0.691282 -1.10764 1.53126 1.15991 2.27258 1.58816 
-1.07085 -1.85085 2.51738 1.08861 2.82538 1.75643 
-0.877194 -1.53427 2.06646 0.756442 2.16917 1.2817 
-0.282813 -0.460786 0.551464 0.268246 0.657776 0.325579 
0.515587 0.582963 -0.65338 -0.368225 -1.04643 -0.24696 
-1.02503 -0.6153 0.157229 0.553472 1.53044 -0.756986 
1.4478 0.716504 -0.0852283 -0.65841 -2.09276 1.2348 
1.26904 0.604048 -0.0114155 -0.589463 -2.41323 0.527784 
0.356053 0.165985 0.00236389 -0.165648 -1.02327 -0.196439 
0.158132 0.0730324 0.00195507 -0.0735412 -0.535806 -0.168356 
0.196455 0.0805119 0.0146136 -0.0904058 -1.97273 -1.51343 
-1.20615 -0.609531 0.0418116 0.56909 -2.6682 -5.45902 
-1.78173 -0.882765 0.031099 0.848792 0.391311 -3.73723 
-0.249859 -0.126447 -0.0162295 0.142166 4.39584 3.81462 
0.303402 0.139531 -0.0222978 -0.116668 4.22872 4.93232 
0.164626 0.0620883 -0.0042615 -0.0573883 1.83764 2.22453 
-0.150384 -0.163048 0.0614879 0.100159 -2.95126 -3.34334 
-0.521658 -0.388572 0.0256232 0.367325 1.51526 0.512333 
0.836057 0.45669 0.00895093 -0.472141 -1.77501 -0.147762 
1.89264 1.11669 0.00205149 -1.12478 -3.67212 0.00521368 
0.931691 0.551051 0.0164821 -0.557305 -1.7586 0.0266767 
-0.0661375 -0.0338103 0.0631661 0.0168358 0.341056 0.0432143 
-0.0320136 0.0430677 -0.16277 -0.075119 -0.159691 -0.192703 
0.0603578 -0.00349418 0.211676 -0.0762895 0.0257496 0.131253 
-1.06918 -0.132714 -1.88614 0.49017 0.488424 -1.52888 
-0.943638 -0.115253 -1.68788 0.441295 0.416292 -1.36182 
-0.414699 -0.0510852 -0.744445 0.195786 0.181473 -0.599721 
-0.154385 -0.0191023 -0.277367 0.0731043 0.0674531 -0.223355 
-0.799088 -0.101003 -1.43896 0.382753 0.347866 -1.15714 
-0.541917 -0.0859656 -0.98658 0.287255 0.235317 -0.785238 
0.453472 0.0131344 0.808329 -0.164337 -0.196911 0.657082 
-0.228105 -0.0845045 -0.281084 0.035043 0.0990499 -0.330524 
0.00434501 -0.301264 0.563094 -0.255536 -0.00188655 0.00629747 
8.80575e-08 -0.859904 1.73175 -0.871845 -8.80627e-08 -4.05941e-07 
7.71155e-22 -2.7197e-15 5.60181e-15 -2.88212e-15 -7.71155e-22 -4.1799e-21 
