-0.110908 0.86817 -1.89935 1.03118 0.110908 -1.73727e-06 
-0.0689469 0.797267 -1.72312 0.925851 0.0689469 -1.57676e-06 
0.560476 -0.26628 0.920335 -0.654056 -0.560476 8.30997e-07 
-1.17929 -1.16319 1.6928 -0.529613 1.17929 1.57561e-06 
-3.7841 0.775066 -4.23013 3.45507 3.7841 -2.18347e-06 
3.81714 -0.341443 3.0601 -2.71866 -3.81714 3.83322e-06 
-3.85389 -0.41958 -1.63074 2.05032 3.85389 2.36732e-06 
-0.168653 1.20089 -1.82429 0.623395 0.168653 -1.26556e-05 
0.317731 -0.807187 1.56823 -0.76104 -0.317731 2.23763e-06 
-0.735526 0.0536769 -0.205505 0.151828 0.735526 -5.13421e-06 
1.31531 -0.0829304 0.596687 -0.513757 -1.31531 7.91326e-06 
-0.951796 -0.337577 -0.06063 0.398208 0.951796 -5.03921e-06 
-2.31554 -0.339572 -1.22869 1.56826 2.31554 -2.46198e-05 
-0.63791 -0.174516 0.811892 -0.637374 0.63791 -1.95383e-05 
0.0526519 -0.239383 0.620984 -0.3816 -0.0526519 2.2426e-06 
-0.011561 4.61029 -9.76366 5.15336 0.011561 0.000155434 
-0.000450231 -4.99353 10.7947 -5.80114 0.000450231 -9.60246e-05 
0.000428515 -1.24834 2.66604 -1.41769 -0.000428515 -2.29686e-05 
0.000202307 -0.0730365 0.187434 -0.114397 -0.000202307 -6.87065e-06 
7.25909e-05 0.494989 -1.01357 0.518577 -7.25909e-05 1.45863e-06 
7.18756e-06 0.681209 -1.41077 0.729558 -7.18756e-06 4.80543e-06 
-1.95863e-05 0.665578 -1.38232 0.716739 1.95863e-05 5.39345e-06 
-2.69172e-05 0.58253 -1.21071 0.628181 2.69172e-05 4.88389e-06 
-2.74949e-05 0.520978 -1.08279 0.56181 2.74949e-05 4.37545e-06 
7.44172e-05 -1.32906 2.76193 -1.43287 -7.44172e-05 -1.11122e-05 
3.72816e-05 -0.52121 1.07619 -0.554982 -3.72816e-05 -3.23468e-06 
-7.35607e-05 1.12608 -2.36667 1.24059 7.35607e-05 1.27314e-05 
-0.000112248 1.78496 -3.74369 1.95873 0.000112248 1.30993e-05 
2.02321e-05 -0.213751 0.430853 -0.217102 -2.02321e-05 -2.40884e-05 
9.26307e-05 -1.41865 2.94683 -1.52818 -9.26308e-05 -2.83389e-05 
-0.000116097 1.19266 -2.54094 1.34827 0.000116097 9.66555e-05 
0.000250842 -1.49628 2.89137 -1.39509 -0.000250858 -0.000459881 
-0.00681157 -2.18511 3.04657 -0.861457 0.00683002 0.0164259 
-0.0563296 0.581752 -2.32153 1.76216 0.0790278 0.0200824 
-0.00401078 -0.977194 -0.0698709 1.0486 0.00556447 0.00175046 
-3.30279 -11.3444 9.10976 3.52393 4.61188 1.28923 
0.56453 1.76902 -1.70655 -0.282846 -0.788283 -0.22038 
-0.752994 -1.33777 1.88308 -0.251371 1.05145 0.293944 
0.0630615 0.185673 -0.245467 0.0351766 -0.0880563 -0.0246163 
-0.0401802 -0.0875204 0.116942 -0.0137362 0.0561058 0.0156849 
-0.0681116 -0.142594 0.190489 -0.0213064 0.0951079 0.0265884 
-0.132774 -0.270952 0.360958 -0.0381759 0.185399 0.0518304 
-0.249309 -0.504227 0.66864 -0.0670907 0.348123 0.0973217 
-0.336782 -0.682375 0.900205 -0.0863603 0.470266 0.131468 
-0.16932 -0.355846 0.459638 -0.0376955 0.23643 0.0660966 
0.345237 0.656527 -0.895733 0.104437 -0.482072 -0.13477 
1.25231 2.46939 -3.3044 0.346144 -1.74866 -0.48886 
1.54375 3.04941 -4.07328 0.421235 -2.15562 -0.602629 
1.56838 3.10378 -4.1416 0.435419 -2.18001 -0.602395 
0.461677 0.972848 -1.28697 0.361149 -0.41393 0.0470265 
0.0394105 0.166626 -0.208566 0.391631 0.315643 0.349692 
-0.453039 -0.773647 1.05224 0.393361 1.1353 0.671956 
-0.875795 -1.58167 2.13559 0.391239 1.83545 0.94516 
-1.23307 -2.26543 3.0522 0.385543 2.42336 1.17231 
-1.52898 -2.83272 3.81252 0.376543 2.90612 1.35634 
-1.36633 -2.55447 3.43708 0.252429 2.51409 1.13503 
-0.920801 -1.75349 2.35952 0.0614435 1.58647 0.667471 
-0.533024 -1.05544 1.42041 -0.102069 0.781818 0.262901 
-0.199221 -0.453626 0.61074 -0.239952 0.0920368 -0.0828384 
0.0842809 0.0584991 -0.0782936 -0.354 -0.490737 -0.373794 
0.321047 0.487273 -0.655216 -0.445952 -0.974143 -0.613895 
0.514539 0.838851 -1.12831 -0.517499 -1.36559 -0.806954 
-0.607902 -1.24293 1.73316 0.539842 1.47699 1.03007 
1.46753 2.33402 -3.11719 -1.11296 -3.5938 -1.89613 
2.34385 4.27609 -5.97574 -1.93967 -5.79162 -3.63932 
-0.284426 1.04986 -2.24187 -0.154776 0.551133 -1.34679 
-3.21148 -4.16326 4.9232 2.27479 7.77 3.03473 
3.61918 0.664152 1.99228 -1.50134 -8.36838 1.15509 
8.24343 4.72856 -1.51375 -4.24714 -19.3685 -1.03233 
-0.143321 0.288317 -0.569874 -0.0925297 0.457628 -0.374087 
-3.51075 -1.6061 -0.0142897 1.62815 8.36147 0.00776232 
-3.43072 -1.6662 0.134252 1.6405 8.08857 0.108558 
-5.23044 -2.54726 0.357217 2.36587 13.4267 0.17582 
4.83418 2.20605 -0.31787 -2.072 -13.2502 -0.183817 
2.85192 1.58363 -0.214246 -1.44217 -6.3917 -0.0727832 
0.0069367 0.0486729 -0.0699901 0.0237826 -0.101154 0.00246552 
-1.60456 -0.897504 0.0257112 0.906947 2.97233 0.0351545 
-0.852397 -0.49316 0.0537838 0.456546 1.43129 0.0171702 
0.176847 0.103929 -0.0153342 -0.0920007 -0.279654 -0.00340565 
-0.0268597 -0.00790842 -0.0183906 0.0275936 0.131045 0.00129456 
-0.523445 -0.282146 -0.0227095 0.317491 1.12764 0.0126351 
-1.54102 -0.846671 -0.0265391 0.908896 3.16246 0.0356853 
-3.40619 -1.88459 -0.0273717 1.98967 6.88314 0.0777034 
-3.38272 -1.87092 -0.01444 1.92119 6.80754 0.0358236 
1.29707 0.719146 0.0346123 -0.860496 -2.6836 -0.106738 
2.91265 1.6174 0.0402858 -1.811 -5.91604 -0.153306 
3.43489 1.90737 0.0388027 -2.10255 -6.95323 -0.156375 
2.63242 1.45961 0.0211928 -1.56069 -5.31248 -0.0798881 
1.15106 0.631994 -0.00491939 -0.576443 -2.30455 0.0506313 
0.20701 0.10589 -0.0164447 0.0199897 -0.397331 0.109435 
-0.337447 -0.196153 -0.0177707 0.33192 0.692541 0.117996 
-0.601254 -0.341023 -0.0126864 0.448566 1.20977 0.0948571 
-0.684558 -0.385038 -0.0043821 0.445053 1.36042 0.0556327 
-0.668724 -0.373956 0.00455011 0.382414 1.31189 0.013008 
-0.616327 -0.342966 0.0121168 0.307588 1.19292 -0.023261 
-0.571154 -0.316692 0.016923 0.253421 1.0936 -0.0463474 
2.62229 1.45212 -0.0873588 -1.11023 -5.00065 0.254529 
1.86596 1.01701 -0.149273 -0.315088 -3.37293 0.55265 
-0.928416 -0.571493 -0.305828 2.18573 2.50254 1.30841 
-3.21889 -1.77174 -0.0656543 1.98158 6.59295 0.144186 
-2.13299 -0.842467 1.20858 -6.23851 1.87695 -5.8724 
2.65388 2.16419 2.51107 -16.8481 -10.2246 -12.1728 
1.3604 0.736671 0.00195798 -0.667466 -2.83244 0.0711629 
-0.112698 -0.490273 -1.49231 9.27782 3.02602 7.29524 
-0.419598 -0.613254 -1.32092 8.41945 3.35259 6.48528 
-0.251128 -0.398746 -1.10328 6.48014 2.5025 4.97811 
0.00599289 -0.0081989 -0.209476 0.888382 0.297337 0.670707 
1.07458 1.45318 1.2391 -12.3867 -5.45893 -9.69445 
1.48361 1.8522 -1.77051 -2.45604 -2.55742 -2.37435 
0.462929 1.56416 -2.79781 1.07238 -0.535838 -0.16126 
-0.561489 1.1004 -2.76315 1.66268 0.561485 -8.4461e-05 
-0.606911 -1.92867 3.53658 -1.60799 0.606911 -3.51665e-06 
-0.12941 -0.0525458 -0.0730199 0.125562 0.12941 5.68233e-06 
-0.109067 -1.32545 2.91945 -1.594 0.109067 -1.5589e-06 
-0.068566 -1.16572 2.62588 -1.46017 0.068566 -7.23741e-08 
0.0204777 0.481931 -1.15204 0.67011 -0.0204777 1.44722e-07 
-0.116757 -1.53958 1.36654 0.173048 0.116757 -7.40748e-06 
0.12633 1.93943 -3.39711 1.45768 -0.12633 1.18108e-06 
-0.0532579 -0.841998 1.23295 -0.390949 0.0532579 -2.03995e-07 
-0.0695236 -1.09102 1.67056 -0.579543 0.0695236 -3.72196e-07 
