0 0 0 0 0 0 
-0.000404498 0.00375137 -0.00822391 0.00447254 0.000404498 -7.58105e-09 
-0.00161181 0.0149943 -0.0328672 0.0178728 0.00161181 -3.02974e-08 
-0.00356629 0.0336283 -0.0736734 0.0400452 0.00356629 -6.79076e-08 
-0.00605152 0.0592621 -0.129646 0.0703838 0.00605152 -1.19473e-07 
-0.00850482 0.090879 -0.198193 0.107314 0.00850482 -1.82553e-07 
-0.00975757 0.126367 -0.273932 0.147565 0.00975757 -2.52077e-07 
-0.00770129 0.161916 -0.347151 0.185235 0.00770129 -3.189e-07 
0.000936727 0.190966 -0.401416 0.21045 -0.000936727 -3.67578e-07 
0.0166163 0.20622 -0.420993 0.214773 -0.0166163 -3.83645e-07 
0.0296731 0.208374 -0.41508 0.206707 -0.0296731 -3.76676e-07 
0.0257683 0.200334 -0.401274 0.20094 -0.0257683 -3.64494e-07 
-0.012662 0.186017 -0.40188 0.215862 0.012662 -3.69608e-07 
-0.0921196 0.169422 -0.43099 0.261568 0.0921196 -4.03744e-07 
-0.188067 0.153302 -0.476353 0.323051 0.188067 -4.46176e-07 
-0.267085 0.140533 -0.519526 0.378993 0.267085 -4.66702e-07 
-0.291128 0.134213 -0.539225 0.405012 0.291128 -4.24066e-07 
-0.265248 0.131541 -0.53343 0.401889 0.265248 -2.70967e-07 
-0.223243 0.12533 -0.512044 0.386714 0.223243 5.02293e-08 
-0.199245 0.111983 -0.491014 0.379031 0.199245 5.1789e-07 
-0.192989 0.106692 -0.494925 0.388232 0.192989 8.0851e-07 
-0.194821 0.130261 -0.551395 0.421134 0.194821 5.06408e-07 
-0.195454 0.1629 -0.620574 0.457674 0.195454 5.06065e-08 
-0.189961 0.173964 -0.648694 0.474731 0.189961 9.5093e-08 
-0.179998 0.16597 -0.641908 0.475938 0.179998 5.70072e-07 
-0.170021 0.155078 -0.630248 0.47517 0.170021 1.09783e-06 
-0.16445 0.155238 -0.639041 0.483803 0.16445 1.33062e-06 
-0.163979 0.169761 -0.673703 0.503943 0.163979 1.1802e-06 
-0.165581 0.191336 -0.719772 0.528436 0.165581 8.17312e-07 
-0.166205 0.216007 -0.769516 0.553509 0.166205 3.49082e-07 
-0.165055 0.244063 -0.830916 0.586852 0.165055 -5.45153e-08 
-0.170386 0.256335 -0.890958 0.634623 0.170386 4.69221e-07 
-0.152768 0.264731 -0.924628 0.659897 0.152768 8.66794e-07 
-0.111536 0.277161 -0.936235 0.659074 0.111536 7.36951e-07 
-0.0766105 0.287702 -0.939615 0.651912 0.0766105 5.04143e-07 
-0.0611312 0.292602 -0.940825 0.648222 0.0611312 3.92002e-07 
-0.0544991 0.294769 -0.941377 0.646608 0.0544991 3.43579e-07 
-0.0290607 0.303655 -0.944188 0.640534 0.0290607 1.622e-07 
0.00413951 0.318884 -0.954254 0.63537 -0.00413951 -8.3703e-09 
0.0144063 0.336591 -0.98428 0.64769 -0.0144063 2.20243e-07 
-0.000620169 0.352635 -1.03711 0.684476 0.000620169 7.46591e-07 
-0.00260265 0.360469 -1.08949 0.729018 0.00260265 8.03363e-07 
0.00104055 0.346924 -1.0972 0.75028 -0.00104055 4.77055e-07 
0.00031668 0.329118 -1.0854 0.756285 -0.00031668 1.06173e-07 
-0.000281336 0.331212 -1.10078 0.769563 0.000281336 -1.85941e-07 
-0.000182453 0.344421 -1.13163 0.787213 0.000182453 -2.38514e-07 
-8.54853e-06 0.356438 -1.1584 0.801965 8.54853e-06 -2.30022e-08 
7.39677e-05 0.371934 -1.19567 0.823737 -7.39677e-05 8.55078e-07 
-2.11599e-05 0.394437 -1.25454 0.860105 2.11599e-05 8.48885e-07 
1.45628e-06 0.429999 -1.3467 0.916705 -1.45628e-06 1.50847e-06 
-5.55649e-07 0.474753 -1.46848 0.99373 5.55649e-07 1.68851e-06 
3.45007e-09 0.526976 -1.62135 1.09438 -3.45007e-09 -9.23549e-08 
-3.15103e-09 0.575619 -1.78216 1.20654 3.15103e-09 -5.89864e-08 
-4.89478e-09 0.608592 -1.91256 1.30397 4.89478e-09 -5.46961e-08 
1.4191e-07 0.628217 -2.01136 1.38315 -1.4191e-07 -4.3364e-07 
5.24821e-07 0.638137 -2.08109 1.44295 -5.24821e-07 -1.42196e-06 
2.09617e-07 0.647652 -2.12814 1.48049 -2.09617e-07 -6.11483e-07 
1.30136e-07 0.65241 -2.15732 1.50491 -1.30136e-07 -4.08164e-07 
2.49808e-07 0.602597 -2.16535 1.56275 -2.49808e-07 -6.79548e-07 
3.29525e-07 0.553355 -2.16944 1.61608 -3.29525e-07 -8.55772e-07 
2.09682e-07 0.54509 -2.18722 1.64213 -2.09682e-07 -5.60355e-07 
-2.48645e-07 0.556023 -2.22724 1.67121 2.48645e-07 5.55638e-07 
-4.90807e-07 0.546939 -2.24913 1.7022 4.90807e-07 1.14896e-06 
-9.63957e-08 0.509002 -2.23385 1.72485 9.63957e-08 1.8839e-07 
4.67296e-08 0.465014 -2.20694 1.74193 -4.67296e-08 -1.5705e-07 
-1.10112e-07 0.445595 -2.2153 1.76971 1.10112e-07 2.25327e-07 
1.94812e-07 0.444206 -2.25567 1.81146 -1.94812e-07 -5.14306e-07 
7.35576e-07 0.425366 -2.28152 1.85615 -7.35576e-07 -1.82468e-06 
4.19911e-07 0.373141 -2.28776 1.91462 -4.19911e-07 -1.06267e-06 
7.3537e-07 0.35275 -2.30683 1.95408 -7.3537e-07 -1.83377e-06 
3.10763e-07 0.33986 -2.35146 2.0116 -3.10763e-07 -7.97259e-07 
-1.03514e-07 0.318766 -2.35107 2.0323 1.03514e-07 2.13808e-07 
-1.05408e-07 0.300488 -2.33669 2.0362 1.05408e-07 2.19634e-07 
-5.86448e-08 0.289624 -2.32896 2.03934 5.86448e-08 1.06277e-07 
-3.90914e-08 0.285854 -2.32713 2.04127 3.90914e-08 5.8794e-08 
-1.48143e-08 0.281078 -2.32613 2.04506 1.48143e-08 -2.11187e-10 
1.53176e-08 0.269337 -2.33741 2.06807 -1.53176e-08 -7.37436e-08 
-2.28045e-08 0.250225 -2.35674 2.10652 2.28045e-08 1.96962e-08 
-9.01413e-09 0.207314 -2.3221 2.11479 9.01413e-09 -1.21034e-08 
1.0953e-07 0.160334 -2.28754 2.1272 -1.0953e-07 -3.13985e-07 
1.13703e-07 0.110736 -2.242 2.13126 -1.13703e-07 -3.29534e-07 
3.01041e-08 0.0793756 -2.22526 2.14588 -3.01041e-08 -1.11727e-07 
2.72781e-08 0.065508 -2.24301 2.17751 -2.72781e-08 -1.04142e-07 
2.88244e-08 0.0582109 -2.24889 2.19068 -2.88244e-08 -1.07858e-07 
2.82197e-08 0.0563171 -2.24884 2.19252 -2.82197e-08 -1.06168e-07 
2.47139e-08 0.0515077 -2.2461 2.19459 -2.47139e-08 -9.66837e-08 
8.68711e-09 0.0377488 -2.23036 2.19262 -8.68711e-09 -5.35661e-08 
-2.13435e-08 0.00382718 -2.20416 2.20033 2.13435e-08 2.88809e-08 
-5.10743e-09 -0.0497211 -2.19803 2.24775 5.10743e-09 -1.48176e-08 
8.78247e-08 -0.0782821 -2.22069 2.29897 -8.78247e-08 -2.75283e-07 
-1.06847e-08 -0.10986 -2.23891 2.34877 1.06847e-08 7.14054e-10 
-1.46411e-08 -0.167149 -2.22332 2.39047 1.46411e-08 1.29448e-08 
-2.86775e-09 -0.198552 -2.18604 2.38459 2.86775e-09 -1.94402e-08 
8.67375e-09 -0.217308 -2.17635 2.39365 -8.67375e-09 -5.36483e-08 
2.20884e-08 -0.239041 -2.18936 2.4284 -2.20884e-08 -9.3175e-08 
1.23927e-08 -0.256868 -2.17896 2.43583 -1.23927e-08 -6.39961e-08 
-1.85461e-09 -0.272259 -2.14875 2.42101 1.85461e-09 -2.17898e-08 
4.37012e-09 -0.287795 -2.11684 2.40464 -4.37012e-09 -4.13222e-08 
1.82832e-08 -0.305584 -2.10367 2.40926 -1.82832e-08 -8.36761e-08 
2.23892e-08 -0.327444 -2.11622 2.44366 -2.23892e-08 -9.62426e-08 
2.61585e-08 -0.353164 -2.08909 2.44225 -2.61585e-08 -1.09504e-07 
6.82765e-09 -0.380885 -2.07093 2.45181 -6.82765e-09 -4.8518e-08 
-1.17677e-08 -0.403538 -2.08702 2.49056 1.17677e-08 1.09568e-08 
-1.40101e-08 -0.418873 -2.09411 2.51298 1.40101e-08 1.81384e-08 
-4.58489e-09 -0.436365 -2.08772 2.52408 4.58489e-09 -1.20443e-08 
1.97509e-08 -0.454288 -2.05298 2.50727 -1.97509e-08 -9.07666e-08 
3.59563e-08 -0.478628 -2.00676 2.48539 -3.59563e-08 -1.46343e-07 
1.15542e-08 -0.515527 -1.93898 2.4545 -1.15542e-08 -6.60745e-08 
2.00639e-09 -0.567641 -1.84144 2.40908 -2.00639e-09 -3.25416e-08 
-3.412e-09 -0.635457 -1.71232 2.34778 3.412e-09 -1.11995e-08 
5.26452e-09 -0.718369 -1.55189 2.27026 -5.26452e-09 -4.63654e-08 
3.398e-08 -0.815811 -1.36047 2.17628 -3.398e-08 -1.75607e-07 
9.03529e-09 -0.92052 -1.15204 2.07256 -9.03529e-09 -6.63974e-08 
-4.11862e-09 -1.01092 -0.970193 1.98111 4.11862e-09 -2.73264e-09 
-4.41145e-09 -1.08615 -0.817697 1.90385 4.41145e-09 -5.86874e-10 
-5.21e-09 -1.147 -0.693621 1.84063 5.21e-09 4.33917e-09 
-3.6514e-09 -1.19529 -0.594692 1.78998 3.6514e-09 -3.74251e-09 
4.23062e-09 -1.23227 -0.518628 1.7509 -4.23062e-09 -4.63865e-08 
1.06155e-08 -1.25566 -0.470468 1.72613 -1.06155e-08 -8.09871e-08 
1.28424e-08 -1.26353 -0.454262 1.71779 -1.28424e-08 -9.30577e-08 
