-0.0748671 0.694184 -1.52183 0.827647 0.0748671 -1.40287e-06 
-0.074581 0.693667 -1.52051 0.826846 0.074581 -1.40163e-06 
-0.0702905 0.685914 -1.50075 0.814838 0.0702905 -1.38302e-06 
-0.0516982 0.652315 -1.41512 0.762801 0.0516982 -1.30237e-06 
-0.00164214 0.561857 -1.18456 0.622702 0.00164214 -1.08523e-06 
0.103905 0.371119 -0.698412 0.327294 -0.103905 -6.27373e-07 
0.295834 0.0242752 0.18561 -0.209885 -0.295834 2.05204e-07 
0.611903 -0.546905 1.64141 -1.09451 -0.611903 1.57629e-06 
0.826311 -1.40263 3.61511 -2.21248 -0.826311 3.40966e-06 
-0.219463 -1.21909 2.39174 -1.17264 0.219463 2.16468e-06 
-1.5437 -0.950911 0.767279 0.183632 1.5437 5.19195e-07 
-3.17484 -0.588771 -1.30064 1.88941 3.17484 -1.569e-06 
-4.15141 -0.193008 -2.94707 3.14007 4.15141 -3.06224e-06 
-1.57721 0.0396488 -1.53311 1.49346 1.57721 -8.11962e-07 
1.26612 0.268127 0.0553208 -0.323448 -1.26612 1.83687e-06 
5.86133 0.696976 2.53399 -3.23097 -5.86133 5.88254e-06 
4.72489 0.35719 2.3946 -2.75179 -4.72489 1.01183e-05 
1.61338 -0.305084 1.48417 -1.17908 -1.61338 1.54453e-05 
-2.27798 -0.9498 0.0456686 0.904132 2.27798 1.79644e-05 
-1.65742 0.677285 -2.21503 1.53774 1.65742 -1.49014e-05 
-0.742576 3.04064 -5.46133 2.42069 0.742576 -6.29334e-05 
0.159545 0.586353 -0.623081 0.0367282 -0.159545 -9.7728e-06 
0.612278 -2.21255 4.17688 -1.96433 -0.612278 5.12133e-05 
0.324561 -1.66855 3.11146 -1.44292 -0.324561 3.53586e-05 
-0.00103677 -0.260515 0.436962 -0.176447 0.00103677 4.69405e-06 
-0.422031 1.06391 -1.96961 0.905696 0.422031 -2.83019e-05 
-0.488154 1.37563 -2.48079 1.10516 0.488154 -3.65993e-05 
-0.190087 0.648522 -1.04741 0.398891 0.190087 -1.9564e-05 
0.0882332 -0.0308165 0.291348 -0.260532 -0.0882332 -3.63972e-06 
0.36261 0.493321 -0.996847 0.503526 -0.36261 -5.60215e-06 
-1.53317 -2.98661 1.71137 1.27524 1.53317 0.00013924 
2.80532 -0.0824113 2.87194 -2.78953 -2.80532 -3.27172e-05 
2.60131 0.512872 2.16311 -2.67598 -2.60131 -5.70664e-05 
-0.861923 -0.22817 0.641121 -0.41295 0.861923 -5.35449e-06 
-1.87886 -0.542199 0.164858 0.377341 1.87886 1.24663e-05 
-1.86955 -0.601836 0.149184 0.452651 1.86955 1.36397e-05 
1.93945 0.668043 -0.194063 -0.47398 -1.93945 -1.40699e-05 
0.969607 0.62172 -0.567129 -0.0545897 -0.969607 -2.48744e-06 
-2.52673 0.208451 -1.99556 1.78711 2.52673 4.34997e-05 
-2.85544 -0.170609 -2.27438 2.44499 2.85544 3.57585e-05 
2.52635 -0.497454 -0.413974 0.911421 -2.52635 -6.49708e-05 
0.402769 -2.16591 4.62764 -2.46173 -0.402769 -3.43289e-05 
-0.448061 -0.270451 1.66763 -1.39717 0.448061 -2.33688e-06 
0.0552227 2.16722 -3.0969 0.929679 -0.0552227 6.29921e-06 
0.0607163 0.933373 -1.28322 0.34985 -0.0607163 2.43588e-05 
0.00342663 -0.183838 0.499581 -0.315741 -0.00342663 2.58432e-05 
0.00675724 1.18798 -2.84742 1.65944 -0.00675724 7.57024e-05 
-0.0306739 0.331795 -1.45435 1.12256 0.0306739 8.05084e-06 
0.0269883 1.55211 -3.64568 2.09357 -0.0269883 -0.000241757 
0.000488951 1.01053 -3.09078 2.08016 -0.000488951 -0.00110636 
0.000592787 0.728133 -2.93515 2.20694 -0.000592787 -0.00100859 
-0.000177355 0.285385 -2.8666 2.58112 0.000177355 0.000555157 
-4.97782e-05 -1.50375 2.95801 -1.45433 4.97782e-05 0.000128029 
2.97453e-05 -1.18979 2.93384 -1.74413 -2.97453e-05 -7.68048e-05 
9.41712e-05 -0.289077 2.55889 -2.26984 -9.41712e-05 -0.000243607 
-0.000133032 -0.829763 2.42628 -1.59651 0.000133032 0.000343758 
3.41961e-05 -1.04326 2.28361 -1.24035 -3.41961e-05 -8.7722e-05 
2.10769e-05 -6.2056 2.24582 3.95976 -2.10769e-05 -4.97999e-05 
-6.64922e-06 0.900572 0.192323 -1.09289 6.64922e-06 1.56976e-05 
-1.81402e-05 4.61874 -1.19463 -3.42409 1.81402e-05 4.25534e-05 
-3.58868e-05 2.79715 -2.57747 -0.219682 3.58868e-05 8.66803e-05 
3.43002e-05 -2.5692 2.72323 -0.15406 -3.43002e-05 -8.30998e-05 
6.48368e-05 -3.0351 2.85848 0.176636 -6.48368e-05 -0.000158314 
-4.14816e-05 -2.76959 3.00881 -0.239207 4.14816e-05 0.000101865 
-1.48256e-05 2.90827 -3.11099 0.202698 1.48256e-05 3.57e-05 
3.80304e-05 2.00448 -3.94551 1.94102 -3.80304e-05 -9.25604e-05 
4.00683e-05 -1.47783 1.62763 -0.149788 -4.00683e-05 -9.69481e-05 
-0.000134011 -4.97227 2.46789 2.50434 0.000134011 0.000324453 
9.95635e-05 4.56921 -1.48596 -3.08321 -9.95635e-05 -0.000241742 
-4.97325e-05 1.36201 -4.11635 2.75432 4.97325e-05 0.000121739 
7.78327e-05 -0.87521 6.78081 -5.90557 -7.78327e-05 -0.000189677 
3.03227e-05 0.170107 0.902688 -1.07278 -3.03227e-05 -7.39156e-05 
2.71547e-06 0.738555 -0.76793 0.0293731 -2.71547e-06 -6.67892e-06 
-2.9604e-06 0.657854 -0.550429 -0.107427 2.9604e-06 7.17467e-06 
-2.82378e-06 0.539132 -0.213057 -0.326076 2.82378e-06 6.8596e-06 
9.95271e-07 -0.654312 -1.14762 1.80194 -9.95271e-07 -2.4538e-06 
-9.17921e-06 -0.257574 -2.17188 2.42945 9.17921e-06 2.23475e-05 
6.56699e-06 -2.98529 7.41695 -4.43163 -6.56699e-06 -1.5595e-05 
1.2994e-05 0.496786 -2.25924 1.76238 -1.2994e-05 -3.33501e-05 
-9.3269e-06 -1.15696 1.65895 -0.501927 9.3269e-06 2.20624e-05 
-6.44867e-06 2.03227 -3.74774 1.71545 6.44867e-06 1.74566e-05 
7.7323e-06 1.35782 -2.98419 1.62636 -7.7323e-06 -2.0163e-05 
-2.38355e-07 0.543053 1.54578 -2.08882 2.38355e-07 6.3482e-07 
-1.83832e-07 0.537544 0.473093 -1.01064 1.83832e-07 4.5571e-07 
-2.88304e-07 -0.562431 0.158659 0.403774 2.88304e-07 7.8804e-07 
-1.18413e-06 -0.765755 1.26514 -0.49938 1.18413e-06 3.16853e-06 
-1.66386e-06 -1.75093 1.46162 0.289313 1.66386e-06 4.59099e-06 
3.06148e-06 -2.52325 -2.12099 4.64422 -3.06148e-06 -8.11843e-06 
1.84491e-05 4.10069 -3.11909 -0.981575 -1.84491e-05 -5.20975e-05 
-3.58525e-05 -0.390668 0.53293 -0.142296 3.58525e-05 0.000100538 
2.04849e-05 -4.4469 3.81965 0.627272 -2.04849e-05 -5.72411e-05 
-6.72056e-07 3.4213 2.52643 -5.94774 6.72056e-07 1.83773e-06 
2.44745e-07 0.967051 -2.98815 2.02111 -2.44745e-07 -9.36923e-07 
2.38261e-07 -0.369056 -2.18377 2.55283 -2.38261e-07 -6.71147e-07 
-2.68518e-06 0.505243 2.78304 -3.28829 2.68518e-06 7.98374e-06 
-4.11891e-07 0.211421 1.82846 -2.03989 4.11891e-07 1.17794e-06 
2.58236e-06 -0.0546649 0.248764 -0.194102 -2.58236e-06 -7.78286e-06 
7.42962e-07 -0.188526 -1.69854 1.88707 -7.42962e-07 -2.20711e-06 
-1.32477e-06 -0.480894 -3.3266 3.8075 1.32477e-06 4.03817e-06 
9.82521e-08 -0.837044 2.90665 -2.0696 -9.82521e-08 -4.79121e-07 
-3.40007e-06 0.540058 -3.44776 2.90769 3.40007e-06 1.09854e-05 
8.41342e-07 0.509713 -2.34813 1.83842 -8.41342e-07 -2.62805e-06 
1.56222e-06 0.954759 1.18162 -2.13638 -1.56222e-06 -4.9995e-06 
1.01022e-06 -0.38654 0.996838 -0.610295 -1.01022e-06 -3.23445e-06 
1.6437e-06 0.0607712 3.10403 -3.1648 -1.6437e-06 -5.30654e-06 
-5.95932e-07 -0.483216 0.37773 0.105466 5.95932e-07 1.4924e-06 
-7.76466e-06 -1.1348 2.27215 -1.13739 7.76466e-06 2.63672e-05 
1.03697e-05 -1.58314 2.67769 -1.09447 -1.03697e-05 -3.53357e-05 
1.48295e-05 -1.4933 2.94359 -1.45013 -1.48295e-05 -5.30941e-05 
2.52997e-05 -1.41025 2.92563 -1.51553 -2.52997e-05 -9.69083e-05 
-3.55862e-05 -1.27729 2.73773 -1.46011 3.55862e-05 0.000148976 
-3.93095e-05 -1.32148 2.87429 -1.55311 3.93095e-05 0.000171774 
-4.13642e-05 1.43171 -2.67824 1.24627 4.13642e-05 0.000195093 
-1.77012e-06 1.48875 -2.89066 1.40187 1.77012e-06 8.39005e-06 
-3.43466e-08 1.31992 -2.60769 1.28786 3.43466e-08 6.45913e-08 
3.23559e-07 0.868532 -1.72449 0.855934 -3.23559e-07 -1.76933e-06 
6.10765e-07 1.37347 -2.78852 1.41506 -6.10765e-07 -3.34087e-06 
-1.93918e-07 1.29645 -2.66329 1.36685 1.93918e-07 1.04583e-06 
-3.99293e-07 1.44651 -2.97896 1.53245 3.99293e-07 2.16397e-06 
-4.12985e-07 1.45651 -3 1.54349 4.12985e-07 2.23851e-06 
