-0.115978 0.907896 -1.98625 1.07836 0.115978 -1.81672e-06 
-0.115318 0.90678 -1.98348 1.0767 0.115318 -1.81419e-06 
-0.105412 0.890041 -1.94188 1.05184 0.105412 -1.7763e-06 
-0.0624865 0.817505 -1.76159 0.944086 0.0624865 -1.61211e-06 
0.0530812 0.622218 -1.27621 0.653989 -0.0530812 -1.17005e-06 
0.296764 0.21044 -0.252738 0.0422981 -0.296764 -2.37929e-07 
0.739884 -0.538348 1.60837 -1.07002 -0.739884 1.45706e-06 
1.25817 -1.74904 4.49038 -2.74134 -1.25817 4.08549e-06 
0.0323522 -1.61453 3.42063 -1.8061 -0.0323522 3.1323e-06 
-2.45091 -0.838621 0.193445 0.645175 2.45091 2.30389e-07 
-5.3917 0.385324 -4.27076 3.88544 5.3917 -3.79459e-06 
-5.47567 0.973027 -5.63483 4.66181 5.47567 -4.35568e-06 
1.1168 0.262276 -0.0496484 -0.212628 -1.1168 1.95233e-06 
4.11205 -0.216766 2.86377 -2.64701 -4.11205 4.71757e-06 
4.65397 -0.381505 3.619 -3.2375 -4.65397 4.82443e-06 
2.92689 -0.242435 1.66068 -1.41824 -2.92689 8.60091e-06 
5.05591 -0.688245 3.67608 -2.98783 -5.05591 1.44412e-05 
-3.24314 -0.568363 -0.909999 1.47836 3.24314 3.3376e-06 
-2.9755 0.779333 -2.78274 2.0034 2.9755 -5.77453e-06 
-1.14046 1.67772 -3.01699 1.33927 1.14046 -1.10171e-05 
-0.14837 0.961251 -1.36136 0.400112 0.14837 -1.2021e-05 
0.261928 0.0561763 -0.0754781 0.0193017 -0.261928 -1.12742e-05 
0.987435 -1.77612 3.08667 -1.31055 -0.987435 -1.85611e-05 
0.482064 -1.33737 2.40259 -1.06522 -0.482064 -5.47087e-06 
-0.497529 0.723555 -1.25131 0.527757 0.497529 1.14778e-05 
-0.881935 1.54432 -2.69922 1.1549 0.881935 1.64157e-05 
-0.443984 0.64484 -1.08281 0.437967 0.443984 3.20845e-06 
-0.148746 0.0513693 -0.0177734 -0.0335958 0.148746 -4.70157e-06 
-0.12004 0.634384 -1.44318 0.808794 0.12004 -2.60224e-05 
1.71041 -2.05231 3.34542 -1.29311 -1.71041 1.25922e-05 
1.18487 -2.96599 4.41599 -1.45001 -1.18487 4.71161e-05 
-4.31062 3.43327 -6.12009 2.68681 4.31062 -5.25665e-05 
1.49633 0.160028 0.791513 -0.95154 -1.49633 1.18593e-05 
0.940808 -0.650815 1.78116 -1.13034 -0.940808 1.09519e-05 
-0.714602 -0.678072 1.16014 -0.482066 0.714602 -2.98231e-06 
1.15169 0.602663 -0.843413 0.24075 -1.15169 7.04304e-06 
2.92958 0.429649 0.115595 -0.545244 -2.92958 2.29951e-05 
3.91667 0.0895956 0.864961 -0.954556 -3.91667 3.3517e-05 
-3.61617 -0.622826 -1.08473 1.70755 3.61617 -2.57906e-05 
-5.68943 -0.447681 -2.16127 2.60894 5.68943 -4.83183e-05 
-1.1788 -0.10833 -0.376624 0.484952 1.1788 -2.2519e-05 
1.71176 0.0643974 0.787425 -0.851822 -1.71176 -3.08749e-06 
0.976549 -1.01208 -2.15178 3.16387 -0.976549 -3.2722e-05 
-0.0909613 2.691 -0.101142 -2.58986 0.0909613 0.000211915 
0.092939 0.1264 1.09417 -1.22057 -0.092939 2.42524e-05 
-0.0955184 0.315784 -2.6722 2.35643 0.0955184 -0.000527936 
-0.0242161 0.545178 -2.45195 1.9067 0.0242161 0.00181798 
-0.00420912 0.544045 -2.84707 2.30291 0.00420912 0.000228131 
-0.000507727 -1.61636 2.97976 -1.36305 0.000507727 0.00109137 
-0.000353517 -1.38085 2.86244 -1.48149 0.000353517 0.00088731 
-2.10174e-05 -1.29069 2.77828 -1.48765 2.10174e-05 5.20411e-05 
9.96177e-05 -2.45693 1.19314 1.2637 -9.96177e-05 -0.000249172 
-6.45828e-05 -3.4366 1.82121 1.6154 6.45828e-05 0.000159946 
2.63691e-06 -1.43575 0.193482 1.24227 -2.63691e-06 -6.99299e-06 
1.56011e-05 1.32656 1.55972 -2.88627 -1.56011e-05 -3.82972e-05 
5.87396e-06 0.951161 1.36404 -2.3152 -5.87396e-06 -1.4439e-05 
-1.11924e-06 -0.859442 -1.68592 2.54537 1.11924e-06 2.83622e-06 
3.77821e-05 2.20014 -0.0865732 -2.11355 -3.77821e-05 -9.22731e-05 
-5.90703e-05 -5.08574 -1.42085 6.50658 5.90703e-05 0.000143709 
-2.95236e-05 -3.37163 -0.301008 3.67262 2.95236e-05 7.22232e-05 
4.66001e-05 2.98505 2.56554 -5.55059 -4.66001e-05 -0.000113065 
5.01107e-05 -0.196895 1.45152 -1.25463 -5.01107e-05 -0.000121176 
-0.000150499 2.47287 -3.57489 1.10206 0.000150499 0.000365179 
0.000151185 0.895687 -0.42616 -0.469584 -0.000151185 -0.000368698 
1.71383e-05 -0.976301 1.93347 -0.957174 -1.71383e-05 -4.16064e-05 
-6.92134e-05 -1.69088 4.00078 -2.30987 6.92134e-05 0.00016895 
-2.23098e-06 1.35164 -2.41499 1.06334 2.23098e-06 5.28929e-06 
7.62103e-06 0.921855 -1.31513 0.393268 -7.62103e-06 -1.86572e-05 
9.21037e-07 0.276107 0.449858 -0.725964 -9.21037e-07 -2.22804e-06 
-6.16354e-07 0.233656 0.567748 -0.801404 6.16354e-07 1.51466e-06 
-6.7777e-07 0.289613 0.415894 -0.705507 6.7777e-07 1.64936e-06 
6.44268e-07 -0.910664 -0.0882154 0.998884 -6.44268e-07 -1.49738e-06 
-2.50242e-06 -1.87248 2.88261 -1.01012 2.50242e-06 6.27636e-06 
1.14671e-05 -0.155397 0.942083 -0.786724 -1.14671e-05 -2.894e-05 
-3.62342e-06 -2.24637 -2.66279 4.90919 3.62342e-06 8.27849e-06 
-1.21188e-05 -0.485767 -0.254434 0.740209 1.21188e-05 3.1612e-05 
1.04243e-05 -2.7803 1.44743 1.33281 -1.04243e-05 -2.81436e-05 
-6.03869e-05 -0.116609 1.28653 -1.16976 6.03869e-05 0.000165158 
1.83552e-05 2.07192 0.212462 -2.28441 -1.83552e-05 -5.07997e-05 
-3.39271e-06 2.12311 -1.55568 -0.567408 3.39271e-06 9.37626e-06 
-3.86966e-06 2.42139 -3.15399 0.732589 3.86966e-06 1.14714e-05 
3.49846e-06 -0.484174 0.606797 -0.122628 -3.49846e-06 -1.03085e-05 
2.02217e-06 1.20958 3.06736 -4.27693 -2.02217e-06 -6.0732e-06 
-6.3344e-07 0.591973 -0.076067 -0.515908 6.3344e-07 1.89765e-06 
-1.02828e-06 0.319733 -1.11656 0.796823 1.02828e-06 3.08691e-06 
-8.77344e-06 -3.91666 -6.76691 10.6835 8.77344e-06 2.64852e-05 
7.67342e-06 2.9057 6.5064 -9.41206 -7.67342e-06 -2.32445e-05 
-1.49374e-06 0.764896 -1.52681 0.761908 1.49374e-06 4.61463e-06 
-2.44668e-07 0.713757 -1.76404 1.05028 2.44668e-07 6.8036e-07 
-1.41441e-06 -1.42338 2.54561 -1.12222 1.41441e-06 4.50772e-06 
3.94955e-06 -1.491 2.34042 -0.849414 -3.94955e-06 -1.27192e-05 
-6.90808e-06 -1.48778 2.22731 -0.739624 6.90808e-06 2.0303e-05 
1.52477e-05 -1.47966 2.93426 -1.45442 -1.52477e-05 -5.22868e-05 
2.24989e-05 -1.45226 2.95934 -1.50658 -2.24989e-05 -7.89478e-05 
3.6908e-05 -1.35901 2.8782 -1.51945 -3.6908e-05 -0.000141469 
-5.34222e-05 -1.31638 2.85641 -1.5396 5.34222e-05 0.000223145 
-4.74582e-05 -1.16387 2.5961 -1.43246 4.74582e-05 0.000216385 
-1.38805e-05 1.50827 -2.84268 1.3343 1.38805e-05 6.52271e-05 
-6.85107e-07 1.39332 -2.70472 1.31128 6.85107e-07 3.28049e-06 
-2.01821e-07 1.1982 -2.36634 1.1682 2.01821e-07 1.00092e-06 
5.27013e-07 1.46945 -2.9523 1.48283 -5.27013e-07 -2.88367e-06 
5.61645e-07 1.25423 -2.54627 1.29205 -5.61645e-07 -3.07211e-06 
-2.11549e-07 1.30933 -2.69039 1.38106 2.11549e-07 1.14182e-06 
-4.00395e-07 1.44731 -2.98065 1.53334 4.00395e-07 2.16997e-06 
-4.12985e-07 1.45651 -3 1.54349 4.12985e-07 2.23851e-06 
