-0 0 -0 0 0 -0 
-0.0117938 0.0924066 -0.202156 0.10975 0.0117938 -1.84902e-07 
-0.0231842 0.184132 -0.402619 0.218487 0.0231842 -3.6826e-07 
-0.0321543 0.271767 -0.592915 0.321149 0.0321543 -5.42361e-07 
-0.03346 0.34645 -0.751022 0.404571 0.03346 -6.87144e-07 
-0.0170166 0.391141 -0.834582 0.44344 0.0170166 -7.64035e-07 
0.0337148 0.377892 -0.774132 0.39624 -0.0337148 -7.0977e-07 
0.135135 0.256382 -0.453185 0.196803 -0.135135 -4.18012e-07 
0.222979 0.0718468 -0.00822999 -0.0636168 -0.222979 -1.23789e-08 
0.108009 -0.0566257 0.188542 -0.131916 -0.108009 1.70343e-07 
-0.291762 -0.080795 -0.0170588 0.0978538 0.291762 -9.29012e-09 
-0.936616 0.0107969 -0.625165 0.614368 0.936616 -5.38173e-07 
-1.19385 0.0776437 -0.946943 0.8693 1.19385 -6.76308e-07 
-0.9025 0.0767636 -0.78163 0.704866 0.9025 -3.09357e-07 
-0.439661 0.0441523 -0.436933 0.392781 0.439661 1.94229e-07 
-0.097725 0.015422 -0.187496 0.172074 0.097725 7.12111e-07 
0.347141 -0.0321532 0.108014 -0.0758613 -0.347141 1.90448e-06 
0.646164 -0.118186 0.377693 -0.259507 -0.646164 3.43847e-06 
0.23748 -0.111519 0.139151 -0.0276318 -0.23748 3.28181e-06 
0.0344046 0.0189112 -0.160154 0.141243 -0.0344046 2.39687e-06 
-0.021862 0.184842 -0.424308 0.239467 0.021862 1.17258e-06 
-0.0137692 0.214015 -0.452709 0.238694 0.0137692 2.26405e-08 
0.0463972 0.136024 -0.315691 0.179666 -0.0463972 -1.47728e-06 
0.15273 -0.0770253 0.0535114 0.023514 -0.15273 -3.20375e-06 
0.148294 -0.100704 0.09868 0.00202377 -0.148294 -2.83303e-06 
0.0668791 0.0381894 -0.144217 0.106027 -0.0668791 -1.1568e-06 
0.000725133 0.146748 -0.331551 0.184803 -0.000725133 -2.07912e-07 
-0.0283613 0.179864 -0.383389 0.203524 0.0283613 -3.23881e-07 
-0.052776 0.259421 -0.549931 0.290511 0.052776 -1.93305e-06 
0.0073151 0.21507 -0.502629 0.287559 -0.0073151 -3.34179e-06 
0.300915 -0.186069 0.167396 0.0186732 -0.300915 2.31188e-06 
-0.0479487 -0.00341624 -0.17988 0.183296 0.0479487 -3.53733e-07 
-0.105054 0.144224 -0.369915 0.225691 0.105054 -1.54455e-06 
0.0463276 0.107493 -0.210478 0.102985 -0.0463276 -9.6047e-08 
0.0520267 0.0374945 -0.0595644 0.0220699 -0.0520267 2.71294e-07 
0.0466768 0.0278443 -0.0413162 0.013472 -0.0466768 2.69841e-07 
0.243264 0.0821511 -0.0850847 0.00293373 -0.243264 1.69449e-06 
0.617647 0.109871 -0.0245851 -0.0852854 -0.617647 4.7774e-06 
0.808308 0.0936286 -0.00106987 -0.0925585 -0.808308 6.62034e-06 
0.187503 0.0354633 -0.230233 0.194769 -0.187503 1.76821e-06 
-0.162061 0.00716434 -0.359399 0.352235 0.162061 -1.83734e-06 
-0.0759406 0.0109998 -0.315893 0.304893 0.0759406 -2.90921e-06 
0.0902664 -0.00518689 -0.470717 0.475904 -0.0902664 -5.79595e-06 
-0.0251559 0.00116158 -0.519653 0.518492 0.0251559 3.56933e-06 
0.00385664 0.210589 -0.489823 0.279234 -0.00385664 1.87578e-05 
-0.00115354 0.260255 -0.7188 0.458545 0.00115354 1.8412e-05 
0.000810331 0.363989 -1.00551 0.641516 -0.000810331 -4.84088e-05 
7.57953e-05 0.434355 -1.30158 0.867223 -7.57953e-05 -4.66049e-06 
-3.27368e-06 0.464114 -1.57192 1.1078 3.27368e-06 2.79464e-06 
-8.03432e-07 0.31199 -1.27524 0.96325 8.03432e-07 2.07713e-06 
6.32814e-07 0.182514 -0.979142 0.796626 -6.32814e-07 -1.57621e-06 
1.54999e-06 0.0717952 -0.727574 0.65578 -1.54999e-06 -3.87626e-06 
-1.04989e-06 0.173156 -0.427323 0.254168 1.04989e-06 2.66778e-06 
-2.67532e-06 -0.211544 -0.333529 0.545072 2.67532e-06 6.5865e-06 
-1.32941e-06 -0.166107 -0.218839 0.384946 1.32941e-06 3.26459e-06 
-2.31993e-07 -0.0439345 -0.0669614 0.110896 2.31993e-07 5.71005e-07 
-2.09826e-07 -0.0545964 -0.0915924 0.146189 2.09826e-07 5.18263e-07 
1.52347e-06 0.00203635 -0.18992 0.187885 -1.52347e-06 -3.70824e-06 
2.53984e-06 -0.0073472 -0.245401 0.252751 -2.53984e-06 -6.21826e-06 
-4.99731e-06 -0.67192 -0.447255 1.11917 4.99731e-06 1.21467e-05 
-3.0924e-06 -0.610901 -0.284721 0.895621 3.0924e-06 7.54992e-06 
1.56686e-06 -0.412555 -0.079454 0.492008 -1.56686e-06 -3.74689e-06 
1.08119e-06 -0.263586 -0.0402202 0.303807 -1.08119e-06 -2.53098e-06 
-2.56993e-06 -0.119018 -0.392062 0.51108 2.56993e-06 6.23542e-06 
6.15749e-06 -0.115673 -0.222035 0.337706 -6.15749e-06 -1.50185e-05 
2.34628e-06 -0.279596 0.156833 0.122763 -2.34628e-06 -5.7037e-06 
-1.13106e-06 -0.24876 0.168121 0.0806391 1.13106e-06 2.77248e-06 
-2.82977e-07 -0.107007 -0.0905467 0.197553 2.82977e-07 6.89413e-07 
8.62918e-08 -0.0541236 -0.112492 0.166615 -8.62918e-08 -2.1252e-07 
7.71792e-08 -0.0306671 -0.0538835 0.0845506 -7.71792e-08 -1.88427e-07 
8.30906e-09 -0.0035613 -0.00508385 0.00864515 -8.30906e-09 -2.02184e-08 
1.11876e-07 -0.0632379 -0.0576811 0.120919 -1.11876e-07 -2.70311e-07 
-4.02517e-08 -0.212174 0.0943493 0.117825 4.02517e-08 1.17661e-07 
1.6999e-07 -0.355922 0.367387 -0.0114637 -1.6999e-07 -4.181e-07 
1.08636e-06 -0.402811 0.223607 0.179202 -1.08636e-06 -2.76611e-06 
4.80625e-08 -0.633227 0.0358234 0.597406 -4.80625e-08 -1.74927e-07 
-9.67878e-07 -0.809135 0.152012 0.657123 9.67878e-07 2.51451e-06 
-3.72102e-07 -1.00921 0.254209 0.755003 3.72102e-07 1.02585e-06 
-1.01052e-07 -0.768357 0.24096 0.527396 1.01052e-07 3.10869e-07 
3.94267e-07 -0.671287 0.297957 0.373331 -3.94267e-07 -1.14984e-06 
-2.64217e-07 -0.308616 -0.0726127 0.381229 2.64217e-07 7.77741e-07 
-1.74152e-07 -0.276069 -0.208067 0.484136 1.74152e-07 5.17463e-07 
1.13488e-07 -0.211858 0.0289356 0.182922 -1.13488e-07 -3.37969e-07 
1.92184e-07 -0.106663 0.216203 -0.109539 -1.92184e-07 -5.75803e-07 
8.85623e-08 -0.0660997 0.130927 -0.0648272 -8.85623e-08 -2.64694e-07 
-1.79799e-07 -0.286491 0.00399365 0.282497 1.79799e-07 5.49051e-07 
-2.06752e-08 -0.250982 0.138699 0.112283 2.06752e-08 5.5169e-08 
1.07786e-07 -0.101955 0.261541 -0.159585 -1.07786e-07 -3.24436e-07 
2.16985e-09 -0.031398 0.0735238 -0.0421257 -2.16985e-09 -3.36717e-09 
-3.29993e-08 -0.0794023 0.166672 -0.0872693 3.29993e-08 1.10223e-07 
-1.43462e-07 -0.23607 0.378461 -0.142391 1.43462e-07 4.4639e-07 
5.29773e-07 -0.366925 0.68248 -0.315554 -5.29773e-07 -1.74184e-06 
-4.53157e-07 -0.515539 0.955463 -0.439926 4.53157e-07 1.51242e-06 
-2.25959e-07 -0.664417 1.25233 -0.587912 2.25959e-07 8.05736e-07 
-5.87273e-07 -0.806994 1.54919 -0.742189 5.87273e-07 2.25982e-06 
-1.58257e-07 -0.94444 1.84374 -0.89929 1.58257e-07 6.91954e-07 
-1.92663e-07 -1.07467 2.1293 -1.05463 1.92663e-07 7.4741e-07 
-4.51542e-07 -0.933889 1.87222 -0.938338 4.51542e-07 2.15794e-06 
-1.86782e-08 -0.786563 1.5903 -0.803733 1.86782e-08 9.77853e-08 
1.22142e-08 -0.65116 1.3252 -0.674036 -1.22142e-08 -5.89282e-08 
-2.12705e-08 -0.503956 1.03026 -0.5263 2.12705e-08 1.20225e-07 
6.53569e-08 -0.40998 0.842387 -0.432407 -6.53569e-08 -3.52711e-07 
7.58858e-08 -0.290569 0.598228 -0.307659 -7.58858e-08 -4.11128e-07 
4.17881e-08 -0.148094 0.305024 -0.15693 -4.17881e-08 -2.26498e-07 
0 -0 0 -0 -0 -0 
