0 0 0 0 0 0 
-0.000600797 0.00470455 -0.0102923 0.00558774 0.000600797 -9.41381e-09 
-0.0023895 0.0187951 -0.0411117 0.0223166 0.0023895 -3.76029e-08 
-0.00524291 0.0420633 -0.0919407 0.0498774 0.00524291 -8.40959e-08 
-0.0086819 0.0736998 -0.160767 0.0870673 0.0086819 -1.4706e-07 
-0.0114608 0.111599 -0.242359 0.130759 0.0114608 -2.21731e-07 
-0.0109922 0.15139 -0.325849 0.174459 0.0109922 -2.98211e-07 
-0.00282248 0.184783 -0.390926 0.206143 0.00282248 -3.57993e-07 
0.016618 0.201271 -0.413174 0.211903 -0.016618 -3.78792e-07 
0.0356088 0.201377 -0.401212 0.199835 -0.0356088 -3.68249e-07 
0.0287641 0.193319 -0.388636 0.195317 -0.0287641 -3.56582e-07 
-0.0333771 0.18917 -0.419788 0.230618 0.0333771 -3.83571e-07 
-0.14806 0.194307 -0.505027 0.310719 0.14806 -4.51226e-07 
-0.257341 0.202579 -0.595519 0.39294 0.257341 -5.0377e-07 
-0.326116 0.208875 -0.658189 0.449314 0.326116 -5.09708e-07 
-0.351028 0.211685 -0.687338 0.475653 0.351028 -4.67103e-07 
-0.340266 0.211222 -0.693189 0.481967 0.340266 -3.39037e-07 
-0.284209 0.203768 -0.665507 0.461739 0.284209 -6.60541e-08 
-0.240529 0.190799 -0.638069 0.44727 0.240529 2.83939e-07 
-0.228272 0.185311 -0.638937 0.453627 0.228272 5.77517e-07 
-0.228488 0.196304 -0.67012 0.473817 0.228488 7.60069e-07 
-0.230643 0.217421 -0.715944 0.498523 0.230643 8.19654e-07 
-0.229607 0.236817 -0.757781 0.520964 0.229607 7.51895e-07 
-0.219037 0.239293 -0.770237 0.530944 0.219037 5.03101e-07 
-0.202869 0.228469 -0.759339 0.53087 0.202869 1.81192e-07 
-0.191505 0.22441 -0.760108 0.535697 0.191505 -2.81455e-08 
-0.188441 0.2346 -0.78572 0.55112 0.188441 -8.62243e-08 
-0.190103 0.251737 -0.823031 0.571293 0.190103 -1.06479e-07 
-0.194205 0.273562 -0.869257 0.595695 0.194205 -1.98736e-07 
-0.198075 0.299991 -0.926885 0.626895 0.198075 -4.99365e-07 
-0.182765 0.303127 -0.946493 0.643367 0.182765 -5.99069e-07 
-0.166088 0.288464 -0.938565 0.650101 0.166088 -4.19647e-07 
-0.178775 0.298386 -0.972293 0.673907 0.178775 -5.70879e-07 
-0.18121 0.311878 -1.00263 0.690752 0.18121 -6.52876e-07 
-0.174736 0.319271 -1.01581 0.696537 0.174736 -6.31546e-07 
-0.172158 0.320957 -1.0184 0.697443 0.172158 -6.17319e-07 
-0.159004 0.32671 -1.0257 0.698989 0.159004 -5.31702e-07 
-0.116113 0.336779 -1.03197 0.695187 0.116113 -2.12019e-07 
-0.0380806 0.347652 -1.0316 0.683945 0.0380806 4.10545e-07 
0.0147056 0.354079 -1.04231 0.688228 -0.0147056 8.59248e-07 
0.0121049 0.355956 -1.07386 0.717907 -0.0121049 8.33446e-07 
-0.00294144 0.356687 -1.10941 0.752723 0.00294144 5.73343e-07 
-0.00243808 0.357755 -1.14662 0.788865 0.00243808 1.64615e-07 
0.000681002 0.353104 -1.19959 0.846485 -0.000681002 -2.03306e-07 
-0.000293524 0.366935 -1.2523 0.885369 0.000293524 1.13856e-06 
8.56522e-05 0.392427 -1.31373 0.921299 -8.56522e-05 3.54516e-06 
-3.06048e-06 0.423935 -1.40166 0.977725 3.06048e-06 1.79514e-07 
-1.43005e-07 0.464534 -1.51908 1.05454 1.43005e-07 7.41219e-09 
3.43177e-08 0.510977 -1.66641 1.15543 -3.43177e-08 -9.15452e-08 
2.63307e-07 0.550296 -1.81134 1.26105 -2.63307e-07 -7.15863e-07 
-2.24158e-08 0.575396 -1.92601 1.35061 2.24158e-08 -1.90215e-09 
-3.29704e-08 0.589766 -2.01144 1.42167 3.29704e-08 2.44857e-08 
1.68063e-07 0.600489 -2.07155 1.47106 -1.68063e-07 -4.75572e-07 
-7.84586e-08 0.595226 -2.10948 1.51426 7.84586e-08 1.36224e-07 
-2.92573e-07 0.573717 -2.13873 1.56501 2.92573e-07 6.62432e-07 
-3.63185e-07 0.563401 -2.15308 1.58968 3.63185e-07 8.3593e-07 
-3.74958e-07 0.560854 -2.15714 1.59629 3.74958e-07 8.64945e-07 
-3.46217e-07 0.555137 -2.17303 1.61789 3.46217e-07 7.95754e-07 
-5.11269e-08 0.561632 -2.19387 1.63224 5.11269e-08 7.54802e-08 
-2.06551e-07 0.525209 -2.23028 1.70507 2.06551e-07 4.50714e-07 
-6.81397e-07 0.454724 -2.26981 1.81509 6.81397e-07 1.60682e-06 
-7.52326e-07 0.407385 -2.28651 1.87913 7.52326e-07 1.78359e-06 
-4.52589e-07 0.370905 -2.28845 1.91755 4.52589e-07 1.06397e-06 
-8.41523e-07 0.35255 -2.31358 1.96103 8.41523e-07 2.01428e-06 
-4.77656e-07 0.341971 -2.34741 2.00544 4.77656e-07 1.12525e-06 
4.6173e-08 0.322805 -2.35344 2.03063 -4.6173e-08 -1.51407e-07 
4.50657e-08 0.293374 -2.33127 2.03789 -4.50657e-08 -1.46797e-07 
-3.47694e-08 0.275676 -2.32833 2.05265 3.47694e-08 4.85111e-08 
-3.90802e-08 0.26802 -2.34016 2.07214 3.90802e-08 5.88077e-08 
-2.94843e-08 0.263734 -2.34871 2.08498 2.94843e-08 3.52964e-08 
-2.50999e-08 0.26194 -2.35157 2.08963 2.50999e-08 2.46094e-08 
-1.95808e-08 0.259272 -2.35469 2.09542 1.95808e-08 1.12207e-08 
-1.27832e-08 0.246155 -2.35555 2.10939 1.27832e-08 -4.34668e-09 
-1.7821e-08 0.215828 -2.33052 2.11469 1.7821e-08 9.71406e-09 
6.40456e-08 0.179264 -2.29726 2.118 -6.40456e-08 -1.96703e-07 
1.27309e-07 0.124238 -2.28649 2.16225 -1.27309e-07 -3.62301e-07 
6.57055e-08 0.0535589 -2.27853 2.22497 -6.57055e-08 -2.04003e-07 
7.58017e-08 -0.0420551 -2.25786 2.29991 -7.58017e-08 -2.37139e-07 
-2.41353e-08 -0.13409 -2.23154 2.36563 2.41353e-08 3.86395e-08 
8.24789e-09 -0.206693 -2.20297 2.40966 -8.24789e-09 -5.23314e-08 
1.60137e-08 -0.257162 -2.18982 2.44698 -1.60137e-08 -7.5273e-08 
-1.3139e-08 -0.284013 -2.20708 2.49109 1.3139e-08 1.08485e-08 
-1.48547e-08 -0.310154 -2.21817 2.52833 1.48547e-08 1.60366e-08 
3.2885e-09 -0.325682 -2.20247 2.52815 -3.2885e-09 -3.82429e-08 
1.78789e-08 -0.334252 -2.18395 2.5182 -1.78789e-08 -8.19291e-08 
2.17251e-08 -0.348443 -2.17045 2.5189 -2.17251e-08 -9.31013e-08 
-9.62168e-09 -0.384234 -2.18012 2.56435 9.62168e-09 1.60209e-09 
2.1409e-09 -0.400432 -2.15327 2.5537 -2.1409e-09 -3.43661e-08 
6.49984e-09 -0.4072 -2.13611 2.54331 -6.49984e-09 -4.71661e-08 
5.93405e-09 -0.410178 -2.12951 2.53969 -5.93405e-09 -4.51033e-08 
-6.70635e-09 -0.426135 -2.1014 2.52753 6.70635e-09 -4.94761e-09 
2.29746e-08 -0.456755 -2.04718 2.50393 -2.29746e-08 -1.01418e-07 
1.54403e-08 -0.501738 -1.96467 2.46641 -1.54403e-08 -7.82658e-08 
3.1479e-09 -0.561866 -1.85234 2.41421 -3.1479e-09 -3.66385e-08 
-4.45525e-09 -0.63682 -1.70971 2.34653 4.45525e-09 -7.18578e-09 
5.82855e-09 -0.726023 -1.53695 2.26298 -5.82855e-09 -4.84749e-08 
3.51183e-08 -0.828964 -1.33443 2.1634 -3.51183e-08 -1.82203e-07 
5.24646e-09 -0.931888 -1.12926 2.06115 -5.24646e-09 -4.81748e-08 
-4.25824e-09 -1.01933 -0.953188 1.97252 4.25824e-09 -1.97407e-09 
-4.29307e-09 -1.09218 -0.80543 1.89761 4.29307e-09 -1.1574e-09 
-5.39986e-09 -1.15118 -0.685095 1.83627 5.39986e-09 5.40944e-09 
-3.26457e-09 -1.19781 -0.589517 1.78733 3.26457e-09 -5.82931e-09 
4.56006e-09 -1.23354 -0.516021 1.74956 -4.56006e-09 -4.81713e-08 
1.07066e-08 -1.25598 -0.469802 1.72578 -1.07066e-08 -8.14809e-08 
1.28424e-08 -1.26353 -0.454262 1.71779 -1.28424e-08 -9.30577e-08 
