0.00128912 1.2528 -2.63295 1.38015 -0.00128912 -2.48241e-06 
2.0788e-05 -1.14984 4.33366 -3.18382 -2.0788e-05 -4.81919e-05 
-1.80899e-06 0.642125 -1.32921 0.687087 1.80899e-06 4.41738e-06 
-6.01804e-06 1.79108 -3.75551 1.96443 6.01804e-06 1.47281e-05 
0.0254655 3.36257 -2.54508 -0.827532 -0.0354719 -0.00986686 
-0.0613884 -0.132216 0.17136 -0.0150354 0.0854352 0.0241748 
1.12983 2.2245 -2.98493 0.316718 -1.5724 -0.444924 
-1.43047 -2.64307 3.57876 0.523792 2.88622 1.46349 
0.989881 1.74894 -2.41792 -0.910938 -2.55353 -1.59744 
2.73535 1.65418 -0.644872 -1.34025 -4.71443 1.44387 
-0.188606 -0.0858642 -0.00271934 0.0837644 1.64277 1.58094 
-0.997548 -0.507076 0.035087 0.470456 -0.442557 -2.24506 
1.9405 1.08649 -0.0735074 -1.01506 1.76929 -3.95023 
0.408564 0.190632 -0.0285571 -0.16269 -0.171382 -1.48809 
3.34484 2.09341 0.0161755 -2.10265 -6.30863 3.0025 
0.626182 0.57876 -0.664142 -0.544077 -2.01085 -0.378068 
-0.0333945 -0.00181988 -0.0546523 0.00432187 0.0118971 -0.0516225 
-1.1415 -0.152139 -2.04724 0.561339 0.510791 -1.63913 
-1.80136 -0.393073 -2.69414 0.493072 0.799429 -2.59465 
-4.12985e-07 1.45651 -3 1.54349 4.12985e-07 2.23851e-06 
