0 0 0 0 0 0 
-0.00102371 0.00802034 -0.017546 0.00952568 0.00102371 -1.60488e-08 
-0.00402698 0.0319667 -0.0698991 0.0379324 0.00402698 -6.39357e-08 
-0.00839904 0.0708071 -0.154494 0.0836871 0.00839904 -1.41324e-07 
-0.0117647 0.120528 -0.261356 0.140828 0.0117647 -2.39129e-07 
-0.00796393 0.170633 -0.364427 0.193795 0.00796393 -3.33614e-07 
0.0129031 0.199837 -0.412537 0.2127 -0.0129031 -3.78124e-07 
0.0369463 0.200431 -0.398362 0.197931 -0.0369463 -3.65653e-07 
0.009903 0.190286 -0.394349 0.204063 -0.009903 -3.61401e-07 
-0.110153 0.192027 -0.475455 0.283428 0.110153 -4.29236e-07 
-0.248361 0.201819 -0.587769 0.38595 0.248361 -5.00584e-07 
-0.330301 0.209299 -0.662398 0.453099 0.330301 -5.07513e-07 
-0.351847 0.212073 -0.693723 0.48165 0.351847 -4.24337e-07 
-0.286821 0.204243 -0.667034 0.462791 0.286821 -7.9748e-08 
-0.233803 0.187334 -0.634874 0.447541 0.233803 3.97604e-07 
-0.227755 0.1895 -0.653558 0.464058 0.227755 6.98481e-07 
-0.229577 0.20795 -0.695642 0.487693 0.229577 8.09751e-07 
-0.230576 0.228006 -0.738194 0.510188 0.230576 8.0809e-07 
-0.22506 0.24093 -0.769804 0.528874 0.22506 6.2627e-07 
-0.207773 0.230607 -0.761787 0.531181 0.207773 2.42446e-07 
-0.190377 0.22495 -0.761116 0.536166 0.190377 -2.78963e-08 
-0.184499 0.244793 -0.805242 0.560449 0.184499 -5.69551e-08 
-0.19745 0.273242 -0.870529 0.597288 0.19745 -2.31745e-07 
-0.214358 0.295534 -0.928405 0.632871 0.214358 -6.72314e-07 
-0.158927 0.315673 -0.953337 0.637664 0.158927 -3.88959e-07 
-0.0562496 0.333893 -0.956277 0.622384 0.0562496 4.93034e-07 
0.00337558 0.344134 -0.963506 0.619372 -0.00337558 9.9497e-07 
0.0124357 0.351232 -1.0096 0.658364 -0.0124357 8.98112e-07 
-0.00164336 0.355674 -1.09062 0.73495 0.00164336 6.81221e-07 
-0.000310631 0.355876 -1.1704 0.814522 0.000310631 -1.26847e-07 
0.000105925 0.360847 -1.23697 0.876126 -0.000105925 5.99733e-07 
-2.75413e-05 0.386727 -1.29854 0.911812 2.75413e-05 3.04385e-06 
1.45622e-06 0.422925 -1.39887 0.975945 -1.45622e-06 3.20884e-07 
-1.51829e-07 0.473818 -1.54718 1.07337 1.51829e-07 -3.39168e-08 
-2.50382e-07 0.530964 -1.73672 1.20576 2.50382e-07 5.65896e-07 
-3.28029e-08 0.569251 -1.89498 1.32573 3.28029e-08 2.40464e-08 
-4.33923e-08 0.58898 -2.00449 1.41551 4.33923e-08 5.05527e-08 
1.71716e-07 0.599774 -2.06983 1.47006 -1.71716e-07 -4.84886e-07 
-8.54879e-08 0.594664 -2.11036 1.5157 8.54879e-08 1.53528e-07 
-2.90965e-07 0.573918 -2.13847 1.56455 2.90965e-07 6.58483e-07 
-3.4478e-07 0.566532 -2.14849 1.58196 3.4478e-07 7.90669e-07 
-1.97495e-07 0.558624 -2.18412 1.62549 1.97495e-07 4.3313e-07 
-1.05613e-07 0.539066 -2.22056 1.68149 1.05613e-07 2.05486e-07 
-5.14069e-07 0.482687 -2.25569 1.773 5.14069e-07 1.19891e-06 
-7.00783e-07 0.450758 -2.27163 1.82088 7.00783e-07 1.65417e-06 
-7.39891e-07 0.441479 -2.27568 1.8342 7.39891e-07 1.74982e-06 
-7.38132e-07 0.404073 -2.2871 1.88303 7.38132e-07 1.7496e-06 
-4.51282e-07 0.367956 -2.28921 1.92125 4.51282e-07 1.06188e-06 
-8.52898e-07 0.349696 -2.3238 1.9741 8.52898e-07 2.04125e-06 
-5.2197e-08 0.330083 -2.35606 2.02598 5.2197e-08 8.80421e-08 
8.77618e-08 0.306665 -2.34154 2.03487 -8.77618e-08 -2.51751e-07 
4.80037e-08 0.294026 -2.33171 2.03769 -4.80037e-08 -1.53999e-07 
1.45255e-08 0.287092 -2.32764 2.04055 -1.45255e-08 -7.19897e-08 
-2.87319e-08 0.263434 -2.34923 2.08579 2.87319e-08 3.34601e-08 
-1.74811e-08 0.232111 -2.34605 2.11394 1.74811e-08 8.29419e-09 
-1.49082e-08 0.211607 -2.32612 2.11451 1.49082e-08 2.49317e-09 
-8.76621e-09 0.20672 -2.32095 2.11423 8.76621e-09 -1.28505e-08 
4.01221e-08 0.187543 -2.30272 2.11517 -4.01221e-08 -1.35984e-07 
1.25581e-07 0.132675 -2.287 2.15433 -1.25581e-07 -3.5714e-07 
4.74278e-08 0.0322814 -2.2743 2.24202 -4.74278e-08 -1.5708e-07 
5.88882e-09 -0.0968313 -2.24268 2.33951 -5.88882e-09 -4.50934e-08 
1.91197e-09 -0.196243 -2.20765 2.4039 -1.91197e-09 -3.39238e-08 
2.17395e-08 -0.245993 -2.18932 2.43532 -2.17395e-08 -9.20839e-08 
-1.0097e-08 -0.279904 -2.20389 2.4838 1.0097e-08 1.82115e-09 
-1.04785e-08 -0.316085 -2.21584 2.53192 1.04785e-08 2.97733e-09 
2.2828e-08 -0.339522 -2.17539 2.51491 -2.2828e-08 -9.66742e-08 
6.97595e-09 -0.363782 -2.17582 2.5396 -6.97595e-09 -4.83535e-08 
-5.7159e-09 -0.393153 -2.16966 2.56281 5.7159e-09 -1.05099e-08 
-2.05891e-09 -0.420293 -2.11089 2.53118 2.05891e-09 -1.95313e-08 
3.06201e-08 -0.463062 -2.03553 2.49859 -3.06201e-08 -1.26883e-07 
1.71689e-08 -0.528513 -1.91489 2.44341 -1.71689e-08 -8.60829e-08 
1.25694e-08 -0.618451 -1.7449 2.36335 -1.25694e-08 -7.25535e-08 
4.03669e-09 -0.73175 -1.52577 2.25752 -4.03669e-09 -4.08065e-08 
4.6028e-09 -0.865787 -1.26131 2.12709 -4.6028e-09 -4.43946e-08 
-5.1575e-09 -0.987665 -1.01713 2.00479 5.1575e-09 1.9209e-09 
-4.43203e-09 -1.08512 -0.81978 1.9049 4.43203e-09 -4.8823e-10 
-5.67816e-09 -1.15979 -0.667469 1.82726 5.67816e-09 6.99988e-09 
1.06609e-10 -1.21525 -0.553657 1.76891 -1.06609e-10 -2.40544e-08 
9.37697e-09 -1.25125 -0.479544 1.7308 -9.37697e-09 -7.42742e-08 
1.28424e-08 -1.26353 -0.454262 1.71779 -1.28424e-08 -9.30577e-08 
