-0 0 -0 0 0 -0 
-0.0157269 0.123428 -0.270005 0.146577 0.0157269 -2.46966e-07 
-0.0298866 0.244208 -0.533427 0.289219 0.0298866 -4.87936e-07 
-0.0346426 0.349098 -0.757356 0.408258 0.0346426 -6.92934e-07 
-0.00962018 0.403671 -0.856222 0.452551 0.00962018 -7.8402e-07 
0.0828551 0.336649 -0.655755 0.319105 -0.0828551 -6.02381e-07 
0.225665 0.102345 -0.0707286 -0.031616 -0.225665 -6.95921e-08 
0.0694307 -0.0700581 0.192075 -0.122017 -0.0694307 1.74444e-07 
-0.560613 -0.0505089 -0.253331 0.30384 0.560613 -2.20078e-07 
-1.15247 0.0629641 -0.882659 0.819695 1.15247 -6.8316e-07 
-0.890015 0.0744102 -0.764276 0.689866 0.890015 -3.35076e-07 
-0.363631 0.0373142 -0.370673 0.333359 0.363631 2.24792e-07 
0.0854685 -0.000275098 -0.0957593 0.0960344 -0.0854685 1.37492e-06 
0.754121 -0.132973 0.436515 -0.303542 -0.754121 3.9205e-06 
0.148035 -0.0786591 0.0370823 0.041577 -0.148035 3.12887e-06 
-0.00692443 0.110501 -0.293933 0.183432 0.00692443 1.49954e-06 
-0.0132132 0.139564 -0.298918 0.159354 0.0132132 3.44397e-07 
0.00449241 0.159868 -0.342435 0.182566 -0.00449241 -5.06e-07 
0.0962197 -0.00292968 -0.0719368 0.0748666 -0.0962197 -2.48097e-06 
0.151127 -0.109148 0.115718 -0.00656969 -0.151127 -2.95609e-06 
0.0998083 0.0632274 -0.177151 0.113924 -0.0998083 -8.56196e-07 
-0.016857 0.212778 -0.458147 0.245369 0.016857 -1.60711e-07 
-0.189865 0.198561 -0.50938 0.310819 0.189865 -3.143e-06 
0.0559764 0.152003 -0.338832 0.186829 -0.0559764 -1.93364e-06 
0.780893 0.161965 -0.060819 -0.101146 -0.780893 6.28369e-06 
0.673654 0.110743 -0.0227204 -0.0880224 -0.673654 5.89788e-06 
0.284666 0.0569561 -0.101951 0.0449949 -0.284666 2.10462e-06 
-0.33063 0.0249269 -0.656108 0.631182 0.33063 -4.98038e-06 
0.112531 0.0465029 -0.574159 0.527655 -0.112531 -7.53396e-07 
-0.010692 -0.0797822 -0.583809 0.663592 0.010692 -6.34698e-06 
0.000291249 0.171466 -0.462436 0.290971 -0.000291249 1.52757e-05 
-0.000392362 0.231568 -0.598754 0.367185 0.000392362 2.30436e-05 
-0.000226833 0.346097 -0.954408 0.60831 0.000226833 -5.07203e-05 
2.77748e-06 0.43479 -1.33024 0.895447 -2.77748e-06 3.6116e-07 
5.88898e-06 0.384021 -1.40839 1.02438 -5.88898e-06 -1.49185e-05 
-6.61914e-07 0.213982 -1.02791 0.813927 6.61914e-07 1.65159e-06 
6.13236e-07 0.0850002 -0.670096 0.585097 -6.13236e-07 -1.53366e-06 
-6.00174e-07 0.142298 -0.334079 0.191782 6.00174e-07 1.53772e-06 
-2.44388e-06 -0.197117 -0.30507 0.502186 2.44388e-06 6.01555e-06 
-6.58932e-07 -0.0819626 -0.107873 0.189836 6.58932e-07 1.61811e-06 
-8.76292e-07 -0.136959 -0.19447 0.331429 8.76292e-07 2.15372e-06 
4.52834e-06 0.132807 -0.261816 0.129012 -4.52834e-06 -1.10525e-05 
-2.94051e-06 -0.419029 -0.312897 0.731926 2.94051e-06 7.13954e-06 
-2.46557e-06 -0.367967 -0.199074 0.56704 2.46557e-06 6.0048e-06 
-5.85959e-07 -0.124507 -0.0564167 0.180924 5.85959e-07 1.43157e-06 
-6.07512e-07 -0.165605 -0.0692318 0.234836 6.07512e-07 1.48822e-06 
1.64305e-06 -0.34368 -0.0559827 0.399662 -1.64305e-06 -3.93819e-06 
-7.42508e-07 -0.191295 -0.0727291 0.264025 7.42508e-07 1.8757e-06 
2.0098e-06 -0.114159 -0.432463 0.546621 -2.0098e-06 -4.9291e-06 
3.62325e-06 -0.180112 0.0160729 0.164039 -3.62325e-06 -8.82594e-06 
-2.13544e-07 -0.149903 0.122398 0.0275051 2.13544e-07 5.30701e-07 
-2.01973e-07 -0.045334 0.0313299 0.0140042 2.01973e-07 4.95167e-07 
-7.77467e-07 -0.153823 0.0695846 0.084239 7.77467e-07 1.90317e-06 
4.61615e-07 -0.184386 -0.314537 0.498923 -4.61615e-07 -1.12641e-06 
-7.81396e-08 -0.236006 0.199456 0.0365503 7.81396e-08 2.07088e-07 
7.22233e-08 -0.0778613 0.0819396 -0.00407828 -7.22233e-08 -1.79831e-07 
1.15742e-07 -0.0728158 0.0769727 -0.00415709 -1.15742e-07 -2.8975e-07 
6.95346e-07 -0.23067 0.176253 0.0544151 -6.95346e-07 -1.75987e-06 
2.20994e-07 -0.659204 0.0446122 0.614594 -2.20994e-07 -6.26452e-07 
-3.63467e-07 -0.886608 0.18254 0.704066 3.63467e-07 8.89558e-07 
-1.33952e-06 -0.921988 0.270515 0.651476 1.33952e-06 3.69116e-06 
3.84184e-07 -0.61989 0.278702 0.341188 -3.84184e-07 -1.1116e-06 
-4.43125e-08 -0.232745 0.0273598 0.205385 4.43125e-08 1.28807e-07 
-2.52278e-07 -0.293928 -0.2335 0.527427 2.52278e-07 7.47819e-07 
2.30477e-07 -0.236776 0.167094 0.0696823 -2.30477e-07 -6.88823e-07 
8.12008e-08 -0.156688 0.191706 -0.0350168 -8.12008e-08 -2.39893e-07 
-2.58847e-07 -0.233271 -0.12005 0.353319 2.58847e-07 7.83089e-07 
1.76372e-07 -0.192825 0.350265 -0.157439 -1.76372e-07 -5.39446e-07 
-2.42909e-07 -0.264866 0.441154 -0.176288 2.42909e-07 7.66609e-07 
3.94233e-07 -0.404086 0.741702 -0.337617 -3.94233e-07 -1.33449e-06 
2.0372e-07 -0.599531 1.11821 -0.518674 -2.0372e-07 -7.17496e-07 
-6.14988e-07 -0.783739 1.49842 -0.714682 6.14988e-07 2.35426e-06 
-4.15439e-07 -0.959302 1.8745 -0.915192 4.15439e-07 1.76501e-06 
-1.05771e-06 -1.03692 2.06373 -1.02681 1.05771e-06 4.86391e-06 
9.18874e-08 -0.842448 1.69828 -0.855835 -9.18874e-08 -4.24958e-07 
1.33229e-08 -0.663304 1.3491 -0.68579 -1.33229e-08 -6.37739e-08 
-9.91006e-09 -0.484239 0.990835 -0.506597 9.91006e-09 5.81551e-08 
7.95514e-08 -0.358126 0.73675 -0.378624 -7.95514e-08 -4.30526e-07 
5.2779e-08 -0.188564 0.388361 -0.199797 -5.2779e-08 -2.86058e-07 
2.97639e-22 -1.04971e-15 2.1621e-15 -1.1124e-15 -2.97639e-22 -1.6133e-21 
