-0.121474 0.950873 -2.08028 1.12941 0.121474 -1.90277e-06 
-0.119463 0.947475 -2.07184 1.12436 0.119463 -1.89508e-06 
-0.0892991 0.896507 -1.94515 1.04865 0.0892991 -1.77969e-06 
0.0414104 0.675645 -1.3962 0.720556 -0.0414104 -1.27968e-06 
0.39332 0.0810166 0.0817521 -0.162769 -0.39332 6.64931e-08 
1.04593 -1.35079 3.51557 -2.16477 -1.04593 3.19766e-06 
0.379835 -1.79277 4.01891 -2.22614 -0.379835 3.67288e-06 
-3.11765 -0.67504 -0.578803 1.25384 3.11765 -4.63671e-07 
-6.57285 0.971267 -6.26247 5.2912 6.57285 -5.59576e-06 
-0.349898 0.447722 -1.33735 0.889631 0.349898 3.92334e-07 
3.63191 -0.175192 2.49512 -2.31993 -3.63191 4.13959e-06 
4.02794 -0.33781 3.17038 -2.83257 -4.02794 4.00444e-06 
6.10376 -0.610835 3.95561 -3.34477 -6.10376 1.61866e-05 
-4.21054 -0.696713 -1.09277 1.78948 4.21054 2.37388e-06 
-2.52195 1.33464 -3.15972 1.82508 2.52195 -1.15956e-05 
-0.291798 1.21288 -1.65091 0.438029 0.291798 -1.18529e-05 
0.0836699 -0.389686 0.948319 -0.558633 -0.0836699 -5.86778e-06 
0.339187 -0.281835 0.408948 -0.127113 -0.339187 -1.03211e-05 
0.933438 -1.83283 3.08217 -1.24934 -0.933438 -1.67834e-05 
0.00785206 0.273894 -0.429861 0.155967 -0.00785206 6.73242e-06 
-0.724893 1.82849 -3.17508 1.34659 0.724893 1.84231e-05 
-1.07349 0.465338 -1.1382 0.672857 1.07349 -7.88231e-06 
-0.868644 -0.559185 0.488157 0.0710285 0.868644 -2.64726e-05 
4.66577 -0.149912 2.17689 -2.02698 -4.66577 4.79534e-05 
3.44293 -0.0150587 1.32606 -1.311 -3.44293 4.19896e-05 
-3.03176 -0.509476 -0.400306 0.909783 3.03176 -2.77463e-05 
1.64484 0.565623 -2.41316 1.84754 -1.64484 4.09001e-06 
-4.51493 -0.456732 -3.86208 4.31881 4.51493 -3.24817e-05 
-0.5914 -0.0769986 -0.576217 0.65321 0.5914 -8.66723e-05 
0.749264 -0.268272 2.46853 -2.20024 -0.749264 0.000138661 
-0.061028 0.613718 1.38364 -1.99737 0.061028 4.18391e-05 
0.0318556 0.125338 -2.12426 1.99893 -0.0318556 -0.000112867 
0.00346627 0.647837 -2.49045 1.84256 -0.00346627 0.00139846 
0.000656095 0.53193 -2.94886 2.41694 -0.000656095 0.000167185 
0.000976908 -1.45976 2.83288 -1.37345 -0.000976908 -0.0024088 
0.000113437 -1.19673 2.9358 -1.73913 -0.000113437 -0.000283149 
6.8236e-05 -1.93228 2.19338 -0.261166 -6.8236e-05 -0.000170668 
-4.14351e-05 -1.54945 1.19799 0.351469 4.14351e-05 0.00010286 
6.91659e-06 -0.764381 0.702724 0.0616538 -6.91659e-06 -1.74168e-05 
1.21503e-05 1.3615 1.74822 -3.10972 -1.21503e-05 -2.98341e-05 
-4.28771e-06 -1.52989 -2.63599 4.16587 4.28771e-06 1.06197e-05 
-1.47575e-05 -0.852012 1.52403 -0.672017 1.47575e-05 3.5452e-05 
-2.55157e-05 -2.11169 -0.126187 2.23787 2.55157e-05 6.23061e-05 
1.70734e-05 1.75444 1.28064 -3.03508 -1.70734e-05 -4.14618e-05 
9.84259e-06 1.77728 0.857896 -2.63517 -9.84259e-06 -2.40117e-05 
-6.38165e-06 -2.72077 -1.02098 3.74175 6.38165e-06 1.57392e-05 
3.47384e-05 0.226844 1.1211 -1.34794 -3.47384e-05 -8.40184e-05 
-0.000114634 0.976604 -3.11353 2.13696 0.000114634 0.000278205 
0.000220448 -0.198753 -1.68143 1.8801 -0.000220448 -0.000537223 
-7.20818e-05 0.0828279 3.0323 -3.1151 7.20818e-05 0.000175848 
-6.65386e-06 0.765171 -0.614826 -0.150344 6.65386e-06 1.61687e-05 
3.09984e-06 0.762778 -0.573385 -0.189395 -3.09984e-06 -7.60592e-06 
-9.07839e-06 -1.72057 -0.414304 2.13487 9.07839e-06 2.21668e-05 
-1.35882e-07 -0.724621 4.69067 -3.96603 1.35882e-07 6.94095e-07 
1.33955e-06 0.987208 0.155786 -1.143 -1.33955e-06 -3.49862e-06 
-3.05939e-07 1.15172 -1.19204 0.0403145 3.05939e-07 7.38355e-07 
2.63047e-06 -1.20592 1.2651 -0.0591932 -2.63047e-06 -6.6012e-06 
4.65226e-06 -1.72277 -0.029643 1.7524 -4.65226e-06 -1.20288e-05 
-1.25719e-05 -3.21394 -0.636015 3.84998 1.25719e-05 3.22511e-05 
4.00461e-05 -2.85955 0.797112 2.06236 -4.00461e-05 -0.000107471 
2.25958e-05 3.05654 -0.66403 -2.39258 -2.25958e-05 -6.11847e-05 
-2.65628e-06 3.32283 -1.40857 -1.91424 2.65628e-06 7.09056e-06 
-2.97333e-06 -0.757627 -1.21333 1.97096 2.97333e-06 8.77038e-06 
4.70997e-06 -0.767311 -0.019768 0.787067 -4.70997e-06 -1.38376e-05 
3.99749e-06 1.29862 6.30254 -7.60112 -3.99749e-06 -1.20351e-05 
-3.94128e-06 -0.0371624 -3.91371 3.95085 3.94128e-06 1.18638e-05 
-5.37684e-07 -0.485774 -0.302585 0.788354 5.37684e-07 1.57095e-06 
2.78627e-06 0.44109 4.46664 -4.90771 -2.78627e-06 -8.31841e-06 
1.27726e-07 -1.28937 0.685839 0.603537 -1.27726e-07 -7.86753e-07 
-1.07568e-05 -1.70968 2.63997 -0.930388 1.07568e-05 3.34815e-05 
-1.64465e-05 -1.46524 2.94494 -1.47994 1.64465e-05 5.83837e-05 
-3.37696e-05 -1.35599 2.86099 -1.50446 3.37696e-05 0.000130444 
-3.11353e-05 -1.31879 2.86828 -1.54931 3.11353e-05 0.000129577 
3.56216e-05 1.50489 -2.74445 1.23971 -3.56216e-05 -0.000163569 
-2.80561e-06 1.3971 -2.67946 1.28255 2.80561e-06 1.32104e-05 
2.23813e-09 1.07418 -2.10569 1.03161 -2.23813e-09 -1.37029e-07 
7.56186e-07 0.707109 -1.39512 0.688004 -7.56186e-07 -4.12683e-06 
1.20904e-07 1.06642 -2.1794 1.11299 -1.20904e-07 -6.68177e-07 
-3.79617e-07 1.43213 -2.94871 1.51658 3.79617e-07 2.05684e-06 
-4.12985e-07 1.45651 -3 1.54349 4.12985e-07 2.23851e-06 
