0.00129944 1.26283 -2.65402 1.3912 -0.00129944 -2.5023e-06 
0.00129605 1.25981 -2.64772 1.38791 -0.00129605 -2.4957e-06 
0.00124526 1.21456 -2.55322 1.33866 -0.00124526 -2.39681e-06 
0.00102514 1.01846 -2.14371 1.12525 -0.00102514 -1.96825e-06 
0.000432506 0.490493 -1.04118 0.550688 -0.000432506 -8.14462e-07 
-0.000817097 -0.622758 1.28358 -0.660823 0.000817097 1.61839e-06 
-0.00276541 -2.42163 5.05026 -2.62863 0.00276541 5.39499e-06 
-0.00177642 -1.9251 4.07515 -2.15006 0.00177642 3.36868e-06 
7.44976e-06 -0.902326 2.03036 -1.12804 -7.44976e-06 -2.52895e-07 
0.00254011 0.63553 -1.06563 0.430105 -0.00254011 -5.37215e-06 
-0.000758152 0.922792 -2.18386 1.26107 0.000758152 1.89521e-06 
-0.00368817 0.979496 -2.73086 1.75136 0.00368817 8.29913e-06 
-0.00378684 0.761323 -2.32687 1.56555 0.00378684 7.89223e-06 
-8.5169e-05 0.1551 -0.613274 0.458175 8.5169e-05 -1.73755e-06 
-0.000257442 0.81311 -2.65001 1.83691 0.000257442 -5.33288e-06 
0.00757417 -0.310176 0.140599 0.169582 -0.00757417 -2.94821e-05 
-0.00304184 0.516527 -2.7267 2.21016 0.00304184 -2.96351e-06 
0.00112972 -0.303716 -0.975593 1.27932 -0.00112972 3.72878e-05 
-0.00138251 -0.587565 -1.80457 2.39213 0.00138251 -7.47117e-05 
-2.86102e-05 -1.33955 2.59072 -1.25122 2.86102e-05 -0.000208427 
2.77285e-05 -1.45266 2.94238 -1.48969 -2.77285e-05 -4.09624e-05 
-8.29473e-05 2.8815 1.4949 -4.37641 8.29473e-05 0.000203529 
1.83531e-05 -0.605163 2.7319 -2.12674 -1.83531e-05 -4.5286e-05 
-5.26921e-05 1.31335 -2.97283 1.65948 5.26921e-05 0.000131628 
2.93962e-05 0.535178 -2.45645 1.92127 -2.93962e-05 -7.36909e-05 
0.000293519 1.24796 -2.95829 1.71032 -0.000293519 -0.000731794 
0.000127619 0.842968 -2.98792 2.14504 -0.000127619 -0.000318269 
1.4682e-05 0.493595 -2.97352 2.48006 -1.4682e-05 -3.66107e-05 
0.00105839 -1.46718 2.83984 -1.37297 -0.00105839 -0.00263978 
8.59264e-05 -1.17939 2.95074 -1.77134 -8.59264e-05 -0.000214296 
-2.75505e-05 -0.387435 3.0587 -2.67117 2.75505e-05 6.89049e-05 
1.39521e-05 0.223613 2.16806 -2.3917 -1.39521e-05 -3.45405e-05 
-3.46846e-05 -2.25428 0.718445 1.53584 3.46846e-05 8.57396e-05 
-9.94872e-06 -4.35043 -2.15593 6.50635 9.94872e-06 2.354e-05 
4.23675e-05 3.86283 3.22086 -7.08367 -4.23675e-05 -0.000103703 
1.04759e-05 0.675077 0.426761 -1.10183 -1.04759e-05 -2.57182e-05 
-3.14983e-05 -2.89331 -1.08781 3.98112 3.14983e-05 7.66324e-05 
-3.72363e-05 -3.83263 -1.20721 5.03982 3.72363e-05 9.08132e-05 
2.32745e-05 -0.228829 1.1041 -0.875277 -2.32745e-05 -5.62027e-05 
5.31878e-05 3.052 2.53925 -5.59124 -5.31878e-05 -0.000128977 
-6.22017e-05 1.71173 -1.24535 -0.466358 6.22017e-05 0.000151 
1.44565e-05 0.641354 -2.51586 1.87449 -1.44565e-05 -3.5961e-05 
6.72872e-05 -0.501245 1.77465 -1.27342 -6.72872e-05 -0.000163802 
-8.55572e-05 -2.33341 5.86961 -3.53617 8.55572e-05 0.000208901 
-1.15931e-05 1.44682 -2.22099 0.774164 1.15931e-05 2.81168e-05 
9.36463e-06 1.12241 -1.81453 0.692112 -9.36463e-06 -2.29379e-05 
1.38143e-06 0.325896 0.362064 -0.68796 -1.38143e-06 -3.35522e-06 
-5.66729e-07 0.242205 0.592645 -0.834849 5.66729e-07 1.39516e-06 
-7.11369e-07 0.291824 0.458141 -0.749965 7.11369e-07 1.73351e-06 
8.2977e-07 -0.793407 -0.22934 1.02275 -8.2977e-07 -1.96617e-06 
-2.60095e-06 -1.75562 2.63274 -0.877104 2.60095e-06 6.5319e-06 
7.85127e-06 -0.567963 1.5981 -1.03016 -7.85127e-06 -1.98409e-05 
1.09787e-08 -1.22291 -2.29771 3.52063 -1.09787e-08 -6.56161e-07 
-9.83422e-06 -1.01725 -0.828894 1.84616 9.83422e-06 2.51861e-05 
-6.99596e-06 -1.87378 1.46574 0.408006 6.99596e-06 1.85837e-05 
-8.22784e-06 -2.83799 1.32588 1.51215 8.22784e-06 2.37814e-05 
3.37441e-05 2.95927 -0.762217 -2.19715 -3.37441e-05 -9.17559e-05 
-1.35704e-06 2.5431 -0.567327 -1.97576 1.35704e-06 3.04231e-06 
-3.19851e-06 3.39795 -2.07008 -1.32787 3.19851e-06 9.4335e-06 
-3.2868e-06 -0.471372 -2.97643 3.44779 3.2868e-06 9.7478e-06 
3.63182e-06 0.736487 2.5395 -3.27598 -3.63182e-06 -1.07791e-05 
2.79481e-06 1.17309 5.06874 -6.24181 -2.79481e-06 -8.41994e-06 
-3.37859e-06 0.10861 -3.20538 3.09675 3.37859e-06 1.01681e-05 
-3.13504e-06 -1.35225 -2.46673 3.81896 3.13504e-06 9.44612e-06 
6.3195e-06 1.17843 5.82567 -7.00407 -6.3195e-06 -1.9218e-05 
-2.22107e-06 0.0593666 1.02406 -1.08342 2.22107e-06 7.04258e-06 
5.71526e-07 -1.26703 0.961165 0.305874 -5.71526e-07 -2.13476e-06 
1.82304e-07 -1.50956 2.93653 -1.42702 -1.82304e-07 -1.76692e-06 
2.61786e-06 -1.45049 2.97156 -1.52097 -2.61786e-06 -8.7064e-06 
1.23264e-05 -1.43362 2.92613 -1.49213 -1.23264e-05 -4.28401e-05 
1.00087e-05 -1.35032 2.8582 -1.50784 -1.00087e-05 -3.79792e-05 
-4.3987e-05 -1.32446 2.87061 -1.54575 4.3987e-05 0.000184089 
-4.60521e-05 -1.36311 2.9914 -1.62858 4.60521e-05 0.000205623 
-2.64169e-05 1.41917 -2.65706 1.23771 2.64169e-05 0.000124462 
-1.156e-06 1.34674 -2.6063 1.25948 1.156e-06 5.49993e-06 
-1.33207e-07 1.10415 -2.17212 1.06804 1.33207e-07 6.18927e-07 
4.76943e-07 1.43907 -2.88922 1.45013 -4.76943e-07 -2.61038e-06 
6.14395e-07 1.1741 -2.38002 1.20592 -6.14395e-07 -3.35894e-06 
-2.06261e-07 1.30546 -2.68226 1.3768 2.06261e-07 1.11303e-06 
-4.00065e-07 1.44707 -2.98014 1.53307 4.00065e-07 2.16817e-06 
-4.12985e-07 1.45651 -3 1.54349 4.12985e-07 2.23851e-06 
