0 0 0 0 0 0 
6.82064e-06 0.00662857 -0.0139309 0.00730237 -6.82064e-06 -1.31343e-08 
2.72114e-05 0.0264509 -0.0555915 0.0291406 -2.72114e-05 -5.23987e-08 
6.05324e-05 0.0588969 -0.123791 0.064894 -6.05324e-05 -1.16547e-07 
0.000104294 0.101749 -0.213899 0.11215 -0.000104294 -2.00734e-07 
0.000152027 0.149242 -0.313876 0.164634 -0.000152027 -2.9236e-07 
0.000189423 0.188422 -0.396635 0.208213 -0.000189423 -3.63631e-07 
0.000201552 0.204984 -0.432146 0.227163 -0.000201552 -3.85734e-07 
0.000195637 0.201729 -0.425672 0.223943 -0.000195637 -3.7369e-07 
0.000190519 0.189467 -0.398828 0.209362 -0.000190519 -3.65745e-07 
0.000202249 0.181549 -0.379343 0.197794 -0.000202249 -3.93401e-07 
0.000206729 0.183051 -0.382079 0.199028 -0.000206729 -4.02775e-07 
0.000173519 0.194759 -0.41318 0.218421 -0.000173519 -3.27406e-07 
0.000103199 0.214198 -0.467811 0.253614 -0.000103199 -1.75573e-07 
3.08073e-05 0.235532 -0.529655 0.294122 -3.08073e-05 -3.93602e-08 
-1.91594e-05 0.259527 -0.602716 0.343189 1.91594e-05 -1.71511e-08 
-3.16756e-06 0.28216 -0.679975 0.397815 3.16756e-06 -2.70817e-07 
1.32618e-06 0.308172 -0.780172 0.472001 -1.32618e-06 -5.60395e-07 
5.17218e-07 0.333954 -0.903169 0.569215 -5.17218e-07 -7.55129e-07 
1.9795e-07 0.351514 -1.02912 0.677606 -1.9795e-07 -7.40028e-07 
8.66918e-08 0.357754 -1.12714 0.769391 -8.66918e-08 -3.34792e-07 
3.44619e-08 0.353112 -1.19608 0.842966 -3.44619e-08 -1.38507e-07 
-3.53077e-07 0.363753 -1.24451 0.880761 3.53077e-07 8.20642e-07 
-7.27929e-07 0.373909 -1.268 0.89409 7.27929e-07 1.75689e-06 
-1.30794e-06 0.38828 -1.30258 0.914298 1.30794e-06 3.205e-06 
-1.04329e-06 0.410707 -1.36531 0.954603 1.04329e-06 2.54417e-06 
7.39896e-09 0.443936 -1.45845 1.01452 -7.39896e-09 -7.62599e-08 
-2.6674e-08 0.485039 -1.58197 1.09693 2.6674e-08 8.71489e-09 
-2.66066e-07 0.529329 -1.73075 1.20142 2.66066e-07 6.05797e-07 
6.92397e-08 0.561803 -1.86052 1.29872 -6.92397e-08 -2.30511e-07 
-1.61651e-08 0.581413 -1.95971 1.3783 1.61651e-08 -1.75323e-08 
3.33032e-08 0.590968 -2.02923 1.43826 -3.33032e-08 -1.41233e-07 
1.63611e-07 0.601122 -2.07316 1.47204 -1.63611e-07 -4.6429e-07 
-1.08557e-07 0.592747 -2.11325 1.5205 1.08557e-07 2.10296e-07 
-3.80051e-07 0.55924 -2.15998 1.60074 3.80051e-07 8.77563e-07 
-2.54902e-07 0.556952 -2.18066 1.62371 2.54902e-07 5.732e-07 
-2.99073e-08 0.561322 -2.19626 1.63494 2.99073e-08 2.34863e-08 
-1.29703e-07 0.535677 -2.22304 1.68737 1.29703e-07 2.63987e-07 
-5.79514e-07 0.472592 -2.26102 1.78843 5.79514e-07 1.35835e-06 
-7.59925e-07 0.409565 -2.28607 1.87651 7.59925e-07 1.80174e-06 
-4.76431e-07 0.374382 -2.28819 1.91381 4.76431e-07 1.12067e-06 
-6.98596e-07 0.356879 -2.30175 1.94487 6.98596e-07 1.66657e-06 
-7.06859e-07 0.346064 -2.33695 1.99088 7.06859e-07 1.68446e-06 
-4.45444e-08 0.329695 -2.35602 2.02633 4.45444e-08 6.94015e-08 
6.481e-08 0.298107 -2.33469 2.03658 -6.481e-08 -1.95228e-07 
-2.96274e-08 0.277385 -2.32714 2.04976 2.96274e-08 3.59725e-08 
-4.02978e-08 0.268904 -2.33834 2.06944 4.02978e-08 6.18118e-08 
-3.12982e-08 0.264454 -2.3474 2.08295 3.12982e-08 3.97277e-08 
-2.6786e-08 0.262647 -2.35052 2.08787 2.6786e-08 2.8715e-08 
-2.12772e-08 0.260176 -2.35379 2.09361 2.12772e-08 1.53257e-08 
-1.24957e-08 0.248364 -2.35641 2.10805 1.24957e-08 -5.25015e-09 
-1.91005e-08 0.219954 -2.33472 2.11477 1.91005e-08 1.28152e-08 
4.75827e-08 0.185051 -2.30089 2.11584 -4.75827e-08 -1.54881e-07 
1.23368e-07 0.137954 -2.28739 2.14944 -1.23368e-07 -3.50977e-07 
9.26713e-08 0.0741904 -2.28204 2.20784 -9.26713e-08 -2.7423e-07 
6.62217e-08 -0.0115044 -2.26505 2.27655 -6.62217e-08 -2.10989e-07 
-1.25747e-08 -0.111831 -2.23826 2.35009 1.25747e-08 5.95661e-09 
-2.78755e-09 -0.1887 -2.21103 2.39973 2.78755e-09 -2.0374e-08 
2.1773e-08 -0.237966 -2.19093 2.4289 -2.1773e-08 -9.21164e-08 
9.24711e-09 -0.263646 -2.1922 2.45585 -9.24711e-09 -5.53356e-08 
-1.70364e-08 -0.293254 -2.21334 2.50659 1.70364e-08 2.24618e-08 
-6.23084e-09 -0.31975 -2.21229 2.53204 6.23084e-09 -9.72946e-09 
2.08199e-08 -0.336802 -2.1793 2.5161 -2.08199e-08 -9.07084e-08 
1.81792e-08 -0.353021 -2.17112 2.52414 -1.81792e-08 -8.23071e-08 
-7.9554e-09 -0.379478 -2.18139 2.56087 7.9554e-09 -3.32204e-09 
2.31203e-09 -0.400595 -2.15285 2.55344 -2.31203e-09 -3.4881e-08 
-2.73207e-09 -0.421034 -2.10966 2.53069 2.73207e-09 -1.74084e-08 
1.53579e-08 -0.451899 -2.05624 2.50814 -1.53579e-08 -7.65566e-08 
2.13379e-08 -0.495931 -1.97541 2.47135 -2.13379e-08 -9.80079e-08 
6.37414e-09 -0.555433 -1.86446 2.41989 -6.37414e-09 -4.80688e-08 
1.54112e-09 -0.630009 -1.72278 2.35278 -1.54112e-09 -3.02401e-08 
5.45698e-09 -0.719069 -1.55052 2.26959 -5.45698e-09 -4.71474e-08 
3.53928e-08 -0.822118 -1.34799 2.17011 -3.53928e-08 -1.82646e-07 
7.50476e-09 -0.926606 -1.13985 2.06645 -7.50476e-09 -5.89884e-08 
-4.18006e-09 -1.01564 -0.960653 1.9763 4.18006e-09 -2.3876e-09 
-4.34095e-09 -1.08969 -0.810499 1.90019 4.34095e-09 -9.26366e-10 
-5.33741e-09 -1.14974 -0.688032 1.83777 5.33741e-09 5.05685e-09 
-3.40235e-09 -1.19694 -0.591315 1.78825 3.40235e-09 -5.08585e-09 
4.45946e-09 -1.23315 -0.516815 1.74997 -4.45946e-09 -4.76263e-08 
1.06789e-08 -1.25588 -0.470005 1.72589 -1.06789e-08 -8.13306e-08 
1.28424e-08 -1.26353 -0.454262 1.71779 -1.28424e-08 -9.30577e-08 
