-0.0867285 0.79293 -1.73896 0.946033 0.0867285 -1.6051e-06 
-0.0305138 0.692905 -1.48353 0.790627 0.0305138 -1.3632e-06 
0.812707 -0.807471 2.34793 -1.54046 -0.812707 2.26522e-06 
-3.50063 -0.797853 -1.10851 1.90637 3.50063 -1.50875e-06 
4.68266 0.684697 1.74344 -2.42813 -4.68266 4.61311e-06 
-1.30486 -0.5958 0.362973 0.232827 1.30486 7.8954e-06 
2.24711 1.77938 -2.03317 0.253791 -2.24711 -1.89472e-05 
-2.06337 -1.13693 0.724573 0.412353 2.06337 1.00027e-05 
-0.104009 -0.620875 1.88231 -1.26144 0.104009 6.46779e-05 
-0.0718715 0.341877 -1.03241 0.690537 0.0718715 1.40357e-05 
-0.0377795 2.56 -3.40904 0.849035 0.0377795 7.61277e-05 
0.00584115 -0.834062 0.1487 0.685359 -0.00584115 -2.47912e-05 
0.00141941 3.33674 -5.69967 2.36292 -0.00141941 4.5193e-05 
0.000321985 4.97502 -6.86919 1.89416 -0.000321985 -0.000781487 
-3.2803e-05 -0.515826 1.09641 -0.580579 3.2803e-05 8.10039e-05 
6.55717e-06 -0.0414287 0.045282 -0.00385328 -6.55717e-06 -1.64098e-05 
-4.37947e-06 -0.44579 0.783046 -0.337256 4.37947e-06 1.0991e-05 
-8.65733e-06 0.861931 -1.93217 1.07024 8.65732e-06 2.16872e-05 
4.25673e-06 0.363463 -0.597912 0.234448 -4.25673e-06 -1.06852e-05 
9.14641e-07 -1.6648 3.56022 -1.89542 -9.14625e-07 -2.27806e-06 
-3.32203e-07 -3.37369 7.13489 -3.7612 3.32234e-07 8.68037e-07 
-6.9703e-07 -0.293755 0.616596 -0.32284 6.97003e-07 1.72052e-06 
-6.98798e-07 1.61637 -3.42441 1.80804 6.98743e-07 1.69421e-06 
-3.3629e-07 1.91673 -4.05764 2.14091 3.36254e-07 8.04776e-07 
4.54201e-07 1.35476 -2.88478 1.53001 -4.54171e-07 -1.10853e-06 
5.86587e-06 0.398384 -0.858572 0.460188 -5.8654e-06 -1.42204e-05 
2.20654e-05 -5.78447 12.0072 -6.22274 -2.20776e-05 -5.33828e-05 
0.000951637 0.710172 -1.70205 0.991887 -0.000952706 -0.00230071 
0.0341714 1.77875 -3.00702 1.21558 -0.0468326 -0.0170223 
0.0195894 2.30791 -3.01088 0.695269 -0.0272568 -0.00763232 
-1.29852 -4.76656 4.11342 1.16308 1.80594 0.510225 
0.0981264 1.49007 -0.859481 -0.669118 -0.136467 -0.038581 
-0.172735 -0.28608 0.304413 0.0495077 0.240239 0.0678461 
-0.0780522 -0.257025 0.25888 0.0287987 0.108554 0.0306599 
0.571249 1.12343 -1.51628 0.168501 -0.794487 -0.224402 
0.958354 1.95356 -2.57841 0.248484 -1.33287 -0.376467 
1.1303 2.33182 -3.05531 0.279588 -1.57201 -0.444013 
0.969453 2.02807 -2.64072 0.267471 -1.31293 -0.345268 
0.207157 0.510787 -0.630396 0.212986 -0.114241 0.0934009 
-0.262283 -0.433732 0.617282 0.147769 0.591967 0.331402 
-0.505713 -0.935444 1.27565 0.0767019 0.920561 0.41701 
-0.582814 -1.11038 1.49945 0.00414646 0.974099 0.393324 
-0.396033 -0.652458 0.902978 0.5282 1.17091 0.778916 
-1.06895 -1.92562 2.61444 0.686909 2.43789 1.37607 
-1.71557 -3.16157 4.26989 0.781331 3.59735 1.89005 
-1.61187 -2.99425 4.02918 0.587715 3.23405 1.62267 
-1.09655 -2.07085 2.76045 0.17716 1.97643 0.866088 
0.179103 0.235445 -0.378753 -0.669744 -0.962319 -0.814572 
1.33562 2.36053 -3.26775 -1.27463 -3.47046 -2.18425 
1.67592 2.97067 -4.07175 -1.37999 -4.13261 -2.48231 
1.24654 2.15729 -2.94636 -1.00867 -3.06691 -1.79659 
1.05614 1.63317 -2.10249 -0.84871 -2.56876 -1.30811 
-0.538038 -1.56267 2.52522 0.471309 1.41901 1.46203 
-1.35999 -1.98763 2.53347 0.939465 3.27712 1.46331 
-2.35121 -1.005 -0.372412 1.26961 5.27824 -0.262448 
2.13603 1.50882 -0.934772 -1.0589 -4.87956 -0.369747 
2.88572 1.39846 0.0394399 -1.42692 -6.49572 0.1955 
2.06058 0.918511 0.181008 -1.01134 -4.63518 0.214979 
-0.428685 -0.23518 0.0819695 0.189594 0.913173 -0.0466588 
-1.24024 -0.602459 0.0311261 0.581464 2.75912 -0.103324 
-1.21762 -0.580915 0.00883656 0.570975 2.75501 -0.0651581 
-0.963268 -0.454501 0.00107312 0.448592 2.2238 -0.0108253 
0.872838 0.409637 0.000602087 -0.404431 -2.03913 -0.0130005 
0.71488 0.332821 0.00188077 -0.328363 -1.70216 -0.0412752 
0.105492 0.0385117 0.0025405 -0.0348241 -0.393629 -0.143761 
-1.36343 -0.665647 -0.00692131 0.672953 2.78265 -0.373746 
-3.01848 -1.45557 -0.0252495 1.47182 6.56442 -0.432383 
-2.98716 -1.43474 -0.0389467 1.46215 7.29164 0.364985 
0.730993 0.365557 -0.0257946 -0.343559 0.227744 1.91655 
3.25852 1.58029 -0.0171472 -1.55786 -4.71648 2.83243 
2.31212 1.11249 0.0147972 -1.12311 -5.83905 -0.481929 
1.12694 0.529072 0.0419202 -0.568993 -6.4497 -3.83814 
0.0577 0.00150216 0.0761034 -0.0775755 -7.68587 -7.55121 
-0.805144 -0.420882 0.0948291 0.324516 -7.55169 -9.4161 
-0.477312 -0.229818 0.0175037 0.211516 1.27876 0.172017 
-0.147007 -0.0536908 -0.029936 0.0834953 5.74665 5.40428 
0.0406369 0.0438831 -0.0509373 0.00727718 7.33816 7.43035 
0.122927 0.0836705 -0.0529507 -0.0303713 6.89088 7.17405 
0.0709087 0.0461632 -0.0282414 -0.0177927 3.57049 3.73477 
0.0372776 0.0228597 -0.0119438 -0.0109286 1.28388 1.3713 
0.0155153 0.0083432 -0.00164918 -0.00677699 -0.150382 -0.112979 
0.0026768 0.00036497 0.00416243 -0.00462947 -0.949294 -0.941692 
-0.00379589 -0.00302831 0.00681145 -0.00387084 -1.30136 -1.3091 
-0.00607403 -0.00349462 0.00741864 -0.00397887 -1.36659 -1.38009 
-0.00594206 -0.00239656 0.00690508 -0.00452438 -1.27646 -1.29016 
-0.00479761 -0.00080138 0.00599218 -0.00517121 -1.13398 -1.14547 
-0.00365153 0.00051905 0.00520171 -0.00567626 -1.01363 -1.02276 
-0.00312782 0.00108822 0.00485578 -0.00588942 -0.961391 -0.969427 
0.00348391 -0.0230427 -0.0200076 0.0424431 4.44676 4.46287 
-0.0592249 -0.0853422 0.0238859 0.0600842 -1.89151 -2.01216 
-0.0322285 -0.0872114 0.0735203 0.013952 -7.55717 -7.63604 
0.28545 0.128399 0.0925213 -0.212133 -4.97892 -4.42593 
0.287414 0.200576 0.0485161 -0.24201 6.43709 7.01704 
-1.74961 -1.02657 0.00939607 0.967279 4.82211 1.38071 
0.0496747 0.0232464 -0.0214263 -9.96138e-05 -2.10951 -2.01579 
5.4154 3.24374 -0.0720337 -3.01792 -10.7078 -0.0474011 
4.24972 2.57999 -0.0744675 -2.47863 -7.80302 0.45846 
-2.16853 -1.2123 -0.0423522 0.986128 4.32239 -0.179223 
-3.90734 -2.26228 -0.0182036 1.99906 7.5425 -0.341417 
-2.54374 -1.43552 -0.063263 1.214 5.07929 -0.335686 
-2.50958 -1.74289 -0.287312 4.48975 5.75699 2.4117 
2.08161 1.31046 0.414461 -3.03872 -4.9267 -1.27119 
0.0684626 0.547412 0.699999 -6.10372 -1.97768 -4.85574 
-0.240241 0.201568 0.430181 -3.84657 -0.699701 -3.22035 
-0.0912224 -0.163566 -0.216735 1.46259 0.608147 1.08049 
-0.0307508 -0.259428 -0.386646 2.96735 0.941385 2.32104 
-0.0123056 -0.256389 -0.381328 3.02542 0.921167 2.38797 
0.0130334 0.348765 0.515693 -4.13073 -1.2491 -3.26677 
0.00697777 0.293413 0.417721 -3.47471 -1.03726 -2.76428 
0.0315887 0.0175935 -0.0706609 0.0788806 -0.00761322 0.0255581 
0.0844843 -0.430103 -0.843307 5.98051 1.67096 4.70828 
0.00117919 -0.319355 -0.542194 4.51787 1.36239 3.65724 
-0.193894 0.437217 0.948521 -5.39995 -1.30315 -4.01522 
0.443126 0.0578077 -0.757223 0.735541 -0.429653 0.0361351 
-2.44537 2.46874 5.52047 -12.3976 0.801313 -4.40953 
-0.599427 0.619349 0.699436 -1.15718 0.659682 0.16161 
0.0482419 1.38506 -2.86316 1.47817 -0.0481346 0.000312888 
-1.16638 -1.48958 2.82069 -1.33113 1.16638 8.23505e-05 
-0.297009 -0.92649 1.85158 -0.925098 0.297009 -3.63201e-06 
-0.174237 -1.45651 3 -1.54349 0.174237 2.17728e-06 
