-0 0 -0 0 0 -0 
-0.0264964 0.271307 -0.592467 0.32116 0.0264964 -5.46429e-07 
0.0653998 0.331953 -0.646976 0.315023 -0.0653998 -5.83407e-07 
-0.135816 -0.114308 0.13253 -0.0182224 0.135816 1.02256e-07 
-0.775318 -0.123061 -0.432457 0.555518 0.775318 -1.85648e-07 
0.270616 -0.0566844 0.162545 -0.105861 -0.270616 2.26609e-06 
0.171541 0.0543477 -0.119356 0.0650081 -0.171541 1.1198e-06 
0.532274 0.371833 -0.530592 0.158759 -0.532274 -2.57059e-06 
0.0717482 0.34454 -0.648201 0.303662 -0.0717482 9.18758e-07 
-0.0041771 0.0880214 -0.196991 0.108969 0.0041771 2.58523e-06 
0.00299265 -0.0265747 -0.066783 0.0933579 -0.00299265 -2.02823e-06 
-0.000188201 0.0846887 -0.363868 0.279179 0.000188201 1.0346e-06 
-1.12858e-05 0.262259 -0.602822 0.340562 1.12858e-05 -6.56799e-07 
-1.09118e-05 -0.119962 -0.00151789 0.12148 1.09118e-05 3.06835e-05 
5.48901e-06 0.0361087 -0.0899904 0.0538817 -5.48901e-06 -1.36641e-05 
1.15969e-06 -0.00221333 -0.00113676 0.00335009 -1.15969e-06 -2.89895e-06 
1.92017e-06 -0.0824336 0.136341 -0.0539069 -1.92017e-06 -4.80621e-06 
-1.02668e-06 -0.112886 0.141276 -0.02839 1.02668e-06 2.58187e-06 
-5.50537e-07 0.412816 -0.915996 0.50318 5.50533e-07 1.37755e-06 
1.98083e-07 0.0853192 -0.190537 0.105218 -1.98083e-07 -4.97645e-07 
2.96388e-07 -0.804761 1.69865 -0.893891 -2.96381e-07 -7.35228e-07 
1.11241e-07 -1.51624 3.20216 -1.68592 -1.11232e-07 -2.69237e-07 
-1.3895e-07 -1.23924 2.61439 -1.37515 1.38944e-07 3.42131e-07 
-3.55154e-07 -0.543322 1.14067 -0.597347 3.55128e-07 8.63597e-07 
-4.05075e-07 -0.0733821 0.142389 -0.069007 4.05043e-07 9.82e-07 
5.28569e-07 0.322694 -0.701909 0.379214 -5.28529e-07 -1.28326e-06 
1.06106e-05 -0.40374 0.790795 -0.387055 -1.06104e-05 -2.57138e-05 
3.49216e-05 -0.322219 0.543752 -0.221532 -3.49772e-05 -8.43423e-05 
5.03847e-05 -0.646503 0.950018 -0.303568 -0.000103996 0.000156469 
-0.000108894 -0.014375 0.0187735 -0.00435568 0.000151526 4.23745e-05 
0.00127868 -0.171109 0.219982 -0.049371 -0.00177412 -0.000524417 
0.396433 0.717531 -0.969045 0.0958221 -0.551357 -0.155721 
-0.269815 -0.628942 0.794665 -0.0597587 0.375256 0.105992 
-0.35106 -0.814835 1.01361 -0.0609061 0.48825 0.137906 
-0.25611 -0.645169 0.770117 -0.0243659 0.356196 0.100607 
0.0193074 -0.0905198 0.0325358 0.0504016 -0.0268525 -0.00758461 
0.391518 0.673438 -0.971558 0.14436 -0.54452 -0.153799 
0.787624 1.4941 -2.04429 0.241998 -1.0943 -0.308271 
0.984517 1.9209 -2.59338 0.326711 -1.32858 -0.345852 
0.967291 1.91964 -2.576 0.390266 -1.23207 -0.26616 
0.826803 1.66816 -2.22891 0.429767 -0.957133 -0.131009 
0.631701 1.30112 -1.73124 0.443941 -0.617948 0.0138243 
0.5555 1.18699 -1.56968 0.595671 -0.343572 0.213033 
0.307275 0.751654 -0.975261 0.807823 0.274058 0.584363 
-0.21287 -0.200292 0.312716 1.07627 1.39579 1.18899 
-0.807166 -1.2996 1.795 1.32205 2.61721 1.81782 
-1.29633 -2.21396 3.02115 1.4635 3.56164 2.27096 
-1.42855 -2.48806 3.37336 1.33866 3.65481 2.22385 
-1.16681 -2.04002 2.74365 0.99944 2.88562 1.70227 
-0.564669 -0.967851 1.2679 0.489359 1.38567 0.787797 
-0.0601363 -0.0833916 0.0607435 0.0751102 0.142995 0.0509133 
0.374682 0.640524 -0.908616 -0.276233 -0.922419 -0.544151 
0.517608 0.751577 -0.974003 -0.385434 -1.25342 -0.60134 
0.168153 0.050008 0.0500729 -0.116427 -0.38097 -0.00633512 
-0.475036 -0.518157 0.521482 0.27379 1.10968 0.258896 
-0.664726 -0.357012 0.00428932 0.369441 1.49908 -0.0249468 
0.3531 0.202787 -0.119142 -0.13288 -0.802147 -0.0288602 
1.24329 0.61486 -0.0710224 -0.570573 -2.80331 0.0512763 
1.46605 0.704918 -0.0266172 -0.684104 -3.31625 0.0729195 
1.1377 0.541328 -0.00786055 -0.531684 -2.59337 0.0423806 
0.692035 0.327027 -0.0014468 -0.322525 -1.59367 0.0113563 
0.309075 0.145338 2.06772e-05 -0.143483 -0.718887 -0.00159328 
0.000325408 0.000152719 2.24467e-07 -0.000150778 -0.00076022 -4.84677e-06 
0.288735 0.135194 0.000373745 -0.133459 -0.678222 -0.00781035 
0.450431 0.208854 0.00127284 -0.205737 -1.08437 -0.0375257 
0.263284 0.114776 0.000997666 -0.10995 -0.738354 -0.123514 
-0.564803 -0.285773 -0.00507043 0.294807 1.01368 -0.290416 
-1.67295 -0.819118 -0.016358 0.835674 3.54198 -0.331218 
-2.14772 -1.04442 -0.0288602 1.0704 5.06305 0.0877721 
-1.42828 -0.693643 -0.0363534 0.727441 4.23886 0.929512 
-0.367633 -0.180873 -0.0372958 0.217518 2.29271 1.44074 
0.221501 0.100282 -0.0274845 -0.0723906 0.175121 0.688239 
0.430789 0.19408 -0.00681276 -0.186501 -2.30435 -1.30607 
0.264398 0.102623 0.0255831 -0.127772 -5.18186 -4.56868 
0.0331547 -0.0148355 0.0459563 -0.031108 -6.32266 -6.24523 
-0.0716555 -0.0619678 0.0428834 0.0189443 -4.9923 -5.15819 
-0.0867216 -0.0617089 0.0280302 0.0335626 -2.62451 -2.82597 
-0.055436 -0.0379119 0.00934216 0.0285595 -0.0788637 -0.208485 
-0.0215363 -0.015351 -0.00470819 0.0201328 1.73586 1.68449 
-0.00294269 -0.00352969 -0.0115613 0.0151825 2.55947 2.55138 
0.00602079 0.00172406 -0.0137946 0.0121436 2.7368 2.74993 
0.00899208 0.0030913 -0.0132428 0.0101908 2.52812 2.54865 
0.00864329 0.00251559 -0.0112418 0.00873142 2.12254 2.1427 
0.00681653 0.00130667 -0.0086991 0.00737232 1.64798 1.6642 
0.00465965 0.000244162 -0.00616403 0.00588733 1.18122 1.19256 
0.00276201 -0.000318766 -0.0038975 0.0041846 0.757885 0.764765 
0.00129028 -0.000351727 -0.00194226 0.00227395 0.382439 0.385721 
0.000124213 -4.34318e-05 -0.000192972 0.00023423 0.0382109 0.0385301 
0.00447167 -0.00372201 -0.00836154 0.0119509 1.70329 1.71549 
-0.00532632 -0.0224774 -0.00839959 0.0303816 2.23881 2.23283 
-0.0264276 -0.0564261 0.00895638 0.0466544 0.47056 0.419383 
0.00572517 -0.0585172 0.0396909 0.0193133 -2.11466 -2.10765 
0.176541 0.0470201 0.0613463 -0.103204 -1.31567 -0.970099 
-0.0611096 -0.0879513 0.0756196 0.0104877 0.826176 0.707307 
-0.723224 -0.484084 0.0755006 0.388019 1.60189 0.178546 
0.319581 0.139533 0.05809 -0.188523 -0.793902 -0.165125 
2.50456 1.45093 0.0296944 -1.41585 -4.91725 0.00597103 
2.67782 1.57897 0.00883083 -1.57658 -5.15973 0.0389905 
1.51326 0.911446 -0.00143365 -1.00134 -2.89131 -0.0633331 
0.522435 0.344539 -0.0110796 -0.527591 -0.962668 -0.184878 
-0.608562 -0.340653 -0.0651269 0.460742 1.38157 0.0420163 
-0.171869 -0.214607 -0.127026 1.45538 0.785997 1.11041 
0.133322 0.108754 0.114839 -0.555403 -0.408969 -0.329123 
0.0840072 0.244517 0.336284 -2.47432 -0.893085 -1.89212 
0.0292924 0.240127 0.354155 -2.73739 -0.86904 -2.14291 
0.00968576 0.160904 0.239427 -1.88865 -0.579122 -1.48843 
0.00286674 0.0692827 0.102706 -0.81948 -0.248458 -0.647579 
0.00101015 0.0266034 0.0393546 -0.315029 -0.0953006 -0.249108 
0.00451534 0.142499 0.208821 -1.68948 -0.508607 -1.3384 
0.00927777 0.207594 0.288347 -2.42644 -0.73072 -1.93096 
0.0335256 0.120321 0.099654 -1.16449 -0.385768 -0.944751 
0.0531414 -0.0310882 -0.181868 0.938267 0.217353 0.725494 
0.0124622 -0.00131363 -0.0857053 0.664446 0.202881 0.577572 
0.00475902 0.139695 0.103466 -0.771094 -0.201644 -0.528066 
0.0503304 0.228815 -0.018147 -0.139875 -0.0239289 0.0708122 
0.279308 0.238426 -0.460247 0.21961 -0.280133 -0.00221218 
0.508269 0.70671 -1.35302 0.646303 -0.508269 -9.86304e-07 
0.285561 0.911556 -1.82959 0.918038 -0.285561 1.44061e-06 
0.0682752 0.455013 -0.932953 0.47794 -0.0682752 -7.10503e-07 
-4.10966e-16 -3.43541e-15 7.07598e-15 -3.64057e-15 4.10966e-16 5.13546e-21 
