0 0 0 0 0 0 
-0.00511204 0.0484377 -0.10608 0.0576422 0.00511204 -9.78887e-08 
-0.00659571 0.169103 -0.361376 0.192274 0.00659571 -3.31947e-07 
0.0285859 0.202239 -0.403134 0.200894 -0.0285859 -3.65238e-07 
-0.235945 0.14557 -0.500986 0.355416 0.235945 -4.64234e-07 
-0.239322 0.130303 -0.523589 0.393285 0.239322 -1.2525e-07 
-0.209166 0.102051 -0.491764 0.389713 0.209166 7.67723e-07 
-0.0302319 0.213703 -0.640246 0.426544 0.0302319 1.44089e-07 
-0.00281637 0.289028 -0.845155 0.556127 0.00281637 -1.10995e-07 
0.00131424 0.333834 -0.932918 0.599085 -0.00131424 6.44972e-07 
-2.13448e-05 0.31651 -0.951239 0.634729 2.13448e-05 1.30258e-08 
-2.59138e-05 0.359256 -1.0587 0.699445 2.59138e-05 8.48767e-07 
-2.00767e-06 0.334264 -1.10519 0.770924 2.00767e-06 -7.22263e-08 
-3.12102e-06 0.296276 -1.11757 0.821296 3.12102e-06 7.36693e-06 
-1.12628e-06 0.327367 -1.20076 0.873394 1.12628e-06 2.76184e-06 
-5.37397e-07 0.329061 -1.20643 0.877366 5.37397e-07 1.29261e-06 
1.22266e-07 0.318941 -1.19142 0.872476 -1.22266e-07 -3.58316e-07 
3.29536e-07 0.271994 -1.11632 0.844324 -3.29536e-07 -8.74915e-07 
-9.37694e-08 0.327947 -1.26174 0.933796 9.3769e-08 1.87171e-07 
-1.21339e-07 0.433207 -1.49227 1.05906 1.21338e-07 2.55378e-07 
-2.17553e-08 0.324485 -1.26429 0.939802 2.17552e-08 6.7009e-09 
5.34327e-08 -0.114523 -0.337166 0.45169 -5.34292e-08 -1.78071e-07 
4.85759e-08 -0.617655 0.724988 -0.107333 -4.85717e-08 -1.6498e-07 
-4.07347e-08 -0.935144 1.39382 -0.458674 4.07331e-08 5.30415e-08 
-1.7815e-07 -1.03721 1.60618 -0.568976 1.78138e-07 3.86598e-07 
-2.11366e-07 -0.984051 1.48807 -0.504018 2.11351e-07 4.66721e-07 
1.12218e-06 -0.922028 1.34562 -0.423593 -1.12212e-06 -2.766e-06 
2.05181e-07 -1.0352 1.54878 -0.513584 -2.05548e-07 -5.41265e-07 
-4.89731e-06 -1.21666 1.83209 -0.615424 7.17741e-06 -2.53797e-08 
-0.00118902 -1.34627 2.01068 -0.66394 0.00165349 0.000468019 
0.00444646 -1.35876 2.03566 -0.678655 -0.00618357 -0.00174943 
0.0184307 -1.45284 2.08358 -0.637973 -0.025633 -0.00724156 
0.0327958 -1.44394 2.07116 -0.640105 -0.045612 -0.0128832 
-0.0721504 -1.68633 2.37497 -0.660301 0.100346 0.0283427 
-0.185371 -1.95673 2.70622 -0.676699 0.257812 0.0728187 
-0.230898 -2.09435 2.85798 -0.672949 0.32113 0.0907029 
-0.160553 -1.99591 2.69805 -0.639084 0.223296 0.0630696 
0.0471881 -1.61409 2.16675 -0.571174 -0.0656052 -0.0185131 
0.366025 -0.999177 1.3322 -0.470801 -0.503121 -0.137811 
0.713388 -0.315461 0.412161 -0.344296 -0.959762 -0.247658 
1.03075 0.319355 -0.437865 -0.199645 -1.34734 -0.318236 
1.28751 0.842262 -1.13517 -0.045558 -1.62431 -0.338553 
1.49752 1.28153 -1.7181 0.133849 -1.79874 -0.302789 
1.65583 1.63482 -2.18228 0.378543 -1.82392 -0.168961 
1.67981 1.74573 -2.31752 0.708026 -1.54424 0.136276 
1.49974 1.48081 -1.94518 1.13092 -0.83624 0.666713 
1.12529 0.854713 -1.08694 1.62401 0.261055 1.39206 
0.634728 0.00707596 0.0658181 2.12347 1.55549 2.19667 
0.167351 -0.809449 1.16905 2.54003 2.72912 2.8998 
-0.139717 -1.34303 1.88057 2.80222 3.48486 3.33948 
-0.244322 -1.51806 2.10062 2.89697 3.74062 3.47869 
-0.187275 -1.41511 1.94345 2.86013 3.59899 3.38728 
-0.0144409 -1.13823 1.56588 2.73056 3.17651 3.15802 
0.112812 -0.996365 1.4083 2.63899 2.87446 3.05417 
0.0691197 -1.08851 1.53823 2.66321 2.98182 3.11609 
-0.189306 -1.27139 1.63108 2.80592 3.5713 3.15458 
-0.251038 -1.29707 1.60104 2.8509 3.70874 3.13944 
0.0334004 -1.15072 1.56641 2.72513 3.06628 3.14292 
0.534281 -0.907334 1.55029 2.49269 1.9357 3.16738 
0.999446 -0.684906 1.54476 2.27535 0.879883 3.18818 
1.32024 -0.532774 1.54335 2.12559 0.145298 3.1972 
1.49327 -0.451198 1.54318 2.04509 -0.254982 3.19835 
1.54616 -0.426352 1.5432 2.02056 -0.378259 3.19783 
1.59849 -0.40182 1.54325 1.99634 -0.500834 3.19674 
1.7344 -0.338448 1.54353 1.93383 -0.823463 3.18983 
1.87463 -0.274474 1.54402 1.87121 -1.17572 3.16391 
1.83891 -0.296279 1.5435 1.89536 -1.16661 3.09195 
1.44605 -0.490307 1.53988 2.09376 -0.37492 2.97476 
0.729453 -0.839686 1.53173 2.45073 1.22481 2.91482 
0.0759025 -1.15719 1.5202 2.77872 2.90809 3.08396 
-0.225921 -1.3041 1.50691 2.93838 4.06256 3.53906 
-0.239524 -1.31231 1.49529 2.95819 4.50104 3.94597 
-0.114065 -1.25523 1.48892 2.90771 4.14004 3.87566 
0.0181821 -1.19813 1.49193 2.84782 2.83249 2.87465 
0.0672156 -1.18464 1.50535 2.82099 0.71208 0.868081 
0.0570743 -1.19993 1.52143 2.82016 -1.31948 -1.18684 
0.0273578 -1.22263 1.53409 2.83016 -2.67248 -2.60875 
0.00156889 -1.24052 1.54067 2.84145 -3.14222 -3.13855 
-0.0113271 -1.24944 1.54121 2.84983 -2.81613 -2.84283 
-0.0152785 -1.25251 1.53819 2.85596 -2.03884 -2.07518 
-0.0145154 -1.25268 1.53363 2.86071 -1.09462 -1.12956 
-0.0117491 -1.25175 1.52883 2.86461 -0.162425 -0.191151 
-0.00858793 -1.25073 1.5245 2.86792 0.657384 0.635957 
-0.00585155 -1.25006 1.521 2.87075 1.31978 1.3048 
-0.003839 -1.2498 1.5184 2.87308 1.81538 1.80524 
-0.00254837 -1.24983 1.51664 2.87486 2.15423 2.14726 
-0.00184904 -1.24996 1.51562 2.876 2.35312 2.34791 
-0.00160621 -1.25003 1.51525 2.87644 2.42641 2.42182 
-0.000783685 -1.25049 1.51387 2.87826 2.7041 2.70168 
-0.000230313 -1.2544 1.51046 2.88548 3.46403 3.46423 
-0.0060455 -1.2682 1.51004 2.89945 3.99904 3.98885 
-0.012891 -1.29055 1.51837 2.91332 3.68591 3.66158 
0.0172451 -1.2944 1.53656 2.89994 2.95083 2.98446 
0.0593816 -1.28843 1.56101 2.87072 2.87897 2.99558 
-0.0931431 -1.39742 1.58782 2.94854 3.37285 3.18959 
-0.219364 -1.49115 1.61181 3.01469 3.60336 3.17159 
0.282951 -1.20834 1.62727 2.73041 2.58081 3.13749 
1.25814 -0.637761 1.63368 2.16976 0.688309 3.15197 
2.01124 -0.190079 1.63474 1.70707 -0.757173 3.14933 
2.33958 0.012737 1.63303 1.45759 -1.3798 3.10705 
2.32592 0.0175458 1.62192 1.41202 -1.31657 3.05454 
2.12675 -0.120144 1.58019 1.83738 -0.794877 3.29639 
2.14035 -0.130862 1.57536 2.02467 -0.759046 3.46845 
2.1819 -0.065759 1.6565 1.47656 -0.99908 3.06737 
2.20026 0.0230063 1.78425 0.507938 -1.32162 2.3155 
2.20649 0.094345 1.89012 -0.319009 -1.5791 1.66576 
2.20851 0.134697 1.95008 -0.794673 -1.72408 1.29037 
2.20892 0.145189 1.96562 -0.918847 -1.76168 1.19221 
2.20996 0.17541 2.01014 -1.27704 -1.86975 0.908711 
2.21215 0.239625 2.1023 -2.03506 -2.09762 0.306941 
2.21906 0.302027 2.1788 -2.72929 -2.31172 -0.248528 
2.2351 0.316641 2.16145 -2.75515 -2.33843 -0.277136 
2.24916 0.301559 2.09578 -2.35074 -2.23178 0.0466162 
2.24669 0.327916 2.11224 -2.41158 -2.23603 0.0285889 
2.28301 0.371232 2.06727 -2.43254 -2.28078 0.00596238 
2.31583 0.463071 2.03439 -2.49757 -2.31587 -0.000109121 
2.46023 0.624567 1.7332 -2.35777 -2.46023 -7.37404e-08 
2.61605 0.943304 1.10636 -2.04966 -2.61605 -1.30041e-07 
2.66956 1.17821 0.629739 -1.80795 -2.66956 1.95602e-08 
2.68055 1.26353 0.454262 -1.71779 -2.68055 -1.13484e-07 
