0 0 0 0 0 0 
0.000199559 0.00102114 -0.00193695 0.000915807 -0.000199559 -2.97034e-07 
0.000207821 -0.0028509 0.00552795 -0.00267705 -0.000207821 -3.09336e-07 
0.000197114 -0.00415155 0.00803334 -0.00388179 -0.000197114 -2.93401e-07 
0.000190591 0.00409688 -0.00786699 0.00377011 -0.000190591 -2.83683e-07 
0.000198044 0.0146445 -0.0281974 0.0135529 -0.000198044 -2.94764e-07 
0.00020435 0.0196081 -0.0377633 0.0181551 -0.00020435 -3.04144e-07 
0.000202015 0.0135802 -0.0261449 0.0125647 -0.000202015 -3.00676e-07 
0.000184617 -0.00602162 0.0116221 -0.00560047 -0.000184617 -2.74802e-07 
0.000155601 -0.0357499 0.068879 -0.0331291 -0.000155601 -2.31648e-07 
0.000118707 -0.0732152 0.140866 -0.0676511 -0.000118707 -1.76779e-07 
7.08954e-05 -0.123778 0.237332 -0.113554 -7.08954e-05 -1.05683e-07 
1.80007e-05 -0.184381 0.351771 -0.16739 -1.80007e-05 -2.70526e-08 
-1.45496e-05 -0.233491 0.442011 -0.20852 1.45496e-05 2.12835e-08 
-1.9817e-05 -0.271508 0.506897 -0.23539 1.9817e-05 2.90361e-08 
-1.00974e-06 -0.305011 0.556983 -0.251971 1.00974e-06 1.31339e-09 
5.03272e-06 -0.347023 0.621075 -0.274052 -5.03272e-06 -6.87143e-09 
-1.34262e-06 -0.403471 0.707609 -0.304138 1.34262e-06 7.08901e-10 
3.57172e-07 -0.479675 0.814979 -0.335304 -3.57172e-07 6.31548e-09 
-4.12767e-08 -0.575492 0.940747 -0.365255 4.12767e-08 -7.12091e-08 
-3.21194e-08 -0.661446 1.04436 -0.382915 3.21194e-08 -8.60957e-09 
-6.07254e-08 -0.732701 1.11985 -0.387152 6.07254e-08 9.52404e-08 
3.55229e-07 -0.783694 1.19831 -0.41462 -3.55229e-07 -9.44133e-07 
1.63114e-07 -0.838516 1.30068 -0.46216 -1.63114e-07 -4.64696e-07 
1.58164e-07 -0.91094 1.4315 -0.520558 -1.5816e-07 -4.52324e-07 
3.09076e-08 -1.00282 1.59214 -0.589326 -3.10251e-08 -1.34123e-07 
-7.51582e-08 -1.09939 1.75385 -0.654464 8.37462e-08 7.28869e-08 
4.06475e-07 -1.1822 1.88563 -0.703431 -5.66969e-07 -1.09518e-08 
1.71701e-05 -1.24961 1.98734 -0.737734 -2.27148e-05 -6.23972e-06 
-2.17228e-06 -1.29922 2.05893 -0.759709 2.92604e-06 3.78771e-07 
-0.000190719 -1.33243 2.10628 -0.773773 0.000252997 6.40435e-05 
-0.000124434 -1.36103 2.14428 -0.783203 0.00016505 4.18767e-05 
0.0042911 -1.4082 2.16822 -0.761684 -0.0056912 -0.00144975 
-0.000573708 -1.46135 2.21095 -0.749372 0.000761005 0.000193074 
-0.0120991 -1.49314 2.25517 -0.757314 0.0160471 0.00408579 
-0.0176128 -1.50544 2.27728 -0.764979 0.0233598 0.00594815 
-0.0111755 -1.50332 2.2697 -0.762022 0.0148221 0.00377416 
0.00862233 -1.48788 2.23117 -0.746652 -0.0114357 -0.00291229 
0.0333971 -1.47204 2.18167 -0.722641 -0.0442945 -0.0112799 
0.054068 -1.46782 2.14247 -0.695724 -0.0717103 -0.0182615 
0.0629945 -1.48356 2.13151 -0.672494 -0.0835489 -0.0212759 
0.0569713 -1.52245 2.15632 -0.656067 -0.0755595 -0.019241 
0.0370883 -1.58276 2.2144 -0.64609 -0.0491895 -0.0125267 
0.004929 -1.66199 2.30202 -0.641959 -0.00654 -0.00166885 
-0.0357157 -1.75348 2.40975 -0.642353 0.0473635 0.0120547 
-0.0801037 -1.84884 2.52568 -0.645639 0.106235 0.0270465 
-0.123492 -1.93963 2.63793 -0.650182 0.163789 0.0417085 
-0.161966 -2.01892 2.73668 -0.654623 0.214834 0.0547197 
-0.193637 -2.0834 2.81716 -0.658266 0.256855 0.0654326 
-0.216916 -2.13029 2.87538 -0.660515 0.287734 0.0733003 
-0.230212 -2.15681 2.90732 -0.660776 0.305354 0.0777761 
-0.23195 -2.16019 2.90901 -0.658455 0.307616 0.0783178 
-0.221339 -2.13914 2.8785 -0.653213 0.293474 0.074663 
-0.198797 -2.09455 2.81692 -0.645093 0.263511 0.0669809 
-0.164847 -2.02751 2.72569 -0.634173 0.218447 0.0554772 
-0.120011 -1.93913 2.60622 -0.620531 0.159003 0.0403578 
-0.0648098 -1.8305 2.45993 -0.604244 0.0858996 0.0218288 
0.000204374 -1.70276 2.28828 -0.585386 -9.39095e-05 0.000115007 
0.0741615 -1.5576 2.09351 -0.563994 -0.0976875 -0.0243487 
0.155994 -1.39705 1.8783 -0.540079 -0.205269 -0.0509985 
0.244633 -1.22313 1.64534 -0.513656 -0.321222 -0.0792686 
0.339008 -1.03788 1.39734 -0.484736 -0.443928 -0.108593 
0.438049 -0.843312 1.13697 -0.453332 -0.571773 -0.138407 
0.540687 -0.64147 0.866935 -0.419457 -0.703138 -0.168143 
0.645849 -0.434378 0.58993 -0.383121 -0.836404 -0.197235 
0.752358 -0.224237 0.308882 -0.344158 -0.969642 -0.224906 
0.858835 -0.0135632 0.0271539 -0.302069 -1.10035 -0.249993 
0.96388 0.195095 -0.251844 -0.25632 -1.22597 -0.271291 
1.06609 0.399188 -0.524701 -0.206378 -1.34393 -0.287595 
1.16407 0.596166 -0.788008 -0.151709 -1.45167 -0.2977 
1.25642 0.78348 -1.03836 -0.0917778 -1.54663 -0.300401 
1.34173 0.958579 -1.27233 -0.0260515 -1.62624 -0.294493 
1.41863 1.11895 -1.48658 0.0459663 -1.68801 -0.278814 
1.48632 1.26302 -1.67898 0.123907 -1.73099 -0.253218 
1.54458 1.39008 -1.84863 0.20654 -1.75578 -0.218564 
1.5932 1.49952 -1.99467 0.292598 -1.76306 -0.175758 
1.63197 1.59069 -2.11628 0.380813 -1.75348 -0.125704 
1.6607 1.66295 -2.2126 0.469918 -1.72771 -0.0693059 
1.67918 1.71567 -2.28278 0.558645 -1.68643 -0.00746911 
1.68721 1.7482 -2.32597 0.645726 -1.6303 0.0589021 
1.68467 1.76013 -2.34163 0.730157 -1.55989 0.129082 
1.67188 1.75212 -2.33062 0.812269 -1.47533 0.203257 
1.64931 1.72517 -2.29427 0.892817 -1.3766 0.2819 
1.61742 1.68028 -2.23394 0.972554 -1.26367 0.365485 
1.57666 1.61847 -2.15095 1.05224 -1.13652 0.454485 
1.5275 1.54074 -2.04664 1.13262 -0.995127 0.549377 
1.4704 1.44811 -1.92234 1.21446 -0.839466 0.650632 
1.40582 1.34156 -1.7794 1.2985 -0.669516 0.758725 
1.33422 1.22212 -1.61915 1.38552 -0.485252 0.874131 
1.25606 1.09078 -1.44292 1.47625 -0.286653 0.997322 
1.17182 0.948564 -1.25205 1.57137 -0.0737424 1.12873 
1.08214 0.796532 -1.04795 1.67055 0.152889 1.26828 
0.987766 0.635785 -0.832029 1.7728 0.392279 1.41556 
0.889467 0.467428 -0.605719 1.87713 0.643458 1.57015 
0.787992 0.292562 -0.370448 1.98254 0.905456 1.73164 
0.684098 0.11229 -0.127642 2.08802 1.17731 1.8996 
0.578541 -0.0722868 0.121273 2.19258 1.45803 2.07362 
0.472077 -0.260065 0.374868 2.29523 1.74668 2.25329 
0.365584 -0.44971 0.631405 2.3949 2.042 2.43805 
0.261213 -0.637519 0.88595 2.49011 2.34009 2.62596 
0.161855 -0.818399 1.1317 2.57904 2.63545 2.8143 
0.0704127 -0.987239 1.36181 2.65992 2.92259 3.00031 
-0.0102123 -1.13893 1.56946 2.73096 3.196 3.18124 
-0.0771177 -1.26836 1.74783 2.79036 3.45016 3.35434 
-0.127502 -1.37058 1.89027 2.83639 3.67962 3.51683 
-0.160761 -1.44415 1.99465 2.86871 3.87968 3.66515 
-0.178439 -1.49106 2.0632 2.88835 4.04644 3.79495 
-0.182165 -1.51344 2.09833 2.89637 4.17602 3.9019 
-0.17357 -1.51343 2.10246 2.89383 4.26455 3.98163 
-0.154287 -1.49315 2.078 2.88182 4.30815 4.02977 
-0.12655 -1.45557 2.02836 2.86188 4.30313 4.04188 
-0.0943809 -1.40605 1.95995 2.837 4.24637 4.01319 
-0.062125 -1.3504 1.87969 2.81043 4.13487 3.93886 
-0.0341299 -1.29446 1.79454 2.78541 3.9656 3.81407 
-0.0146423 -1.24393 1.71133 2.76512 3.73563 3.63407 
-0.00581669 -1.20232 1.6347 2.75134 3.44375 3.39585 
-0.00782786 -1.17111 1.56721 2.74451 3.09036 3.098 
-0.020773 -1.15166 1.51134 2.74505 2.67594 2.73919 
-0.0447491 -1.14534 1.4696 2.75334 2.20096 2.31807 
-0.0792807 -1.15295 1.44392 2.76941 1.66816 1.8355 
-0.12021 -1.1715 1.43281 2.79086 1.0949 1.30652 
-0.16192 -1.19654 1.43343 2.81434 0.504324 0.751729 
-0.198791 -1.2236 1.44292 2.83649 -0.0804146 0.191772 
-0.225248 -1.24824 1.45844 2.85399 -0.636359 -0.35289 
-0.237615 -1.26735 1.47776 2.86459 -1.14933 -0.869388 
-0.23482 -1.27967 1.49948 2.86753 -1.61717 -1.35523 
-0.215977 -1.28405 1.52229 2.86218 -2.03857 -1.80869 
-0.180201 -1.27934 1.54485 2.84788 -2.41224 -2.22803 
-0.126607 -1.2644 1.56582 2.824 -2.73688 -2.61151 
-0.0542953 -1.23829 1.58426 2.78993 -3.01116 -2.95786 
0.0376683 -1.20051 1.60006 2.74522 -3.23374 -3.26695 
0.150222 -1.15064 1.61325 2.68941 -3.40326 -3.53878 
0.284304 -1.08827 1.62388 2.62205 -3.51834 -3.77337 
0.440852 -1.01296 1.63195 2.54269 -3.57762 -3.97072 
0.620583 -0.924419 1.63753 2.45099 -3.57985 -4.13078 
0.818765 -0.825204 1.64076 2.34946 -3.52657 -4.25182 
1.02504 -0.720842 1.64196 2.24354 -3.42215 -4.33038 
1.22878 -0.617 1.64145 2.13879 -3.27113 -4.36291 
1.41936 -0.51934 1.63953 2.04079 -3.07804 -4.34588 
1.5867 -0.433255 1.63653 1.95484 -2.84734 -4.27613 
1.72574 -0.361575 1.63278 1.88363 -2.58295 -4.15437 
1.83421 -0.30571 1.62866 1.82843 -2.28845 -3.98336 
1.90988 -0.26706 1.62453 1.79048 -1.96745 -3.76594 
1.95049 -0.24702 1.62075 1.77105 -1.62354 -3.50491 
1.95386 -0.246958 1.61767 1.77134 -1.2603 -3.20304 
1.91959 -0.267187 1.61549 1.79159 -0.880629 -2.86201 
1.84948 -0.30672 1.61417 1.83083 -0.486578 -2.48209 
1.74547 -0.364494 1.61368 1.88798 -0.0801561 -2.06349 
1.60949 -0.439444 1.61397 1.96201 0.336632 -1.60639 
1.44348 -0.530503 1.61499 2.05185 0.761777 -1.11102 
1.25167 -0.635369 1.61668 2.15521 1.19007 -0.581702 
1.04505 -0.74807 1.61889 2.2662 1.60685 -0.0350702 
0.83587 -0.861957 1.62142 2.37824 1.99568 0.509993 
0.636379 -0.970384 1.62412 2.48475 2.34014 1.0346 
0.458761 -1.06673 1.6268 2.5792 2.62391 1.51996 
0.310634 -1.14689 1.62933 2.65751 2.83863 1.95422 
0.19179 -1.21098 1.63168 2.71986 2.98951 2.33739 
0.101255 -1.25959 1.63379 2.76684 3.08312 2.67067 
0.038057 -1.29328 1.63563 2.79902 3.12601 2.95525 
0.00122102 -1.3126 1.63715 2.81699 3.12475 3.19231 
-0.0102011 -1.3181 1.63833 2.82131 3.08544 3.38324 
0.00306941 -1.31019 1.63919 2.81238 3.00992 3.53125 
0.0404337 -1.28916 1.63976 2.79046 2.8978 3.64052 
0.101294 -1.25535 1.64012 2.75584 2.74864 3.71525 
0.185052 -1.20904 1.64029 2.7088 2.562 3.75964 
0.291111 -1.15057 1.64035 2.64961 2.33746 3.77788 
0.418872 -1.08024 1.64033 2.57857 2.07458 3.77417 
0.567624 -0.99843 1.64029 2.49601 1.77322 3.75259 
0.734776 -0.906563 1.64034 2.40334 1.43814 3.71557 
0.916191 -0.806936 1.6406 2.30283 1.07809 3.66414 
1.10769 -0.701867 1.64124 2.19678 0.701961 3.59929 
1.30508 -0.593676 1.64238 2.08749 0.318633 3.52203 
1.50417 -0.484688 1.64417 1.97727 -0.0629945 3.43335 
1.69946 -0.377934 1.64671 1.86913 -0.43217 3.33655 
1.88295 -0.277774 1.65002 1.76744 -0.77466 3.23914 
2.04639 -0.188711 1.6541 1.67669 -1.07585 3.14913 
2.18152 -0.11525 1.65898 1.6014 -1.32111 3.07451 
2.28105 -0.0613574 1.66463 1.54553 -1.49757 3.02236 
2.34464 -0.0271458 1.67085 1.50922 -1.60463 2.99312 
2.37493 -0.011057 1.67735 1.49093 -1.64707 2.98439 
2.3746 -0.0115255 1.68386 1.48912 -1.62967 2.99374 
2.3465 -0.0268364 1.68987 1.50213 -1.55783 3.01844 
2.2952 -0.0539019 1.69294 1.52734 -1.44238 3.05303 
2.2262 -0.0888958 1.68958 1.56161 -1.29709 3.09056 
2.1459 -0.12756 1.67658 1.60129 -1.13724 3.12385 
2.06851 -0.161957 1.65321 1.6386 -0.990876 3.14384 
2.01213 -0.182366 1.62016 1.66371 -0.892264 3.14069 
1.98728 -0.184802 1.5846 1.67133 -0.855819 3.11647 
1.99288 -0.174023 1.56361 1.66309 -0.865727 3.09125 
2.0251 -0.155379 1.5704 1.64191 -0.904078 3.08232 
2.0761 -0.133907 1.60777 1.61232 -0.953921 3.09735 
2.13776 -0.114038 1.67539 1.57884 -1.00029 3.14061 
2.20357 -0.0969164 1.76313 1.54448 -1.03908 3.20434 
2.26753 -0.0824935 1.85731 1.51171 -1.0701 3.27637 
2.32395 -0.0707242 1.94485 1.48292 -1.09317 3.34511 
2.36922 -0.0616078 2.01761 1.45961 -1.1081 3.40334 
2.40075 -0.0551653 2.06984 1.44286 -1.11468 3.44603 
2.41597 -0.0514175 2.09584 1.43376 -1.11271 3.46814 
2.4126 -0.0503669 2.09043 1.43327 -1.10208 3.46511 
2.39078 -0.0518542 2.05327 1.4413 -1.08338 3.43646 
2.35191 -0.0556379 1.98648 1.4572 -1.0576 3.38377 
2.2974 -0.061476 1.89217 1.48035 -1.0257 3.30865 
2.22866 -0.0691265 1.77249 1.51011 -0.988673 3.2127 
2.14694 -0.078382 1.62939 1.54589 -0.947306 3.09743 
2.0531 -0.0891364 1.46439 1.5873 -0.901861 2.96406 
1.94791 -0.101302 1.2789 1.63398 -0.852503 2.8138 
1.83213 -0.114792 1.07436 1.68556 -0.799396 2.64783 
1.70654 -0.129517 0.852176 1.74167 -0.742704 2.46733 
1.57191 -0.145391 0.613779 1.80195 -0.682591 2.27349 
1.4292 -0.162306 0.360935 1.86595 -0.619328 2.06777 
1.28037 -0.18006 0.0971361 1.93281 -0.553716 1.85303 
1.12767 -0.19842 -0.173593 2.00152 -0.486723 1.63252 
0.97335 -0.217153 -0.447227 2.0711 -0.419315 1.40951 
0.819668 -0.236026 -0.719741 2.14054 -0.352457 1.18729 
0.668878 -0.254807 -0.987108 2.20886 -0.287117 0.969119 
0.523223 -0.273259 -1.24532 2.27505 -0.224249 0.758253 
0.384894 -0.291137 -1.49047 2.33813 -0.164747 0.557893 
0.256066 -0.30819 -1.71866 2.39713 -0.109487 0.371219 
0.138917 -0.324166 -1.926 2.45105 -0.0593461 0.201413 
0.035622 -0.338816 -2.1086 2.49893 -0.0152023 0.0516546 
-0.0516482 -0.351889 -2.26257 2.53977 0.0220702 -0.0748822 
-0.121522 -0.363251 -2.38546 2.57298 0.0519206 -0.176192 
-0.174267 -0.373004 -2.47769 2.59868 0.0744633 -0.252663 
-0.210355 -0.381279 -2.54004 2.61712 0.0898944 -0.30498 
-0.230254 -0.388207 -2.57328 2.62852 0.09841 -0.333826 
-0.234436 -0.39392 -2.57822 2.63312 0.100206 -0.339885 
-0.223525 -0.39853 -2.5559 2.63119 0.0955468 -0.324065 
-0.198881 -0.402069 -2.50874 2.62321 0.0850128 -0.288335 
-0.162075 -0.404542 -2.43953 2.6097 0.0692787 -0.234975 
-0.114685 -0.405957 -2.35109 2.5912 0.0490206 -0.16627 
-0.0602457 -0.40652 -2.24967 2.56907 0.0257505 -0.0873444 
-0.00741126 -0.406963 -2.15059 2.54684 0.00316742 -0.0107451 
0.0343399 -0.408101 -2.07062 2.52838 -0.0146781 0.0497858 
0.0578801 -0.410556 -2.02234 2.5166 -0.02474 0.0839144 
0.0623661 -0.414424 -2.00711 2.51173 -0.0266576 0.0904182 
0.0488296 -0.419672 -2.02298 2.51327 -0.0208716 0.070793 
0.0241222 -0.425947 -2.0578 2.51863 -0.0103107 0.0349722 
-0.00175979 -0.432832 -2.0937 2.52399 0.000752207 -0.00255132 
-0.016104 -0.440204 -2.10718 2.52409 0.00688346 -0.0233476 
-0.0129834 -0.448109 -2.08707 2.5164 0.0055496 -0.0188234 
0.000596168 -0.458012 -2.04376 2.50263 -0.000254839 0.000864178 
0.00205641 -0.476713 -2.00688 2.48657 -0.000879007 0.00298118 
-0.000692871 -0.5009 -1.96749 2.46739 0.000296149 -0.00100463 
-1.09796e-05 -0.534607 -1.90354 2.43813 4.68278e-06 -1.60335e-05 
4.87477e-06 -0.583127 -1.81214 2.39528 -2.08688e-06 7.01341e-06 
-4.08621e-07 -0.64648 -1.69115 2.33763 1.79468e-07 -5.72211e-07 
6.06006e-09 -0.724376 -1.54017 2.26455 -5.98278e-09 -4.8736e-08 
3.32905e-08 -0.813966 -1.36412 2.17809 -3.32723e-08 -1.72152e-07 
-2.17031e-09 -0.893079 -1.2069 2.09998 2.16337e-09 -1.41884e-08 
-5.95765e-09 -0.956841 -1.07917 2.03601 5.95739e-09 5.28909e-09 
-4.251e-09 -1.00632 -0.97951 1.98583 4.25114e-09 -2.05247e-09 
-4.51002e-09 -1.0437 -0.903842 1.94754 4.51e-09 -6.56001e-10 
-3.99464e-09 -1.0701 -0.850231 1.92033 3.99462e-09 -3.12797e-09 
-5.65657e-09 -1.08598 -0.81818 1.90416 5.65658e-09 6.22261e-09 
-6.75446e-09 -1.1051 -0.779364 1.88446 6.75447e-09 1.24041e-08 
-4.19867e-09 -1.13272 -0.722782 1.8555 4.19867e-09 -1.29409e-09 
3.13169e-11 -1.16855 -0.649274 1.81782 -3.13188e-11 -2.4044e-08 
4.70031e-09 -1.20458 -0.575308 1.77989 -4.70031e-09 -4.91838e-08 
8.77992e-09 -1.23444 -0.513988 1.74843 -8.77993e-09 -7.11643e-08 
1.14845e-08 -1.25398 -0.473874 1.72785 -1.14845e-08 -8.57385e-08 
1.29099e-08 -1.26423 -0.452821 1.71705 -1.29099e-08 -9.34197e-08 
1.34072e-08 -1.26776 -0.44558 1.71334 -1.34072e-08 -9.60998e-08 
1.33276e-08 -1.26711 -0.446905 1.71401 -1.33276e-08 -9.56713e-08 
1.30223e-08 -1.26485 -0.451549 1.7164 -1.30223e-08 -9.40265e-08 
1.28424e-08 -1.26353 -0.454262 1.71779 -1.28424e-08 -9.30577e-08 
1.28424e-08 -1.26353 -0.454262 1.71779 -1.28424e-08 -9.30577e-08 
