0.039689 1.67043 -3.21362 1.54319 -0.039689 -5.90735e-05 
-0.0404497 -0.692912 1.32927 -0.636362 0.0404497 6.0207e-05 
-0.0024709 0.211641 -0.408343 0.196702 0.0024709 3.67808e-06 
0.00489557 1.43154 -2.75857 1.32704 -0.00489557 -7.28522e-06 
0.00101413 0.15364 -0.296075 0.142435 -0.00101413 -1.50931e-06 
-0.000113683 -0.552298 1.0647 -0.512404 0.000113683 1.68581e-07 
-0.0008386 -1.09814 2.11656 -1.01842 0.0008386 1.24697e-06 
-0.00173244 -1.48436 2.85962 -1.37526 0.00173244 2.57697e-06 
-0.00114638 -0.999232 1.92319 -0.923953 0.00114638 1.70514e-06 
-0.000648721 -0.616389 1.17818 -0.561791 0.000648721 9.64726e-07 
-0.00108211 -1.29712 2.42445 -1.12733 0.00108211 1.60825e-06 
-0.000807066 -1.28819 2.3453 -1.0571 0.000807066 1.198e-06 
0.00232298 1.50008 -3.07535 1.57527 -0.00232298 -3.45896e-06 
0.00267599 1.06525 -2.44254 1.37729 -0.00267599 -3.98219e-06 
0.00279925 0.552518 -1.73901 1.18649 -0.00279925 -4.13276e-06 
-0.00269199 -1.15611 2.22873 -1.07262 0.00269199 4.1088e-06 
-0.00138476 -1.4299 2.294 -0.8641 0.00138476 1.83645e-06 
0.00151644 -1.95735 1.88707 0.0702785 -0.00151644 -2.4879e-06 
-0.00090944 -2.53628 2.85255 -0.316258 0.00090944 -2.76428e-06 
-8.67557e-05 1.16016 -2.75456 1.59438 8.67557e-05 7.32356e-05 
1.81498e-05 1.47488 -2.82816 1.35329 -1.81498e-05 -6.52193e-06 
6.25981e-05 2.37027 0.703418 -3.07369 -6.25981e-05 -0.000160156 
-7.96874e-05 -1.05441 2.07931 -1.02492 7.96873e-05 0.000198798 
2.00088e-05 -1.09889 3.02363 -1.92472 -2.0009e-05 -4.96683e-05 
-0.000175685 -1.82465 2.91711 -1.09248 0.000175673 0.000438283 
0.00112401 -0.852751 0.654252 0.198487 -0.00112369 -0.00280562 
0.000803631 1.3572 -2.96166 1.60448 -0.000847424 -0.00171496 
0.00199532 1.51644 -2.96679 1.44981 -0.00241638 -0.00219395 
-0.0324658 1.89292 -2.96041 1.08007 0.0430178 0.0112389 
0.199908 0.938721 -2.95846 1.94176 -0.265159 -0.0673699 
-0.379921 1.44332 0.507179 -1.80243 0.503879 0.128367 
0.509487 -1.65284 -1.64663 3.10093 -0.675722 -0.172131 
-0.960395 -0.892201 2.19824 -0.931802 1.27377 0.324375 
-0.603497 2.49734 -0.152713 -2.10946 0.80041 0.203862 
0.61401 1.82515 -2.18394 0.119529 -0.814362 -0.207374 
1.18161 1.41042 -2.92997 1.05911 -1.56716 -0.39908 
1.50082 1.53858 -3.44901 1.32562 -1.99053 -0.506889 
0.486903 0.0275694 -1.07359 0.856269 -0.645794 -0.164474 
-0.411132 -1.16317 1.03146 0.291918 0.545286 0.138849 
-1.17842 -1.99254 2.83145 -0.379624 1.563 0.398067 
-1.49323 -2.30495 3.57263 -0.685788 1.98048 0.504343 
-1.3678 -2.11436 3.28363 -0.636451 1.81396 0.461812 
-1.24237 -1.92378 2.99464 -0.587114 1.64745 0.41928 
-0.837787 -1.21173 1.98482 -0.446641 1.11114 0.282937 
-0.369417 -0.380539 0.810287 -0.285343 0.49033 0.125157 
0.0989528 0.450657 -0.364241 -0.124046 -0.130476 -0.0326227 
0.514641 1.18768 -1.40701 0.019919 -0.681641 -0.172848 
0.671467 1.46197 -1.80238 0.0787158 -0.890603 -0.226816 
0.828293 1.73626 -2.19775 0.137513 -1.09956 -0.280783 
0.98512 2.01055 -2.59312 0.196309 -1.30853 -0.334751 
1.14195 2.28484 -2.98849 0.255106 -1.51749 -0.388718 
1.22893 2.43094 -3.20464 0.291627 -1.63255 -0.417782 
1.17741 2.32287 -3.06542 0.283977 -1.56141 -0.397463 
1.12589 2.21479 -2.9262 0.276326 -1.49028 -0.377143 
1.07438 2.10671 -2.78699 0.268675 -1.41914 -0.356824 
1.02286 1.99863 -2.64777 0.261025 -1.348 -0.336504 
0.971345 1.89056 -2.50855 0.253374 -1.27687 -0.316185 
0.882852 1.71947 -2.2828 0.250106 -1.14526 -0.271579 
0.777262 1.51926 -2.01704 0.248864 -0.9857 -0.215743 
0.671673 1.31905 -1.75128 0.247622 -0.826137 -0.159908 
0.566083 1.11883 -1.48552 0.246379 -0.666575 -0.104073 
0.460494 0.918615 -1.21975 0.245137 -0.507013 -0.0482373 
0.354905 0.718401 -0.953992 0.243895 -0.347451 0.00759803 
0.249315 0.518186 -0.688231 0.242653 -0.187889 0.0634334 
0.135044 0.304288 -0.403629 0.25577 -0.00345113 0.136065 
-0.00315701 0.0526722 -0.0670939 0.308465 0.249556 0.254994 
-0.141358 -0.198943 0.269441 0.36116 0.502562 0.373923 
-0.279559 -0.450558 0.605976 0.413855 0.755569 0.492852 
-0.41776 -0.702174 0.94251 0.46655 1.00858 0.611781 
-0.555961 -0.953789 1.27905 0.519245 1.26158 0.730711 
-0.694162 -1.2054 1.61558 0.57194 1.51459 0.84964 
-0.832363 -1.45702 1.95211 0.624635 1.7676 0.968569 
-0.91131 -1.61404 2.16179 0.58819 1.86073 0.983113 
-0.931329 -1.677 2.2453 0.463093 1.79488 0.893844 
-0.951347 -1.73995 2.3288 0.337995 1.72902 0.804575 
-0.971366 -1.8029 2.41231 0.212898 1.66317 0.715306 
-0.991384 -1.86586 2.49582 0.0878008 1.59731 0.626037 
-1.0114 -1.92881 2.57933 -0.0372964 1.53146 0.536768 
-1.03142 -1.99176 2.66283 -0.162394 1.46561 0.447499 
-1.05144 -2.05471 2.74634 -0.287491 1.39975 0.35823 
-1.01116 -1.9683 2.63161 -0.228889 1.3966 0.394179 
-0.965674 -1.86897 2.49972 -0.154399 1.39887 0.440957 
-0.920185 -1.76963 2.36784 -0.0799097 1.40115 0.487735 
-0.874695 -1.6703 2.23596 -0.00542032 1.40342 0.534513 
-0.829206 -1.57097 2.10408 0.0690691 1.40569 0.581292 
-0.783716 -1.47164 1.9722 0.143559 1.40797 0.62807 
-0.738226 -1.37231 1.84032 0.218048 1.41024 0.674848 
-0.692737 -1.27297 1.70844 0.292537 1.41251 0.721626 
-0.647247 -1.17364 1.57655 0.367027 1.41479 0.768404 
-0.601758 -1.07431 1.44467 0.441516 1.41706 0.815182 
-0.537084 -0.968737 1.3069 0.401907 1.35476 0.803968 
-0.462498 -0.85994 1.16608 0.303346 1.2591 0.76279 
-0.387912 -0.751143 1.02526 0.204784 1.16344 0.721612 
-0.313326 -0.642346 0.884435 0.106223 1.06778 0.680434 
-0.238741 -0.533549 0.743614 0.00766135 0.972122 0.639256 
-0.164155 -0.424752 0.602793 -0.0909002 0.876463 0.598078 
-0.0895689 -0.315955 0.461972 -0.189462 0.780803 0.5569 
-0.0149831 -0.207158 0.321151 -0.288023 0.685143 0.515722 
0.208386 0.179491 -0.194287 -0.441506 0.274938 0.312863 
0.49478 0.683841 -0.868416 -0.618253 -0.268512 0.0415155 
0.781175 1.18819 -1.54255 -0.795001 -0.811962 -0.229832 
1.06757 1.69254 -2.21667 -0.971748 -1.35541 -0.50118 
1.35396 2.19689 -2.8908 -1.1485 -1.89886 -0.772528 
1.64036 2.70124 -3.56493 -1.32524 -2.44231 -1.04388 
1.69878 2.84135 -3.77419 -1.35809 -2.9038 -1.3961 
1.53781 2.63095 -3.5361 -1.25245 -3.28641 -1.82615 
1.37685 2.42056 -3.29801 -1.14681 -3.66903 -2.25621 
1.21589 2.21016 -3.05992 -1.04118 -4.05164 -2.68626 
1.05492 1.99976 -2.82182 -0.935539 -4.43426 -3.11632 
0.866528 1.75214 -2.53801 -0.807929 -4.80816 -3.55109 
0.437522 1.17805 -1.85313 -0.487567 -5.10571 -4.02731 
0.00851493 0.603963 -1.16826 -0.167204 -5.40325 -4.50353 
-0.420492 0.0298728 -0.483378 0.153159 -5.70079 -4.97974 
-0.849498 -0.544217 0.2015 0.473522 -5.99834 -5.45596 
-1.05989 -0.889705 0.657233 0.647411 -6.11651 -5.75277 
-1.06947 -1.02521 0.902487 0.686756 -6.06993 -5.88478 
-1.07906 -1.16072 1.14774 0.726102 -6.02335 -6.01679 
-1.08864 -1.29622 1.39299 0.765448 -5.97677 -6.1488 
-1.09823 -1.43173 1.63825 0.804794 -5.93019 -6.28081 
-0.631695 -1.08083 1.43878 0.531448 -3.99437 -4.58287 
-0.0770928 -0.639961 1.15705 0.200261 -1.70908 -2.54643 
0.47751 -0.199093 0.875316 -0.130926 0.576204 -0.509985 
1.03211 0.241775 0.593584 -0.462112 2.86149 1.52646 
1.409 0.557903 0.369077 -0.691549 4.32631 2.85352 
1.49637 0.670809 0.237798 -0.75522 4.45447 3.0249 
1.58373 0.783715 0.106518 -0.81889 4.58263 3.19627 
1.6711 0.896622 -0.0247621 -0.882561 4.71078 3.36765 
1.75847 1.00953 -0.156042 -0.946231 4.83894 3.53903 
1.84678 1.10955 -0.263038 -1.00643 4.96826 3.6792 
1.93939 1.1512 -0.260031 -1.05089 5.10283 3.67803 
2.032 1.19285 -0.257024 -1.09535 5.23739 3.67686 
2.12461 1.23451 -0.254017 -1.13981 5.37196 3.67569 
2.21722 1.27616 -0.25101 -1.18428 5.50653 3.67451 
2.30983 1.31781 -0.248003 -1.22874 5.6411 3.67334 
1.84661 1.06684 -0.231373 -0.983657 5.49248 3.84306 
0.798322 0.507843 -0.200402 -0.433797 5.04577 4.19265 
-0.249965 -0.0511538 -0.169431 0.116063 4.59906 4.54225 
-1.29825 -0.610151 -0.13846 0.665923 4.15235 4.89184 
-2.34654 -1.16915 -0.107489 1.21578 3.70564 5.24143 
-2.79541 -1.42295 -0.0729883 1.4565 3.32545 5.13646 
-3.01668 -1.56087 -0.0371474 1.57984 2.97051 4.8589 
-3.23796 -1.6988 -0.00130643 1.70318 2.61558 4.58135 
-3.45923 -1.83672 0.0345345 1.82652 2.26065 4.30379 
-3.68051 -1.97464 0.0703755 1.94986 1.90571 4.02623 
-3.72816 -2.01027 0.0893979 1.97739 1.61687 3.85724 
-3.53703 -1.9052 0.0852891 1.87314 1.41891 3.83759 
-3.3459 -1.80013 0.0811803 1.76889 1.22095 3.81794 
-3.15477 -1.69506 0.0770715 1.66464 1.02299 3.79829 
-2.96364 -1.58998 0.0729627 1.56039 0.825034 3.77864 
-2.66967 -1.42922 0.0675222 1.4011 0.483275 3.57259 
-1.46115 -0.773183 0.0502386 0.752348 -1.1373 1.70889 
-0.252619 -0.117144 0.032955 0.103594 -2.75788 -0.15481 
0.955908 0.538894 0.0156714 -0.545161 -4.37846 -2.01851 
2.16444 1.19493 -0.00161214 -1.19392 -5.99904 -3.88221 
2.98602 1.63989 -0.0149502 -1.63313 -6.94695 -5.15836 
2.88993 1.58427 -0.0189315 -1.5754 -6.2996 -5.04112 
2.79385 1.52865 -0.0229128 -1.51768 -5.65226 -4.92388 
2.69777 1.47303 -0.026894 -1.45996 -5.00492 -4.80663 
2.60169 1.41741 -0.0308753 -1.40223 -4.35757 -4.68939 
2.50561 1.36179 -0.0348566 -1.34451 -3.71023 -4.57215 
2.43679 1.3244 -0.0322288 -1.30887 -3.57013 -4.23675 
2.37779 1.29358 -0.0272195 -1.28119 -3.61282 -3.82273 
2.31879 1.26275 -0.0222103 -1.25351 -3.65551 -3.40871 
2.2598 1.23193 -0.017201 -1.22583 -3.69819 -2.9947 
2.2008 1.20111 -0.0121917 -1.19815 -3.74088 -2.58068 
2.1418 1.17029 -0.00718248 -1.17047 -3.78357 -2.16666 
2.0828 1.13947 -0.00217321 -1.1428 -3.82626 -1.75265 
1.82036 0.994762 0.00802215 -1.00054 -3.34031 -1.52027 
1.40758 0.76589 0.0220501 -0.773613 -2.46369 -1.42213 
0.994789 0.537018 0.0360781 -0.546686 -1.58708 -1.324 
0.582002 0.308146 0.050106 -0.319759 -0.710463 -1.22586 
0.169215 0.0792734 0.064134 -0.0928319 0.166152 -1.12772 
-0.348861 -0.206062 0.0747628 0.191111 1.19093 -0.848675 
-1.16389 -0.650642 0.0758048 0.635857 2.63356 -0.0594191 
-1.97891 -1.09522 0.0768469 1.0806 4.07619 0.729837 
-2.79394 -1.5398 0.0778889 1.52535 5.51882 1.51909 
-3.60896 -1.98438 0.0789309 1.97009 6.96145 2.30835 
-3.54912 -1.94301 0.0563095 1.93057 6.85035 2.26313 
-3.28562 -1.78852 0.0281793 1.7783 6.37756 2.02366 
-3.02211 -1.63402 4.91766e-05 1.62604 5.90477 1.78419 
-2.75861 -1.47953 -0.028081 1.47378 5.43198 1.54471 
-2.29015 -1.16076 -0.289075 1.20464 4.30664 0.976944 
-1.7474 -0.782443 -0.634488 0.893128 2.94472 0.290158 
-1.20465 -0.404124 -0.979902 0.581616 1.5828 -0.396628 
0.28468 0.419546 -1.02368 -0.232017 -1.32618 -1.31208 
2.0871 1.39052 -0.967697 -1.21173 -4.74686 -2.30316 
3.20673 1.84594 -0.328499 -1.78341 -6.38484 -2.22965 
3.00561 1.30413 1.43882 -1.56583 -4.5745 -0.0968908 
2.68082 0.77198 2.88345 -1.29851 -2.79392 1.73821 
1.85366 0.279122 3.01711 -0.829144 -1.13421 2.36402 
1.02649 -0.213736 3.15078 -0.359775 0.525492 2.98983 
0.407692 -0.271293 1.9865 -0.086914 0.749222 2.01971 
-0.181172 -0.26632 0.635774 0.157719 0.766676 0.820341 
-0.770037 -0.261347 -0.714952 0.402352 0.784129 -0.379033 
-1.10134 -0.261798 -1.46083 0.541055 0.80358 -1.03772 
-1.35541 -0.263875 -2.02535 0.647995 0.82363 -1.53428 
-1.60948 -0.265953 -2.58987 0.754934 0.843679 -2.03084 
-1.86355 -0.26803 -3.15438 0.861873 0.863729 -2.5274 
-1.82136 -0.250527 -3.13491 0.840706 0.795936 -2.53032 
-1.6825 -0.226636 -2.92489 0.777742 0.699483 -2.37217 
-1.54364 -0.202746 -2.71488 0.714778 0.60303 -2.21402 
-1.40478 -0.178855 -2.50486 0.651814 0.506577 -2.05587 
-1.27259 -0.156581 -2.30223 0.591705 0.418637 -1.90207 
-1.19654 -0.147932 -2.16183 0.555658 0.402429 -1.78494 
-1.1205 -0.139283 -2.02143 0.51961 0.386221 -1.66782 
-1.04446 -0.130634 -1.88103 0.483563 0.370012 -1.55069 
-0.968412 -0.121985 -1.74063 0.447515 0.353804 -1.43356 
-0.892368 -0.113336 -1.60023 0.411468 0.337596 -1.31644 
-0.816323 -0.104687 -1.45983 0.375421 0.321388 -1.19931 
-0.604491 -0.0827568 -1.08121 0.281661 0.231755 -0.891466 
-0.382024 -0.0597863 -0.683941 0.183382 0.136372 -0.568686 
-0.159558 -0.0368157 -0.286671 0.0851032 0.0409888 -0.245906 
0.062908 -0.0138452 0.110599 -0.0131758 -0.0543942 0.0768738 
0.285374 0.00912529 0.50787 -0.111455 -0.149777 0.399654 
0.50784 0.0320958 0.90514 -0.209734 -0.24516 0.722434 
0.722987 0.0567379 1.28973 -0.306634 -0.332153 1.0368 
0.937744 0.0814688 1.67366 -0.403462 -0.418701 1.35071 
1.1525 0.1062 2.05758 -0.500289 -0.505248 1.66463 
1.36726 0.130931 2.4415 -0.597117 -0.591795 1.97854 
1.58202 0.155662 2.82542 -0.693944 -0.678343 2.29246 
1.73674 0.171733 3.10333 -0.76323 -0.740546 2.51871 
1.69035 0.158794 3.02611 -0.740246 -0.721191 2.45124 
1.64396 0.145854 2.94889 -0.717262 -0.701836 2.38378 
1.59757 0.132914 2.87167 -0.694278 -0.682481 2.31632 
1.55118 0.119975 2.79444 -0.671294 -0.663126 2.24886 
1.50479 0.107035 2.71722 -0.64831 -0.643771 2.18139 
1.35542 0.105757 2.45178 -0.597559 -0.579759 1.96491 
1.20017 0.105144 2.17558 -0.545221 -0.513195 1.73991 
1.04491 0.104532 1.89939 -0.492882 -0.446631 1.51491 
0.777379 0.0924189 1.42475 -0.392974 -0.332115 1.12711 
-0.158411 0.0118572 -0.230977 -0.00993847 0.0678003 -0.229625 
-1.0942 -0.0687046 -1.8867 0.373097 0.467715 -1.58636 
-1.89978 -0.138431 -3.31012 0.701301 0.811986 -2.75431 
-1.88044 -0.139512 -3.26192 0.682143 0.80375 -2.72626 
-1.8611 -0.140593 -3.21371 0.662986 0.795515 -2.69821 
-1.10334 -0.101485 -1.87152 0.377478 0.471617 -1.59962 
-0.181945 -0.0534711 -0.242583 0.0329453 0.0777655 -0.263786 
1.16242 -0.0479239 2.25712 -0.528228 -0.496863 1.68527 
1.777 -0.0510089 3.41119 -0.79048 -0.759556 2.57629 
1.13225 -0.163269 2.41442 -0.613817 -0.483968 1.64154 
-1.30805 -0.940265 -0.715359 -0.235947 0.559111 -1.89641 
-0.237446 -0.373195 0.27722 -0.247404 0.101496 -0.344226 
0.297631 -0.771428 2.02519 -0.823323 -0.12722 0.431491 
0.365936 -1.13372 2.9028 -1.24005 -0.156407 0.530599 
0.0279221 -1.44207 2.93707 -1.45504 -0.0119402 0.0404314 
0.00414397 -1.43157 2.95972 -1.52238 -0.00178501 0.00588164 
-0.000134371 -1.39046 2.9437 -1.55306 7.97239e-05 2.43023e-05 
-2.64146e-05 1.58163 -2.93391 1.3521 2.74042e-05 0.000125612 
1.52923e-05 1.48686 -2.85884 1.37199 -1.52559e-05 -7.01274e-05 
8.50265e-06 1.28281 -2.51085 1.2281 -8.5007e-06 -4.03046e-05 
-6.05162e-07 1.16786 -2.30393 1.13606 6.05004e-07 2.77955e-06 
1.06815e-07 0.819176 -1.64792 0.828723 -1.06786e-07 -5.06473e-07 
-2.67292e-07 1.16995 -2.40483 1.23489 2.67294e-07 1.4497e-06 
1.65413e-08 -0.605535 1.2545 -0.648952 -1.6547e-08 -1.05404e-07 
3.92474e-07 -0.83372 1.74526 -0.911546 -3.92474e-07 -2.13521e-06 
1.5603e-07 -0.881343 1.81301 -0.931665 -1.5603e-07 -8.42252e-07 
4.18694e-08 0.010254 -0.0164084 0.00615288 -4.18693e-08 -2.28233e-07 
-5.81936e-08 0.609673 -1.24915 0.639476 5.81937e-08 3.11938e-07 
-1.54441e-07 1.13002 -2.32041 1.19039 1.54441e-07 8.32123e-07 
-1.26249e-07 0.915998 -1.88105 0.965051 1.26249e-07 6.80294e-07 
-9.15909e-08 0.663814 -1.36319 0.699372 9.15909e-08 4.93542e-07 
-5.69324e-08 0.411631 -0.845324 0.433693 5.69324e-08 3.06789e-07 
-2.22738e-08 0.159447 -0.327462 0.168014 2.22738e-08 1.20037e-07 
1.23847e-08 -0.0927362 0.190401 -0.0976646 -1.23847e-08 -6.67157e-08 
4.70432e-08 -0.34492 0.708263 -0.363343 -4.70432e-08 -2.53468e-07 
0 0 0 0 0 0 
