0 0 0 0 0 0 
0.000393832 -0.0287945 0.0555651 -0.0267706 -0.000393832 -5.86236e-07 
0.000204356 -0.0348354 0.0671795 -0.0323441 -0.000204356 -3.04216e-07 
-0.000252539 0.0306759 -0.0591688 0.0284929 0.000252539 3.75929e-07 
5.46263e-05 0.111444 -0.214809 0.103365 -5.46263e-05 -8.11816e-08 
7.94667e-05 0.0872693 -0.168206 0.080937 -7.94667e-05 -1.18183e-07 
3.40073e-05 0.00186725 -0.00357545 0.0017082 -3.40073e-05 -5.06163e-08 
-9.53958e-05 -0.128113 0.246881 -0.118768 9.53958e-05 1.41846e-07 
-0.000240408 -0.253184 0.487738 -0.234554 0.000240408 3.57544e-07 
-0.000326595 -0.329745 0.634931 -0.305186 0.000326595 4.85735e-07 
-0.000413709 -0.426054 0.816255 -0.390201 0.000413709 6.15235e-07 
-0.000537361 -0.583986 1.10977 -0.525783 0.000537361 7.9897e-07 
-0.000461063 -0.573322 1.07302 -0.499703 0.000461063 6.85173e-07 
-0.000185036 -0.415858 0.742063 -0.326205 0.000185036 2.74296e-07 
8.28197e-05 -0.347458 0.55769 -0.210232 -8.28197e-05 -1.23309e-07 
0.000187868 -0.349916 0.511692 -0.161776 -0.000187868 -2.73047e-07 
-4.03476e-05 -0.488628 0.760575 -0.271947 4.03476e-05 6.43131e-08 
-2.67179e-05 -0.638443 0.944293 -0.30585 2.67179e-05 -1.1376e-08 
2.58283e-06 -0.880083 1.20333 -0.323245 -2.58283e-06 2.73258e-07 
3.71048e-06 -0.937444 1.16914 -0.231698 -3.71048e-06 -5.34013e-07 
2.65839e-07 -0.756132 0.889256 -0.133125 -2.65839e-07 -6.85764e-07 
-5.06664e-08 -0.636326 0.663138 -0.0268109 5.06663e-08 1.23156e-07 
5.67959e-06 -0.431536 0.899564 -0.468028 -5.67959e-06 -1.41476e-05 
-8.61336e-06 -0.63536 1.15434 -0.518983 8.61337e-06 2.1482e-05 
-1.1132e-05 -0.813104 1.44778 -0.634678 1.11322e-05 2.77641e-05 
1.14096e-05 -1.01275 1.73635 -0.723601 -1.14226e-05 -2.83712e-05 
-9.09559e-06 -0.893513 1.45827 -0.564756 9.60268e-06 1.93346e-05 
7.85894e-05 -0.749409 1.15985 -0.410473 -0.000106723 -1.00875e-05 
0.000824718 -0.589407 0.86095 -0.271869 -0.00109608 -0.000263582 
0.00658459 -0.431305 0.560505 -0.131765 -0.00873223 -0.0022297 
-0.025404 -0.212139 0.464895 -0.242857 0.0336926 0.00858421 
0.0401884 -0.393363 0.247378 0.130324 -0.0533015 -0.0135749 
0.0247962 -0.541699 0.29346 0.238576 -0.0328865 -0.00837846 
-0.114215 -0.457494 0.513713 -0.0117129 0.151483 0.0385749 
-0.097265 -0.193639 0.340697 -0.109157 0.129002 0.0328523 
-0.00318453 -0.0549013 0.085818 -0.0296758 0.00422331 0.00107691 
0.138149 0.101301 -0.248974 0.0938408 -0.183227 -0.0466573 
0.238194 0.180126 -0.476601 0.203657 -0.315915 -0.0804476 
0.238915 0.114425 -0.471507 0.263982 -0.316874 -0.0806943 
0.158912 -0.0444046 -0.277084 0.259567 -0.210762 -0.0536708 
0.0132145 -0.273533 0.0715198 0.196875 -0.0175172 -0.0044555 
-0.130784 -0.495961 0.416602 0.130325 0.173461 0.044172 
-0.262156 -0.699205 0.732594 0.0687422 0.347677 0.0885182 
-0.369466 -0.8619 0.989962 0.0158592 0.489981 0.12474 
-0.430226 -0.942041 1.13064 -0.0209823 0.570585 0.145279 
-0.443838 -0.938512 1.15309 -0.0415872 0.588696 0.149937 
-0.410752 -0.852114 1.05843 -0.0461032 0.544909 0.138861 
-0.351054 -0.718755 0.896902 -0.0411388 0.465777 0.118746 
-0.27557 -0.557785 0.695571 -0.0302558 0.36561 0.0931977 
-0.184299 -0.369204 0.454442 -0.0134542 0.244408 0.0622173 
-0.0772418 -0.153013 0.173514 0.00926597 0.102172 0.0258044 
0.0444234 0.088625 -0.144188 0.0375289 -0.059514 -0.0156208 
0.165537 0.327889 -0.459766 0.0664996 -0.220269 -0.0566528 
0.281464 0.556273 -0.761331 0.0947002 -0.373864 -0.0956395 
0.392206 0.773779 -1.04888 0.122131 -0.520297 -0.132581 
0.497762 0.980405 -1.32242 0.148791 -0.65957 -0.167477 
0.598133 1.17615 -1.58194 0.174681 -0.791683 -0.200327 
0.692044 1.35885 -1.82447 0.199952 -0.914553 -0.230296 
0.7756 1.52186 -2.04089 0.225066 -1.02181 -0.254824 
0.848526 1.66471 -2.23055 0.250054 -1.113 -0.273731 
0.910823 1.78741 -2.39346 0.274918 -1.18813 -0.287017 
0.962492 1.88996 -2.52962 0.299656 -1.2472 -0.294683 
1.00353 1.97235 -2.63902 0.32427 -1.2902 -0.296728 
1.03394 2.03459 -2.72168 0.348758 -1.31715 -0.293153 
1.05361 2.07649 -2.77733 0.373314 -1.32769 -0.283733 
1.06025 2.09446 -2.80102 0.401712 -1.31531 -0.26405 
1.05297 2.0871 -2.79084 0.435415 -1.27745 -0.232396 
1.03179 2.05441 -2.74678 0.474423 -1.21413 -0.188771 
0.996691 1.99639 -2.66884 0.518734 -1.12534 -0.133173 
0.947683 1.91304 -2.55703 0.56835 -1.01108 -0.0656043 
0.884763 1.80437 -2.41134 0.623271 -0.871352 0.0139362 
0.807931 1.67037 -2.23177 0.683495 -0.706157 0.105448 
0.718684 1.51342 -2.02153 0.746775 -0.519527 0.206298 
0.625942 1.34778 -1.79972 0.799687 -0.335537 0.300767 
0.531185 1.1758 -1.5695 0.840007 -0.158175 0.38625 
0.434413 0.997488 -1.33087 0.867734 0.0125572 0.462747 
0.335626 0.812836 -1.08384 0.882868 0.176661 0.530258 
0.234824 0.621847 -0.828407 0.88541 0.334135 0.588784 
0.132006 0.424521 -0.564564 0.87536 0.48498 0.638323 
0.0271739 0.220858 -0.292315 0.852716 0.629196 0.678876 
-0.0768805 0.0177773 -0.0208431 0.825991 0.769688 0.716244 
-0.176377 -0.175356 0.237422 0.806699 0.910387 0.758277 
-0.271294 -0.35849 0.482411 0.794906 1.05131 0.805019 
-0.361632 -0.531626 0.714125 0.790612 1.19247 0.85647 
-0.447391 -0.694762 0.932564 0.793815 1.33386 0.912629 
-0.528571 -0.8479 1.13773 0.804517 1.47547 0.973498 
-0.605172 -0.991038 1.32961 0.822717 1.61731 1.03907 
-0.677193 -1.12418 1.50823 0.848415 1.75939 1.10936 
-0.744636 -1.24732 1.67356 0.881612 1.90169 1.18436 
-0.8075 -1.36046 1.82562 0.922306 2.04422 1.26406 
-0.865148 -1.4634 1.96422 0.966713 2.18483 1.34655 
-0.915458 -1.55543 2.08868 1.00221 2.31639 1.4254 
-0.95826 -1.63652 2.19897 1.02778 2.43832 1.50011 
-0.993554 -1.70666 2.29509 1.04344 2.55062 1.57068 
-1.02134 -1.76584 2.37703 1.04917 2.65329 1.6371 
-1.04162 -1.81407 2.4448 1.04498 2.74633 1.69938 
-1.05439 -1.85135 2.49839 1.03087 2.82974 1.75751 
-1.05965 -1.87768 2.5378 1.00684 2.90352 1.8115 
-1.05214 -1.88324 2.5498 0.970941 2.95656 1.85562 
-1.01675 -1.83978 2.49631 0.917602 2.95688 1.87346 
-0.952533 -1.74556 2.37497 0.846472 2.9025 1.86398 
-0.859484 -1.60057 2.18576 0.75755 2.79341 1.82719 
-0.737606 -1.40481 1.9287 0.650836 2.62962 1.76308 
-0.586899 -1.15829 1.60377 0.52633 2.41113 1.67166 
-0.41321 -0.870332 1.22291 0.387724 2.14003 1.55085 
-0.250309 -0.594905 0.854981 0.256333 1.82847 1.38867 
-0.103612 -0.340657 0.511013 0.135575 1.4784 1.1832 
0.0268833 -0.107589 0.191013 0.0254518 1.08981 0.934439 
0.141175 0.1043 -0.105021 -0.0740382 0.662703 0.64239 
0.239123 0.294818 -0.376852 -0.162781 0.19713 0.307026 
0.304757 0.442298 -0.597863 -0.227985 -0.301845 -0.0744026 
0.327206 0.531989 -0.749932 -0.26094 -0.830771 -0.503768 
0.306471 0.56389 -0.833061 -0.261647 -1.38965 -0.98107 
0.242551 0.538003 -0.847248 -0.230106 -1.97848 -1.50631 
0.141182 0.460323 -0.798505 -0.170158 -2.59255 -2.07478 
0.034009 0.363944 -0.720003 -0.103009 -3.20591 -2.66051 
-0.0741288 0.253924 -0.616813 -0.031898 -3.81457 -3.25952 
-0.183231 0.130264 -0.488936 0.0431732 -4.41855 -3.87183 
-0.293299 -0.00703603 -0.33637 0.122205 -5.01784 -4.49742 
-0.384108 -0.137317 -0.178007 0.191916 -5.5322 -5.05858 
-0.419782 -0.223926 -0.0473561 0.228744 -5.81926 -5.41741 
-0.399629 -0.266156 0.0549347 0.232233 -5.87628 -5.57124 
-0.323648 -0.264008 0.128866 0.202385 -5.70325 -5.52008 
-0.195242 -0.219869 0.175533 0.141147 -5.3159 -5.27751 
-0.0490119 -0.158027 0.206077 0.0683296 -4.87395 -4.98164 
0.106013 -0.0848193 0.223407 -0.0108969 -4.41911 -4.66852 
0.269832 -0.000246347 0.227522 -0.0965326 -3.95136 -4.33815 
0.442445 0.095692 0.218422 -0.188577 -3.47071 -3.99053 
0.623862 0.202878 0.196328 -0.287 -2.97715 -3.62595 
0.814423 0.316664 0.170002 -0.390547 -2.47027 -3.25565 
1.01431 0.434643 0.143978 -0.498569 -1.94983 -2.88547 
1.22351 0.556814 0.118257 -0.611067 -1.41585 -2.51541 
1.44204 0.683179 0.092838 -0.728041 -0.868329 -2.14547 
1.66989 0.813736 0.0677222 -0.84949 -0.307257 -1.77564 
1.89344 0.941311 0.0432431 -0.968316 0.260416 -1.40175 
2.02656 1.02057 0.0215115 -1.03966 0.790817 -0.997301 
2.05416 1.04355 0.00289745 -1.05565 1.27625 -0.557665 
1.97623 1.01027 -0.012599 -1.01629 1.71672 -0.0828384 
1.79279 0.920714 -0.0249779 -0.921583 2.11222 0.427179 
1.52569 0.786024 -0.0341103 -0.782803 2.46518 0.955805 
1.23316 0.635845 -0.0396536 -0.629981 2.78206 1.45888 
0.918356 0.471783 -0.041589 -0.464743 3.06321 1.93402 
0.58128 0.293837 -0.0399166 -0.28709 3.30864 2.38122 
0.22193 0.102007 -0.0346364 -0.0970209 3.51834 2.80047 
-0.156015 -0.101539 -0.0261047 0.103433 3.6937 3.19409 
-0.52168 -0.298608 -0.0173125 0.297234 3.8465 3.58138 
-0.868105 -0.4851 -0.00893397 0.480541 3.97936 3.96669 
-1.19529 -0.661016 -0.000968997 0.653354 4.0923 4.35002 
-1.50324 -0.826355 0.00658237 0.815673 4.18532 4.73138 
-1.79142 -0.980835 0.0137134 0.967218 4.25767 5.10981 
-1.99933 -1.09168 0.0196404 1.0756 4.22475 5.37563 
-2.08558 -1.13649 0.0238276 1.11868 4.02871 5.45385 
-2.05019 -1.11527 0.026275 1.09646 3.66953 5.34446 
-1.89314 -1.028 0.0269826 1.00893 3.14722 5.04747 
-1.62021 -0.87785 0.0260093 0.859223 2.47182 4.57165 
-1.32447 -0.715575 0.024304 0.697735 1.80511 4.0583 
-1.0384 -0.558899 0.022198 0.542057 1.20356 3.55675 
-0.761998 -0.407821 0.0196912 0.392189 0.667172 3.06701 
-0.495271 -0.262343 0.0167836 0.248132 0.195949 2.58906 
-0.238215 -0.122463 0.0134752 0.109886 -0.210111 2.12292 
0.0101768 0.0124919 0.0100106 -0.0233669 -0.569776 1.67665 
0.252499 0.144257 0.00701855 -0.153727 -0.9313 1.27101 
0.488883 0.27292 0.0045307 -0.281302 -1.29712 0.907044 
0.719328 0.39848 0.00254709 -0.40609 -1.66724 0.584754 
0.943834 0.520937 0.00106772 -0.528091 -2.04166 0.30414 
1.1624 0.640292 9.26014e-05 -0.647307 -2.42037 0.0652016 
1.37503 0.756545 -0.00037828 -0.763736 -2.80338 -0.132061 
1.57583 0.866399 -0.000194821 -0.874063 -3.17539 -0.292905 
1.7383 0.955014 0.00131875 -0.963358 -3.46751 -0.440999 
1.85921 1.02059 0.00424439 -1.02981 -3.67139 -0.579214 
1.93857 1.06313 0.00858212 -1.07342 -3.78702 -0.707551 
1.97638 1.08263 0.0143319 -1.09418 -3.81442 -0.826009 
1.97125 1.07834 0.021449 -1.09136 -3.75162 -0.932204 
1.89511 1.03523 0.0290273 -1.04973 -3.55913 -0.97791 
1.73693 0.947355 0.0367104 -0.963344 -3.22142 -0.944167 
1.49671 0.814731 0.0444984 -0.832184 -2.7385 -0.830976 
1.17445 0.637355 0.0523913 -0.656255 -2.11035 -0.638337 
0.805858 0.435067 0.059423 -0.455328 -1.40043 -0.400319 
0.461859 0.247256 0.0636754 -0.268657 -0.734652 -0.184561 
0.144385 0.074996 0.0650961 -0.0973129 -0.11647 0.00709199 
-0.146564 -0.0817121 0.0636853 0.0587043 0.45412 0.174639 
-0.403418 -0.2168 0.0508409 0.195077 0.953012 0.305953 
-0.606632 -0.314604 0.00435711 0.30066 1.31798 0.369727 
-0.755212 -0.374325 -0.0768967 0.374885 1.54585 0.364368 
-0.813357 -0.37912 -0.181512 0.398762 1.57812 0.281228 
-0.693983 -0.288017 -0.281741 0.326097 1.27246 0.0992698 
-0.404884 -0.108018 -0.366329 0.161811 0.653045 -0.164192 
-0.0922115 0.0505279 -0.310446 -0.00675986 0.101451 -0.281289 
0.198986 0.15463 -0.0798692 -0.152934 -0.268207 -0.186658 
0.427211 0.207533 0.217112 -0.260021 -0.465913 0.0198115 
0.572172 0.210824 0.527548 -0.31986 -0.496551 0.289276 
0.643038 0.18366 0.794317 -0.3411 -0.423315 0.551501 
0.654439 0.156601 0.926299 -0.337537 -0.347018 0.694444 
0.606564 0.130043 0.922313 -0.309348 -0.268965 0.716655 
0.509385 0.103776 0.805782 -0.260635 -0.189077 0.639071 
0.385734 0.0773181 0.630319 -0.200789 -0.107178 0.50962 
0.236509 0.0506513 0.39803 -0.130178 -0.0232608 0.330183 
0.0617077 0.0237755 0.108917 -0.0488028 0.0626747 0.100763 
-0.127426 -0.00256645 -0.21486 0.0384758 0.147295 -0.159909 
-0.303778 -0.0265826 -0.519856 0.119934 0.222561 -0.406656 
-0.466153 -0.0481938 -0.803711 0.195054 0.288118 -0.637483 
-0.61455 -0.0674001 -1.06643 0.263836 0.343965 -0.852391 
-0.749004 -0.0842101 -1.30804 0.326295 0.390149 -1.0514 
-0.873278 -0.0995365 -1.53272 0.384043 0.431474 -1.23697 
-0.989897 -0.113992 -1.74327 0.438162 0.471168 -1.41075 
-1.09886 -0.127578 -1.93968 0.488653 0.509229 -1.57274 
-1.20017 -0.140292 -2.12196 0.535515 0.54566 -1.72294 
-1.29383 -0.152136 -2.29011 0.578748 0.580459 -1.86136 
-1.37983 -0.163109 -2.44413 0.618353 0.613626 -1.98798 
-1.45183 -0.172592 -2.57289 0.651636 0.641735 -2.0939 
-1.50149 -0.179766 -2.66173 0.675042 0.660263 -2.16739 
-1.52874 -0.184629 -2.71058 0.688555 0.66919 -2.20839 
-1.53361 -0.187178 -2.71945 0.692175 0.668515 -2.2169 
-1.51608 -0.187416 -2.68832 0.685902 0.658239 -2.19292 
-1.47616 -0.185341 -2.6172 0.669737 0.638361 -2.13644 
-1.41419 -0.180874 -2.5067 0.643744 0.609283 -2.04788 
-1.3306 -0.173918 -2.35755 0.608004 0.571492 -1.92771 
-1.2254 -0.164473 -2.16975 0.562517 0.524989 -1.77595 
-1.09858 -0.152538 -1.94331 0.507284 0.469773 -1.59258 
-0.950137 -0.138113 -1.67822 0.442303 0.405846 -1.37762 
-0.780774 -0.1213 -1.37571 0.367895 0.333488 -1.13207 
-0.608285 -0.104664 -1.06721 0.292223 0.259918 -0.881926 
-0.440465 -0.0893306 -0.766482 0.218865 0.188296 -0.638575 
-0.277316 -0.0752999 -0.473528 0.147821 0.118622 -0.402014 
-0.118836 -0.0625718 -0.188347 0.0790907 0.0508958 -0.172245 
0.0349736 -0.0511461 0.0890605 0.0126738 -0.0148815 0.050734 
0.179211 -0.0404678 0.349734 -0.0501076 -0.0765845 0.259827 
0.307836 -0.029853 0.582634 -0.107625 -0.131594 0.446294 
0.420833 -0.0192998 0.787731 -0.159874 -0.179903 0.610113 
0.517389 -0.00889149 0.963589 -0.206509 -0.221164 0.750104 
0.548543 -0.00364317 1.02367 -0.226788 -0.234467 0.795275 
0.485497 -0.00650435 0.917088 -0.20851 -0.207514 0.703875 
0.329147 -0.0174007 0.645428 -0.152051 -0.140687 0.477198 
0.138885 -0.0313898 0.314651 -0.0824212 -0.0593654 0.201355 
-0.0494301 -0.0454877 -0.0112731 -0.0147195 0.0211272 -0.0716639 
-0.205376 -0.0580387 -0.279032 0.0400799 0.0877853 -0.297753 
-0.270065 -0.0658378 -0.385437 0.0607369 0.115436 -0.39154 
-0.221402 -0.0708724 -0.285453 0.0361595 0.0946352 -0.320987 
-0.0524153 -0.0756475 0.0387229 -0.0388721 0.0224042 -0.0759919 
0.105526 -0.0826562 0.346549 -0.111292 -0.045106 0.152991 
0.127291 -0.125508 0.46582 -0.156239 -0.054409 0.184545 
-0.0886117 -0.234937 0.265161 -0.158366 0.037876 -0.128469 
0.0258325 -0.255601 0.520845 -0.22789 -0.0110416 0.037453 
-0.0079298 -0.415942 0.762865 -0.358391 0.00338951 -0.0114965 
-0.000924852 -0.556118 1.0524 -0.497618 0.000395161 -0.00134225 
-1.89536e-05 -0.702379 1.35109 -0.648737 8.14765e-06 -2.70441e-05 
1.32382e-06 -0.844578 1.64834 -0.803756 -5.32677e-07 2.27293e-06 
3.35921e-07 -0.864652 1.70988 -0.845225 -3.52818e-07 -1.7613e-06 
3.70718e-07 -0.708857 1.41524 -0.706376 -3.70749e-07 -1.75254e-06 
-1.15683e-07 -0.56047 1.12678 -0.56631 1.15655e-07 5.54543e-07 
-2.56221e-09 -0.422806 0.853172 -0.430364 2.56216e-09 1.97556e-08 
5.72717e-09 -0.327615 0.665085 -0.337471 -5.72779e-09 -2.92409e-08 
-1.7491e-09 -0.190136 0.385551 -0.195415 1.74942e-09 1.28135e-08 
-2.55658e-08 -0.158703 0.319876 -0.161172 2.55659e-08 1.41653e-07 
1.04978e-08 -0.224729 0.459243 -0.234514 -1.04979e-08 -5.52738e-08 
3.60838e-08 -0.32657 0.669684 -0.343115 -3.60839e-08 -1.93913e-07 
4.60443e-08 -0.370413 0.760109 -0.389696 -4.60443e-08 -2.47792e-07 
4.50716e-08 -0.336079 0.690016 -0.353937 -4.50716e-08 -2.42787e-07 
3.43695e-08 -0.248518 0.510356 -0.261838 -3.43695e-08 -1.85205e-07 
1.99326e-08 -0.143715 0.295137 -0.151423 -1.99326e-08 -1.07413e-07 
8.96851e-09 -0.0642011 0.131852 -0.0676506 -8.96851e-09 -4.83325e-08 
1.49319e-09 -0.0100729 0.0206952 -0.0106223 -1.49319e-09 -8.05109e-09 
-2.49333e-09 0.01867 -0.0383322 0.0196622 2.49334e-09 1.34315e-08 
-2.99107e-09 0.0220277 -0.0452306 0.023203 2.99107e-09 1.61152e-08 
-1.32349e-23 1.11022e-16 -1.11022e-16 -5.55112e-17 0 5.29396e-23 
0 0 0 0 0 0 
