1.13194 1.5976 -0.119028 -1.47857 -1.13194 3.55271e-15 
1.13148 1.62271 -0.130421 -1.49229 -1.13148 -5.93143e-07 
1.14159 1.64333 -0.166461 -1.47687 -1.14159 -3.09758e-07 
1.15287 1.67903 -0.258811 -1.42022 -1.15287 -1.12277e-07 
1.1608 1.76757 -0.535769 -1.2318 -1.1608 -1.03139e-07 
1.16326 1.86103 -0.770944 -1.09008 -1.16326 4.71813e-09 
1.18221 1.93944 -0.943121 -0.996321 -1.18221 -2.41188e-08 
1.21799 2.04765 -1.18795 -0.859693 -1.21799 3.26988e-09 
1.25392 2.1209 -1.35858 -0.762324 -1.25392 -1.55757e-09 
1.2971 2.1859 -1.51462 -0.671285 -1.2971 -1.45776e-08 
1.38092 2.26702 -1.71977 -0.547245 -1.38092 5.55018e-09 
1.6285 2.36531 -1.99908 -0.366235 -1.6285 -3.01824e-09 
1.99537 2.3885 -2.07548 -0.313017 -1.99537 5.65183e-12 
2.28662 2.36456 -1.99672 -0.367836 -2.28662 1.16398e-08 
2.3989 2.32707 -1.88417 -0.442897 -2.3989 -9.62617e-08 
2.51054 2.21651 -1.59036 -0.626151 -2.51054 -6.85988e-10 
2.62039 2.00254 -1.08512 -0.917416 -2.62039 -2.6877e-08 
2.67012 1.79754 -0.631805 -1.16574 -2.67012 -1.27045e-07 
2.68537 1.66886 -0.354992 -1.31387 -2.68537 2.06865e-08 
2.68946 1.61734 -0.245048 -1.37229 -2.68946 3.55271e-15 
