0 0 0 0 0 0 
-0.00127087 0.029411 -0.0625648 0.0331539 0.00127087 -5.88996e-08 
-0.00385527 0.112185 -0.23815 0.125966 0.00385527 -2.22994e-07 
0.000722235 0.191853 -0.403614 0.211761 -0.000722235 -3.6903e-07 
0.0129202 0.206107 -0.42753 0.221422 -0.0129202 -3.75992e-07 
-0.034814 0.172535 -0.380709 0.208174 0.034814 -3.91612e-07 
-0.0120066 0.184733 -0.394987 0.210255 0.0120066 -3.76732e-07 
0.115752 0.234129 -0.434834 0.200705 -0.115752 -2.56828e-07 
0.210288 0.270526 -0.463233 0.192708 -0.210288 -1.67759e-07 
0.234322 0.279912 -0.470569 0.190657 -0.234322 -1.4536e-07 
0.276734 0.296705 -0.483761 0.187056 -0.276734 -1.06264e-07 
0.363014 0.332671 -0.512697 0.180026 -0.363014 -3.01018e-08 
0.418494 0.365194 -0.542662 0.177468 -0.418494 1.01756e-09 
0.350169 0.360886 -0.542696 0.18181 -0.350169 -1.20207e-07 
0.377183 0.351677 -0.493283 0.141606 -0.377183 -1.30917e-07 
0.477012 0.373368 -0.481959 0.108591 -0.477012 -1.0086e-08 
0.451339 0.428006 -0.58446 0.156454 -0.451339 4.69071e-08 
0.422765 0.456868 -0.620215 0.163347 -0.422765 -7.27365e-08 
0.482111 0.472164 -0.582129 0.109965 -0.482111 -2.33774e-07 
0.486788 0.521193 -0.679303 0.158111 -0.486788 -1.34691e-07 
0.439273 0.532819 -0.703114 0.170295 -0.439273 -1.64295e-07 
0.451471 0.552901 -0.709234 0.156333 -0.451471 -1.29154e-07 
0.516713 0.603436 -0.766785 0.16335 -0.516713 -3.7071e-11 
0.58851 0.666135 -0.830302 0.164167 -0.58851 1.87588e-09 
0.548634 0.668747 -0.818283 0.149537 -0.548634 -2.47867e-09 
0.537107 0.691903 -0.86799 0.176087 -0.537107 2.47497e-08 
0.537645 0.698968 -0.881903 0.182935 -0.537645 2.69535e-08 
0.543922 0.715824 -0.909217 0.193394 -0.543922 1.06361e-08 
0.56783 0.725679 -0.881382 0.155703 -0.56783 -1.51012e-07 
0.546748 0.758746 -0.903622 0.144877 -0.546748 -2.51281e-07 
0.548046 0.787587 -0.932219 0.144633 -0.548046 -9.31051e-08 
0.592765 0.800226 -0.919649 0.119423 -0.592765 -3.58623e-08 
0.588897 0.818252 -0.954704 0.136452 -0.588897 -1.00963e-07 
0.588459 0.83527 -0.98416 0.14889 -0.588459 -1.30619e-07 
0.648594 0.89774 -1.03256 0.134817 -0.648594 -2.34801e-09 
0.766966 1.04194 -1.12846 0.0865151 -0.766966 3.21999e-09 
0.925009 1.27792 -1.21454 -0.0633841 -0.925009 -4.81818e-08 
1.03787 1.47598 -1.18467 -0.291315 -1.03787 4.17175e-11 
1.11509 1.59591 -1.02954 -0.566366 -1.11509 -1.00019e-07 
1.16409 1.61905 -0.775644 -0.843403 -1.16409 -6.42692e-09 
1.18424 1.59136 -0.582449 -1.00891 -1.18424 -1.39135e-07 
1.19302 1.53943 -0.428153 -1.11127 -1.19302 -3.16523e-08 
1.19743 1.48192 -0.3039 -1.17802 -1.19743 1.27476e-08 
1.19876 1.48202 -0.287269 -1.19475 -1.19876 -9.71411e-08 
1.19829 1.53828 -0.361149 -1.17713 -1.19829 -1.28441e-07 
1.19705 1.59007 -0.426292 -1.16378 -1.19705 -4.41857e-08 
1.19975 1.59114 -0.396813 -1.19432 -1.19975 -9.76715e-08 
1.20302 1.56981 -0.334031 -1.23578 -1.20302 -6.70149e-08 
1.20388 1.56222 -0.313385 -1.24883 -1.20388 -5.50982e-08 
1.20575 1.52471 -0.219376 -1.30534 -1.20575 -4.81612e-09 
1.19526 1.48224 -0.134549 -1.34769 -1.19526 -1.55498e-08 
1.17582 1.53032 -0.178834 -1.35149 -1.17582 -3.50257e-08 
1.16434 1.54164 -0.163177 -1.37846 -1.16434 2.27459e-08 
1.15903 1.52382 -0.125508 -1.39831 -1.15903 4.67576e-08 
1.1574 1.51709 -0.112366 -1.40473 -1.1574 5.0626e-08 
1.15184 1.49367 -0.0674027 -1.42627 -1.15184 3.29615e-08 
1.14815 1.50484 -0.0757799 -1.42906 -1.14815 -2.02801e-07 
1.15164 1.5703 -0.170549 -1.39975 -1.15164 -3.47374e-07 
1.14315 1.59232 -0.156839 -1.43548 -1.14315 -5.47572e-07 
1.13194 1.5976 -0.119028 -1.47857 -1.13194 -1.0016e-06 
