-0.0617209 1.41008 -3 1.58992 0.0617209 -2.82521e-06 
-0.0470451 1.34485 -2.85531 1.51046 0.0470451 -2.67461e-06 
0.173091 0.366408 -0.684968 0.318561 -0.173091 -4.15534e-07 
0.322881 -1.78905 3.92858 -2.13953 -0.322881 3.9965e-06 
-1.62972 -1.72892 2.82551 -1.0966 1.62972 5.91233e-07 
3.16234 1.73317 -2.06803 0.334862 -3.16234 1.98232e-06 
2.9919 1.01875 -0.648954 -0.369801 -2.9919 3.07393e-06 
-1.12528 -0.421958 0.34813 0.0738277 1.12528 -1.07985e-06 
-1.8125 -0.695485 0.540924 0.154561 1.8125 -1.71212e-06 
1.43659 0.564077 -0.441629 -0.122448 -1.43659 1.33315e-06 
1.15906 0.492134 -0.39826 -0.0938732 -1.15906 1.0064e-06 
-0.519677 -0.0110749 -0.0750121 0.086087 0.519677 -8.43905e-07 
-3.37865 -0.842347 0.523696 0.318651 3.37865 -4.24843e-06 
3.72431 -0.0572353 1.51488 -1.45764 -3.72431 4.50121e-06 
1.17179 0.768838 -1.2258 0.45696 -1.17179 2.70207e-06 
-2.41016 1.1212 -3.08846 1.96726 2.41016 9.4388e-08 
1.11572 -1.40836 3.65137 -2.243 -1.11572 -5.39373e-06 
2.73114 -0.513167 3.00937 -2.4962 -2.73114 -3.90389e-06 
-2.40903 1.54888 -5.8602 4.31131 2.40903 1.02583e-05 
-0.852134 -1.15953 2.42123 -1.26169 0.852134 -3.84437e-06 
2.64291 0.622606 -0.201475 -0.421132 -2.64291 4.25525e-06 
0.414025 0.149441 -0.503602 0.354161 -0.414025 1.80291e-07 
1.76384 1.56394 -1.58659 0.022653 -1.76384 -6.59832e-06 
-3.59617 -2.03272 3.35729 -1.32458 3.59617 7.47339e-07 
1.8733 1.29122 -2.96993 1.67872 -1.8733 7.68788e-07 
0.157574 -0.611568 1.34054 -0.728973 -0.157574 -7.34815e-07 
0.110539 0.530995 -0.982148 0.451153 -0.110539 -7.57842e-08 
0.606117 -0.24095 1.60808 -1.36713 -0.606117 -4.06252e-06 
-1.10966 0.462483 -0.767468 0.304984 1.10966 2.6164e-07 
1.29613 -0.807058 1.22076 -0.413701 -1.29613 5.6229e-06 
4.88173 -1.46001 5.49281 -4.0328 -4.88173 3.98336e-06 
-0.568654 -0.0168514 -0.346246 0.363097 0.568654 5.34444e-08 
0.140201 -0.663207 1.2703 -0.607094 -0.140201 2.01637e-06 
1.83033 1.08115 -0.141354 -0.939799 -1.83033 8.64516e-06 
-0.149301 2.50262 -3.54809 1.04547 0.149301 -3.61819e-05 
1.5357 2.86002 0.0140788 -2.87419 -1.5357 2.3708e-05 
-1.3476 -1.29715 2.99891 -1.70149 1.3476 0.000190436 
-0.827347 -1.87135 2.99452 -1.12289 0.827347 3.83892e-05 
-0.581518 -2.37472 2.98016 -0.605587 0.581518 0.000209171 
-0.72116 -0.485641 -2.95827 3.44395 0.72116 -3.77705e-06 
-0.43828 -0.590713 -2.23922 2.82995 0.43828 2.40295e-05 
-0.119588 0.711122 -2.08767 1.37655 0.119588 -2.82409e-06 
-0.0804952 1.42155 -2.72394 1.30239 0.0804952 -3.2927e-06 
-0.083758 2.22526 -3.76635 1.54109 0.083758 -1.84896e-06 
0.0115756 -0.501849 1.14548 -0.643632 -0.0115756 1.01469e-05 
0.229563 -2.48349 4.98851 -2.50503 -0.229563 1.9735e-06 
-0.0140025 -0.3652 0.4265 -0.0612997 0.0140025 1.56103e-06 
-0.0772918 0.542026 -1.54794 1.00591 0.0772918 -8.46159e-07 
0.0826637 -0.957579 2.50009 -1.54252 -0.0826637 1.46592e-06 
-0.391692 -0.450631 0.0951562 0.355479 0.391692 -2.01817e-06 
-0.138548 1.94821 -3.00883 1.06061 0.138548 -4.69005e-07 
0.316422 -3.2244 4.25882 -1.03443 -0.316422 1.92743e-06 
0.150386 -0.360951 0.049941 0.311012 -0.150386 -1.225e-06 
0.160195 0.625979 -1.24845 0.622467 -0.160195 -5.53456e-07 
-0.115197 -0.522156 0.982456 -0.460301 0.115197 -1.67841e-07 
0.0303183 0.600273 -0.93565 0.335378 -0.0303183 -4.74534e-06 
0.289618 2.6369 -4.2203 1.5834 -0.289618 -3.40235e-06 
-0.265769 -1.24073 2.82349 -1.58276 0.265769 2.93349e-06 
0.100181 -0.523127 -0.00795869 0.531089 -0.100181 -1.76635e-06 
0.566736 -0.233084 -1.93573 2.16881 -0.566736 2.33769e-05 
