-0 0 -0 0 0 -0 
-0.0120252 0.285776 -0.607758 0.321982 0.0120252 -5.71761e-07 
-0.00603799 0.491491 -1.03793 0.546439 0.00603799 -9.58676e-07 
0.0565527 0.222142 -0.439473 0.217331 -0.0565527 -3.33435e-07 
0.00564723 -0.0894739 0.191225 -0.101751 -0.00564723 1.82184e-07 
-0.303365 -0.114247 0.0888575 0.0253893 0.303365 -2.9055e-07 
0.477609 0.193383 -0.168354 -0.0250284 -0.477609 4.3135e-07 
0.618179 0.236453 -0.185094 -0.0513591 -0.618179 5.85256e-07 
0.28461 0.110709 -0.0864172 -0.0242915 -0.28461 2.66058e-07 
0.0649422 0.0254706 -0.0199335 -0.00553711 -0.0649422 6.03198e-08 
0.34086 0.136464 -0.1077 -0.0287639 -0.34086 3.11414e-07 
0.446891 0.198481 -0.164498 -0.0339828 -0.446891 3.71645e-07 
-0.00115042 0.0904916 -0.107689 0.017197 0.00115042 -1.79597e-07 
-0.46573 -0.117566 0.154519 -0.0369538 0.46573 -7.68031e-07 
0.581268 0.0473003 0.226888 -0.274188 -0.581268 5.40501e-07 
0.273825 0.161207 -0.152191 -0.00901587 -0.273825 5.24219e-07 
-0.400172 0.282866 -0.603615 0.320749 0.400172 -2.02023e-07 
0.136545 0.0446542 0.195168 -0.239822 -0.136545 -9.55589e-07 
0.207994 0.203032 -0.242492 0.0394592 -0.207994 6.02624e-08 
-0.109411 0.185021 -0.428187 0.243166 0.109411 4.32703e-07 
-0.224464 -0.0362408 0.17465 -0.138409 0.224464 -5.17121e-07 
0.243536 0.196293 -0.206714 0.0104209 -0.243536 6.20124e-07 
0.515036 0.399566 -0.460673 0.0611077 -0.515036 6.31609e-07 
0.0509315 0.117569 -0.0347289 -0.0828402 -0.0509315 -2.27413e-07 
-0.170645 0.0709728 -0.156684 0.0857113 0.170645 1.66671e-07 
0.000123923 0.0850903 -0.172336 0.0872457 -0.000123923 4.51685e-08 
0.00575918 0.038426 -0.0732474 0.0348215 -0.00575918 2.68753e-09 
0.0729964 0.102444 -0.111911 0.00946719 -0.0729964 -2.92003e-07 
0.100512 0.0204154 0.292712 -0.313128 -0.100512 -1.12181e-06 
-0.213891 0.256387 -0.431887 0.1755 0.213891 3.5789e-07 
0.370461 0.0185411 0.30657 -0.325111 -0.370461 1.42704e-06 
-0.013252 0.126802 -0.239835 0.113033 0.013252 -5.10236e-07 
-0.00574292 0.0293457 -0.0557111 0.0263653 0.00574292 -8.51682e-08 
0.0441625 0.20198 -0.302817 0.100837 -0.0441625 -5.48748e-08 
0.454799 0.457663 -0.308865 -0.148798 -0.454799 -5.47758e-07 
0.743654 0.98065 -0.547017 -0.433636 -0.743654 5.058e-07 
0.668739 1.12028 -0.160685 -0.959598 -0.668739 -1.36294e-06 
0.452144 0.796184 0.452579 -1.24876 -0.452144 5.23163e-07 
0.311102 0.359075 1.06331 -1.42238 -0.311102 -2.72563e-06 
0.150497 -0.0821262 1.15269 -1.07056 -0.150497 5.99143e-07 
0.0702814 -0.0560146 0.69308 -0.637066 -0.0702814 -4.06467e-08 
0.0298148 -0.363646 0.7974 -0.433754 -0.0298148 4.85478e-07 
0.0142188 -0.173363 0.390393 -0.21703 -0.0142188 -7.76653e-08 
-0.00196308 0.215358 -0.287261 0.0719027 0.00196308 -1.01192e-06 
0.003286 0.200352 -0.186146 -0.0142054 -0.003286 1.3792e-06 
-0.00419133 0.205115 -0.24749 0.042375 0.00419133 -7.40907e-07 
0.0219894 -0.112432 0.366522 -0.254091 -0.0219894 1.17833e-07 
0.00814783 -0.0664844 0.183594 -0.11711 -0.00814783 1.04548e-07 
0.00867641 -0.0833718 0.223563 -0.140192 -0.00867641 1.30136e-07 
-0.00560973 -0.269784 0.623833 -0.354049 0.00560973 2.56095e-07 
-0.0834275 -0.0651423 0.118165 -0.0530223 0.0834275 -2.66031e-07 
-0.076731 0.334031 -0.260653 -0.0733786 0.076731 2.45307e-07 
-0.042704 -0.107312 0.25677 -0.149458 0.042704 2.354e-07 
-0.00910823 -0.0363989 0.0719763 -0.0355774 0.00910823 2.78824e-08 
-0.0183282 -0.0774105 0.149829 -0.0724187 0.0183282 2.93231e-08 
-0.0312835 -0.115962 0.228368 -0.112406 0.0312835 -3.53353e-07 
0.00437722 0.305978 -0.4395 0.133523 -0.00437722 -2.00921e-06 
0.00961257 0.189758 -0.228705 0.038947 -0.00961257 8.56421e-07 
-0.0968433 0.0595456 0.317102 -0.376647 0.0968433 -3.7533e-06 
-2.66005e-16 1.09401e-16 9.08558e-16 -1.01796e-15 2.66005e-16 -1.09722e-20 
