0 0 0 0 0 0 
-0.00464082 0.0390903 -0.0853116 0.0462212 0.00464082 -7.7953e-08 
-0.0110345 0.142786 -0.307801 0.165015 0.0110345 -2.81478e-07 
0.0294547 0.201872 -0.406092 0.20422 -0.0294547 -3.73111e-07 
-0.0968035 0.194058 -0.471413 0.277355 0.0968035 -4.24987e-07 
-0.347401 0.208378 -0.674018 0.465639 0.347401 -4.9188e-07 
-0.328904 0.194475 -0.663401 0.468925 0.328904 -1.72864e-07 
-0.0856079 0.268866 -0.730253 0.461388 0.0856079 4.14309e-07 
0.016758 0.331412 -0.859519 0.528106 -0.016758 6.34869e-07 
0.00141727 0.346288 -0.977825 0.631536 -0.00141727 9.61787e-07 
9.78795e-05 0.36017 -1.11831 0.758137 -9.78795e-05 6.73942e-07 
0.000118161 0.366309 -1.15078 0.784472 -0.000118161 6.2373e-07 
-3.43842e-05 0.329959 -1.12501 0.795055 3.43842e-05 -9.73706e-07 
1.50615e-06 0.361228 -1.23132 0.87009 -1.50615e-06 2.38338e-07 
7.57814e-06 0.457457 -1.45771 1.00026 -7.57814e-06 4.1485e-06 
4.26713e-06 0.48392 -1.52771 1.04379 -4.26713e-06 6.64468e-06 
2.57322e-06 0.478621 -1.52142 1.0428 -2.57322e-06 7.37088e-06 
1.9511e-06 0.474436 -1.5143 1.03987 -1.9511e-06 7.5995e-06 
1.85414e-09 0.452497 -1.47336 1.02086 -1.85414e-09 8.20337e-06 
-2.91241e-06 0.38056 -1.33046 0.949902 2.91241e-06 8.74946e-06 
-5.13847e-06 0.193816 -0.948609 0.754793 5.13847e-06 8.28972e-06 
-4.9736e-06 -0.151869 -0.233884 0.385753 4.9736e-06 6.05383e-06 
-2.53422e-06 -0.576715 0.64825 -0.0715349 2.53422e-06 2.64365e-06 
-5.42987e-08 -0.892015 1.30331 -0.411296 5.42987e-08 3.40473e-08 
9.31984e-07 -1.02575 1.57948 -0.553733 -9.31984e-07 -8.28353e-07 
7.59535e-07 -1.02811 1.58075 -0.552637 -7.59535e-07 -5.11917e-07 
2.51113e-08 -0.941647 1.39534 -0.453697 -2.51114e-08 3.89322e-08 
1.77176e-06 -0.958575 1.41823 -0.459659 -1.77176e-06 -4.3988e-06 
-4.1483e-07 -1.02105 1.52461 -0.503563 4.14834e-07 9.40031e-07 
2.6589e-06 -1.13927 1.7152 -0.575923 -2.65837e-06 -6.49252e-06 
-1.57229e-06 -1.32651 1.98604 -0.659529 2.10165e-06 1.04906e-06 
-7.99676e-05 -1.45888 2.11165 -0.652745 0.00011222 2.8316e-05 
0.000301454 -1.50717 2.14699 -0.639941 -0.000420871 -0.000118054 
0.00408163 -1.56212 2.18329 -0.622764 -0.00569911 -0.00159483 
-0.013647 -1.62536 2.22584 -0.59515 0.019056 0.00532713 
-0.0149612 -1.64162 2.2451 -0.597638 0.0208912 0.00583973 
-0.0133921 -1.64051 2.2434 -0.597662 0.0187002 0.00522715 
-0.00399621 -1.62847 2.22646 -0.596433 0.00558028 0.00155912 
0.0281276 -1.57627 2.15381 -0.588528 -0.0392758 -0.0109811 
0.0622913 -1.52427 2.0776 -0.577641 -0.0869804 -0.0243175 
-0.00493129 -1.67241 2.26743 -0.593101 0.00688596 0.00192428 
-0.170231 -2.01237 2.71489 -0.63607 0.237703 0.0664523 
-0.228794 -2.14038 2.88004 -0.650345 0.319477 0.0893135 
-0.0824015 -1.86272 2.50364 -0.608746 0.115062 0.0321668 
0.237927 -1.23999 1.66669 -0.517649 -0.330268 -0.0909465 
0.620651 -0.488715 0.658994 -0.39021 -0.843955 -0.219932 
0.977513 0.219759 -0.290061 -0.237873 -1.29041 -0.308175 
1.26133 0.792155 -1.05576 -0.07507 -1.6052 -0.338671 
1.4595 1.20124 -1.60199 0.0840919 -1.781 -0.31665 
1.58084 1.46099 -1.94788 0.22668 -1.84504 -0.260213 
1.64478 1.60596 -2.14017 0.341641 -1.8403 -0.192569 
1.68181 1.70013 -2.26417 0.458368 -1.7891 -0.105674 
1.69118 1.75055 -2.32848 0.618803 -1.64967 0.0408796 
1.64336 1.7024 -2.25927 0.830008 -1.36611 0.273135 
1.51629 1.51385 -2.00022 1.09483 -0.899071 0.608462 
1.29757 1.15992 -1.51761 1.4102 -0.231156 1.0525 
0.989883 0.641943 -0.813152 1.76428 0.621378 1.59308 
0.618142 0.000355182 0.0589192 2.13305 1.59329 2.19232 
0.241488 -0.663961 0.962903 2.47283 2.54325 2.77178 
-0.0494786 -1.19381 1.68738 2.72605 3.26396 3.21961 
-0.18116 -1.45728 2.0533 2.84967 3.59117 3.44569 
-0.174638 -1.47727 2.08524 2.85978 3.57779 3.46775 
-0.0872869 -1.33289 1.88043 2.79794 3.36308 3.34549 
-0.00579694 -1.14699 1.59203 2.72784 3.15781 3.17288 
-0.0303037 -1.06954 1.41201 2.72514 3.20621 3.0676 
-0.119977 -1.10302 1.38185 2.77527 3.41483 3.0541 
-0.155642 -1.15464 1.4343 2.81016 3.50129 3.08982 
-0.046998 -1.14696 1.50446 2.77673 3.25091 3.13423 
0.253777 -1.03356 1.54796 2.64535 2.54972 3.15975 
0.675986 -0.846664 1.56305 2.44962 1.565 3.166 
1.12242 -0.638464 1.56193 2.23795 0.526879 3.16141 
1.52263 -0.447096 1.55391 2.04557 -0.398087 3.15239 
1.88446 -0.271624 1.54433 1.86922 -1.22238 3.14192 
2.11368 -0.15973 1.54171 1.75324 -1.71176 3.13522 
2.10261 -0.165005 1.55182 1.7495 -1.61283 3.13631 
1.93261 -0.24994 1.57068 1.8215 -1.13574 3.14224 
1.85891 -0.289821 1.58626 1.84837 -0.895834 3.14482 
2.1022 -0.156819 1.5881 1.70817 -1.31424 3.13945 
2.3295 -0.0255152 1.57385 1.58654 -1.69288 3.13487 
2.09845 -0.149414 1.56181 1.72812 -1.18388 3.14052 
1.66553 -0.386655 1.55257 1.98441 -0.285319 3.15032 
1.2012 -0.641902 1.54523 2.25583 0.668848 3.15916 
0.824612 -0.848922 1.54005 2.47313 1.4406 3.16425 
0.568946 -0.98931 1.53678 2.61847 1.9644 3.16593 
0.425148 -1.06815 1.535 2.69897 2.25923 3.16582 
0.373685 -1.09633 1.53438 2.72745 2.36483 3.16551 
0.340258 -1.11462 1.53398 2.74584 2.43346 3.1652 
0.232199 -1.17364 1.53269 2.80443 2.65561 3.16348 
0.0881322 -1.25187 1.53099 2.87878 2.95323 3.1579 
6.59079e-05 -1.29808 1.52992 2.91144 3.14062 3.14328 
0.125394 -1.22467 1.5308 2.80638 2.9009 3.11251 
0.564644 -0.976306 1.53229 2.51562 2.03588 3.07161 
1.25436 -0.589913 1.52838 2.11252 0.682965 3.051 
1.91983 -0.220379 1.51115 1.80308 -0.596257 3.09385 
2.32892 0.00198365 1.47423 1.75546 -1.32627 3.23167 
2.44138 0.0582898 1.43007 1.91615 -1.45118 3.4045 
2.37248 0.0198094 1.40616 2.05379 -1.25482 3.47976 
2.23764 -0.0426263 1.42789 1.94945 -1.0171 3.33471 
2.13992 -0.0660406 1.51694 1.4136 -0.986076 2.8645 
2.1148 -0.0334273 1.66384 0.484269 -1.21454 2.11468 
2.13656 0.0306598 1.83107 -0.595494 -1.5789 1.26623 
2.17921 0.102119 1.98332 -1.59592 -1.95925 0.489519 
2.22575 0.16808 2.10324 -2.41284 -2.28975 -0.141516 
2.24967 0.197672 2.12775 -2.6572 -2.39972 -0.331774 
2.2484 0.188577 2.05324 -2.30613 -2.27749 -0.0643144 
2.25651 0.192807 1.99832 -2.10189 -2.21615 0.0892342 
2.29115 0.23322 1.98289 -2.24026 -2.30208 -0.0241564 
2.39679 0.364119 1.79221 -2.15645 -2.39685 -0.000123189 
2.54493 0.627463 1.37092 -1.99839 -2.54493 1.01538e-08 
2.63338 0.902028 0.875659 -1.77769 -2.63338 -8.65241e-09 
2.66132 1.05282 0.585466 -1.63829 -2.66132 -1.19852e-07 
2.67344 1.16043 0.369854 -1.53029 -2.67344 1.42376e-08 
2.67709 1.21228 0.262421 -1.4747 -2.67709 1.88866e-08 
2.67917 1.24307 0.200188 -1.44326 -2.67917 1.15162e-08 
2.68134 1.26736 0.167275 -1.43463 -2.68134 -2.58712e-08 
2.68032 1.23208 0.2924 -1.52448 -2.68032 -1.06414e-07 
2.67991 1.22422 0.384236 -1.60846 -2.67991 -6.3933e-08 
2.68109 1.24487 0.373864 -1.61873 -2.68109 -8.35668e-08 
2.68695 1.33755 0.237666 -1.57522 -2.68695 -6.03953e-08 
2.68946 1.37686 0.177565 -1.55443 -2.68946 -4.71216e-08 
