-3.24727 -4 -0.827638 4.82764 3.24727 -7.94872e-08 
-3.24583 -3.9983 -0.827235 4.82553 3.24583 -7.9326e-08 
-3.22432 -3.97274 -0.821184 4.79392 3.22432 -7.69084e-08 
-3.13108 -3.86199 -0.794961 4.65695 3.13108 -6.6432e-08 
-2.88004 -3.56383 -0.724363 4.28819 2.88004 -3.82262e-08 
-2.35072 -2.93513 -0.575502 3.51063 2.35072 2.12476e-08 
-1.38819 -1.79189 -0.304809 2.0967 1.38819 1.29397e-07 
1.54797 1.80467 0.455632 -2.2603 -1.54797 2.41596e-07 
2.42334 2.84439 0.701813 -3.5462 -2.42334 3.39951e-07 
3.53289 4.17036 1.009 -5.17937 -3.53289 4.48448e-07 
4.36395 5.17703 1.23101 -6.40803 -4.36395 5.02768e-07 
3.58207 4.41402 0.912004 -5.32602 -3.58207 8.44633e-08 
3.60698 4.57579 0.839929 -5.41572 -3.60698 -1.76397e-07 
3.00169 5.0384 -0.0371684 -5.00123 -3.00169 -2.60117e-06 
-3.08978 -1.31719 -2.27648 3.59367 3.08978 -5.03998e-06 
-3.49727 -2.96955 -2.34563 5.31518 3.49727 -3.91192e-06 
0.153404 -1.17231 -0.944657 2.11696 -0.153404 -4.63321e-07 
2.96911 0.225363 0.578111 -0.803474 -2.96911 2.96841e-06 
3.95974 0.998814 1.23086 -2.22967 -3.95974 4.11919e-06 
2.56919 0.727008 1.16949 -1.8965 -2.56919 3.37684e-06 
0.231797 -0.00825702 0.756539 -0.748282 -0.231797 1.77269e-06 
2.81376 0.986595 0.128118 -1.11471 -2.81376 1.93895e-06 
1.57241 0.582891 0.317771 -0.900663 -1.57241 2.47654e-06 
-4.23635 -1.3965 0.442117 0.954379 4.23635 7.79842e-07 
-5.65925 -1.84434 0.174318 1.67002 5.65925 -3.45668e-07 
-3.83555 -1.09612 0.134574 0.961544 3.83555 1.23738e-06 
-4.59469 -1.36014 0.181671 1.17847 4.59469 -9.90129e-07 
-1.26938 -0.334016 0.128728 0.205289 1.26938 -5.75117e-06 
3.73526 1.16967 -0.0680647 -1.1016 -3.73526 -5.45792e-06 
4.01048 1.34283 -0.165798 -1.17703 -4.01048 1.39533e-06 
3.98497 1.4169 -0.234089 -1.18281 -3.98497 7.00706e-06 
3.27718 2.09797 -1.34051 -0.757459 -3.27718 4.62675e-06 
-4.51411 -0.121915 -2.8129 2.93482 4.51411 -3.58611e-06 
-2.68426 1.62899 -4.08914 2.46015 2.68426 -3.34365e-06 
-0.565049 1.40459 -2.61741 1.21282 0.565049 -2.96541e-06 
0.775337 -1.6799 3.83814 -2.15824 -0.775337 2.92821e-07 
-1.68 -2.0645 4.03049 -1.96599 1.68 5.84955e-07 
-1.67099 -0.45162 3.40687 -2.95525 1.67099 3.85739e-06 
3.65104 -1.27489 -1.97784 3.25273 -3.65104 2.8233e-06 
4.1443 2.9058 -3.19796 0.292166 -4.1443 -1.21467e-06 
-1.89238 0.762253 1.42849 -2.19075 1.89238 -8.69239e-06 
0.5879 0.563359 -0.279535 -0.283819 -0.5879 2.02191e-05 
-3.89618 -4.58231 3.05485 1.52747 3.89618 -4.75696e-06 
-0.412468 0.174037 0.710784 -0.884831 0.412468 -5.70488e-07 
0.428382 1.37194 0.568706 -1.94054 -0.428382 -5.99894e-05 
0.401304 1.17776 0.864982 -2.04277 -0.401304 2.24822e-06 
-0.457786 -0.595316 0.436048 0.159264 0.457786 -7.97146e-06 
1.68374 2.8208 -0.0986899 -2.72213 -1.68374 1.73752e-05 
2.63884 4.32085 -0.101124 -4.21967 -2.63884 -3.73837e-05 
2.17301 3.76187 2.68984 -6.45158 -2.17301 -6.68684e-05 
-0.688288 -1.75257 3.96861 -2.21624 0.688288 3.80133e-05 
-0.808408 -2.72169 3.98122 -1.25968 0.808408 -1.08539e-05 
-0.745067 -3.17824 3.95311 -0.774897 0.745067 0.000225641 
-0.665633 -3.60204 3.95317 -0.351069 0.665633 -3.2695e-05 
-1.31788 -0.69501 -3.57862 4.27358 1.31788 -8.97558e-05 
0.233575 -3.33379 -3.86171 7.19556 -0.233575 5.62482e-05 
-1.0239 3.19868 -1.24346 -1.95524 1.0239 -1.80377e-05 
-0.336066 1.49336 -2.9532 1.45983 0.336066 -3.36865e-06 
0.0149146 0.7089 -4.50666 3.79777 -0.0149146 3.74632e-06 
-0.255491 1.17996 -3.65118 2.47123 0.255491 5.80355e-06 
-0.252936 1.24176 -3.11398 1.87223 0.252936 4.26789e-06 
-0.0390346 -0.162338 4.38399 -4.22166 0.0390346 -7.77016e-06 
1.14258 -3.27524 -0.252358 3.5276 -1.14258 -1.63326e-06 
1.11935 -3.05462 -2.70477 5.7594 -1.11935 2.79561e-06 
