-0.0583314 1.33264 -2.83525 1.50261 0.0583314 -2.67006e-06 
0.260767 -0.0856601 0.310775 -0.225115 -0.260767 6.04583e-07 
-2.67261 -0.516545 -0.248856 0.765401 2.67261 -3.50526e-06 
0.537409 0.143459 -0.0243987 -0.11906 -0.537409 6.28991e-07 
0.875473 0.386179 -0.312847 -0.0733321 -0.875473 7.33421e-07 
-6.01414 -2.20554 2.25048 -0.0449345 6.01414 -7.27805e-06 
-2.26756 -0.0216942 -1.05807 1.07977 2.26756 -1.88598e-06 
2.26129 -0.654236 2.08912 -1.43488 -2.26129 4.68677e-07 
-0.821572 -2.78545 6.59006 -3.8046 0.821572 -1.03723e-05 
-0.478959 -0.108462 0.412586 -0.304121 0.478959 -1.25749e-05 
1.86383 0.204389 0.254686 -0.459074 -1.86383 -3.01806e-06 
0.547113 -0.501614 0.3054 0.196215 -0.547113 3.86681e-06 
4.00042 -1.06634 4.25954 -3.1932 -4.00042 3.95747e-06 
0.150455 -0.609763 1.05781 -0.448042 -0.150455 2.61335e-06 
0.184831 -0.483037 1.93229 -1.44926 -0.184831 1.86142e-05 
0.233604 -0.864942 2.0002 -1.13525 -0.233604 1.28674e-06 
-0.516281 1.1717 -1.53509 0.363388 0.516281 -3.65552e-06 
-0.141245 0.166882 -1.02907 0.86219 0.141245 -7.06615e-07 
-0.413065 1.64386 -3.87397 2.23011 0.413065 -2.69437e-06 
-0.564634 1.32631 -2.7795 1.45319 0.564634 2.46226e-05 
-1.94674 -2.90316 2.65284 0.250176 1.94674 -0.00101298 
-0.292612 0.353026 -1.13154 0.778516 0.292612 5.04968e-05 
0.464592 -0.185244 2.6398 -2.45457 -0.464592 -7.26132e-05 
-1.58683 -1.46662 -0.788264 2.25488 1.58683 5.32419e-05 
1.33007 1.39439 -0.420712 -0.973675 -1.33007 1.8647e-06 
0.388648 0.33837 0.15934 -0.49771 -0.388648 -2.59247e-07 
3.81221 3.65264 0.205174 -3.85782 -3.81221 5.92862e-06 
-3.56719 -3.44042 -0.135113 3.57553 3.56719 -2.18926e-06 
-1.1096 -1.07616 -0.0296626 1.10582 1.1096 -8.34276e-07 
1.32133 1.29445 -0.0319873 -1.26246 -1.32133 -2.06437e-07 
1.64579 1.62278 -0.0516699 -1.57111 -1.64579 5.21394e-09 
-0.782371 -0.774394 0.0297688 0.744625 0.782371 -2.27945e-08 
-0.741788 -0.736776 0.0329139 0.703862 0.741788 -3.33266e-08 
-0.548398 -0.554437 0.0428903 0.511547 0.548398 -5.04415e-08 
0.0273194 -0.00602696 0.0635063 -0.0574793 -0.0273194 -4.14447e-08 
1.36058 1.2703 0.100988 -1.37129 -1.36058 4.71117e-08 
2.95745 2.80982 0.125676 -2.93549 -2.95745 1.65052e-07 
2.57484 2.48256 0.0388071 -2.52136 -2.57484 5.07203e-08 
0.179117 0.265748 -0.178067 -0.087681 -0.179117 -2.83851e-07 
-4.62573 -4.21855 -0.534094 4.75264 4.62573 -8.85858e-07 
-3.04071 -2.89006 -0.0485352 2.9386 3.04071 -3.44136e-07 
1.59506 1.13346 1.02197 -2.15543 -1.59506 9.19516e-07 
1.87371 1.67533 -0.085611 -1.58972 -1.87371 1.67219e-06 
7.32211 6.39558 3.25832 -9.6539 -7.32211 5.95174e-06 
-3.74555 -3.72254 -0.399346 4.12188 3.74555 -3.98399e-06 
-1.06162 -1.03768 -0.162204 1.19988 1.06162 -1.06087e-06 
1.40434 1.50204 -0.161498 -1.34054 -1.40434 4.52543e-09 
1.86016 1.96833 -0.146127 -1.8222 -1.86016 3.24305e-07 
-1.61658 -1.70852 0.119235 1.58929 1.61658 -3.30033e-07 
-1.50193 -1.58527 0.0943121 1.49096 1.50193 -4.81655e-07 
-0.102267 -0.128614 0.0217487 0.106865 0.102267 -4.65066e-07 
1.88595 1.831 0.0885044 -1.9195 -1.88595 -1.22806e-06 
-1.1853 -1.22856 0.0235211 1.20504 1.1853 4.63455e-06 
-0.444614 -0.296438 -0.24889 0.545327 0.444614 -1.55519e-06 
-0.330679 -2.66242 3.59284 -0.930416 0.330679 4.28035e-06 
-0.0377799 0.393956 -0.511463 0.117507 0.0377799 -4.4712e-07 
0.00685386 -0.626644 1.30048 -0.673838 -0.00685386 1.38103e-06 
-0.00264793 -0.782115 1.35906 -0.576949 0.00264793 3.43745e-07 
0.0574067 1.08333 -2.23261 1.14929 -0.0574067 1.74164e-06 
0.7958 0.372605 2.26328 -2.63588 -0.7958 -9.92489e-06 
