-0 0 -0 0 0 -0 
0.00252923 0.483409 -1.01663 0.533218 -0.00252923 -9.28647e-07 
-0.182578 -0.1638 0.253602 -0.089802 0.182578 8.54938e-09 
0.510535 0.198489 -0.162439 -0.0360502 -0.510535 4.76974e-07 
0.570998 0.223071 -0.174346 -0.0487254 -0.570998 5.31989e-07 
-0.467552 -0.0178621 -0.0311382 0.0490004 0.467552 -8.13055e-07 
0.283152 0.103844 -0.0471279 -0.0567164 -0.283152 4.25081e-07 
0.176508 0.040511 0.239884 -0.280395 -0.176508 -1.04217e-06 
-0.232022 0.118696 -0.283389 0.164693 0.232022 8.64363e-08 
0.607051 0.470653 -0.542972 0.0723193 -0.607051 7.58139e-07 
-0.0446328 0.254786 -0.53816 0.283374 0.0446328 2.31367e-07 
-0.17345 0.19891 -0.324079 0.125168 0.17345 1.2941e-07 
0.328269 0.00555182 0.298417 -0.303968 -0.328269 1.17157e-06 
-0.00327846 0.0133717 -0.0230547 0.00968297 0.00327846 -5.78435e-08 
0.12247 -0.0392832 0.512239 -0.472956 -0.12247 3.63804e-07 
0.153934 0.00836002 0.114613 -0.122973 -0.153934 5.17965e-08 
0.0474012 0.0406664 0.0359634 -0.0766298 -0.0474012 -1.45194e-07 
0.0324416 -0.0175521 0.152686 -0.135134 -0.0324416 2.97869e-07 
-0.0134545 0.192653 -0.309694 0.117041 0.0134545 9.09008e-07 
0.182963 0.260687 -0.178551 -0.0821347 -0.182963 5.20413e-06 
0.558383 0.86513 -0.0475775 -0.817553 -0.558383 -2.76056e-06 
-0.0230149 0.285397 -0.394765 0.109368 0.0230149 1.9591e-07 
0.228405 0.276171 0.465299 -0.74147 -0.228405 -4.23161e-07 
0.357775 0.287249 0.321188 -0.608437 -0.357775 1.11956e-07 
-0.131646 -0.144201 0.0664947 0.0777058 0.131646 -2.91422e-07 
-0.00649885 -0.0179598 0.047272 -0.0293122 0.00649885 -1.65655e-07 
1.22748 1.16176 0.129639 -1.2914 -1.22748 9.53975e-07 
-0.4546 -0.467056 0.0828601 0.384196 0.4546 8.36309e-07 
-1.58615 -1.56308 0.056455 1.50663 1.58615 2.39209e-07 
-1.40874 -1.38833 0.0437083 1.34462 1.40874 2.21909e-08 
-0.685713 -0.677777 0.0244094 0.653367 0.685713 -1.41095e-08 
-0.0271972 -0.0269196 0.00103435 0.0258853 0.0271972 -7.90948e-10 
-0.381624 -0.378137 0.015259 0.362878 0.381624 -1.30941e-08 
-0.688157 -0.684476 0.0324073 0.652068 0.688157 -3.26247e-08 
-0.829085 -0.833634 0.0564119 0.777222 0.829085 -5.56799e-08 
-0.547356 -0.578932 0.0935178 0.485415 0.547356 -5.87081e-08 
0.533921 0.442873 0.150126 -0.592999 -0.533921 6.36428e-10 
1.86931 1.71921 0.192038 -1.91125 -1.86931 5.71009e-08 
2.59859 2.44143 0.165967 -2.60739 -2.59859 1.36293e-08 
1.60541 1.56209 -0.000820275 -1.56127 -1.60541 -2.58125e-07 
-0.258697 -0.162035 -0.153961 0.315996 0.258697 -5.64799e-07 
-0.729189 -0.688227 0.0441758 0.644051 0.729189 -4.64566e-07 
0.406815 0.14322 0.699674 -0.842894 -0.406815 9.60956e-08 
0.480721 0.654562 -0.426863 -0.227699 -0.480721 1.34872e-06 
-0.239945 -0.33537 0.254415 0.080955 0.239945 9.05226e-07 
-1.33172 -1.43186 0.172903 1.25895 1.33172 4.70148e-08 
-1.12553 -1.19349 0.0966869 1.0968 1.12553 -1.54844e-07 
-0.337403 -0.356918 0.0261202 0.330797 0.337403 -6.10923e-08 
-0.449667 -0.475479 0.03408 0.441399 0.449667 -8.59172e-08 
-1.18798 -1.25502 0.0844844 1.17053 1.18798 -2.71766e-07 
-1.64191 -1.73729 0.113801 1.62349 1.64191 -5.05387e-07 
-0.968059 -1.05379 0.104555 0.949236 0.968059 -6.74823e-07 
1.22971 1.1752 0.0781653 -1.25336 -1.22971 -1.68292e-07 
-0.317166 -0.399384 0.0843137 0.315071 0.317166 8.8533e-07 
0.180534 -0.0915318 0.344783 -0.253251 -0.180534 -1.92585e-07 
0.00184599 0.286911 -0.622089 0.335179 -0.00184599 -6.16495e-07 
-0.000583661 0.050794 -0.105533 0.0547388 0.000583661 -1.13151e-07 
-0.00332226 0.134567 -0.303999 0.169433 0.00332226 -4.4613e-07 
0.0121516 -0.254811 0.397995 -0.143184 -0.0121516 3.24152e-07 
1.32708e-15 6.21356e-16 3.77425e-15 -4.3956e-15 -1.32708e-15 -1.65508e-20 
