0 0 0 0 0 0 
-0.00393503 0.131467 -0.278792 0.147325 0.00393503 -2.6034e-07 
0.00529203 0.193612 -0.405033 0.211421 -0.00529203 -3.64727e-07 
0.0201175 0.197429 -0.405654 0.208225 -0.0201175 -3.4712e-07 
0.223608 0.275718 -0.467289 0.191571 -0.223608 -1.55327e-07 
0.401995 0.369137 -0.549394 0.180256 -0.401995 -3.61937e-08 
0.464716 0.367765 -0.477989 0.110224 -0.464716 -3.0585e-08 
0.424596 0.457367 -0.617667 0.1603 -0.424596 -8.44448e-08 
0.476043 0.53175 -0.704142 0.172392 -0.476043 -1.14699e-07 
0.51603 0.602906 -0.766175 0.163268 -0.51603 -8.82408e-10 
0.537709 0.684781 -0.853241 0.16846 -0.537709 1.9743e-08 
0.553679 0.751096 -0.890976 0.13988 -0.553679 -2.56931e-07 
0.548132 0.786999 -0.930385 0.143386 -0.548132 -9.77706e-08 
0.590201 0.827994 -0.973186 0.145192 -0.590201 -9.03173e-08 
0.602934 0.845097 -0.940398 0.0953015 -0.602934 -2.57954e-07 
0.625103 0.898617 -0.956584 0.0579672 -0.625103 -1.07489e-10 
0.657382 0.896799 -0.917776 0.0209771 -0.657382 5.68157e-09 
0.632503 0.944478 -0.935128 -0.00934911 -0.632503 -9.11234e-08 
0.639451 0.955969 -0.926441 -0.0295283 -0.639451 7.33954e-08 
0.688783 1.00392 -0.946885 -0.0570397 -0.688783 -5.04452e-07 
0.861768 1.26204 -1.04989 -0.212148 -0.861768 -9.02971e-07 
0.956784 1.4357 -1.04465 -0.391043 -0.956784 -6.26138e-07 
0.994222 1.53864 -1.04478 -0.493852 -0.994222 3.68682e-08 
1.07868 1.60387 -0.798273 -0.805599 -1.07868 -8.62612e-07 
0.997735 1.50812 -0.720227 -0.787895 -0.997735 -7.26929e-07 
0.983757 1.4915 -0.707879 -0.783625 -0.983757 -7.77264e-07 
1.16857 1.66138 -0.667944 -0.993436 -1.16857 -7.25078e-07 
1.4308 1.9027 -0.616706 -1.28599 -1.4308 -1.94898e-07 
0.933823 1.4094 -0.586524 -0.822875 -0.933823 3.08973e-08 
0.201586 0.688218 -0.563389 -0.124829 -0.201586 8.01405e-08 
-0.286249 0.206828 -0.547336 0.340508 0.286249 7.83292e-08 
-0.431757 0.062909 -0.541987 0.479078 0.431757 7.47081e-08 
-0.526651 -0.0310655 -0.538288 0.569354 0.526651 7.16987e-08 
-0.776503 -0.279073 -0.52748 0.806553 0.776503 6.14768e-08 
-1.13618 -0.638472 -0.507378 1.14585 1.13618 4.09863e-08 
-1.47678 -0.986394 -0.473492 1.45989 1.47678 1.30838e-08 
-1.51105 -1.04777 -0.417903 1.46567 1.51105 -2.73791e-09 
-0.950774 -0.544018 -0.337539 0.881557 0.950774 1.25646e-08 
0.120829 0.453636 -0.251226 -0.202409 -0.120829 3.47541e-08 
1.18215 1.46246 -0.206009 -1.25645 -1.18215 -9.58721e-09 
1.46469 1.7618 -0.250214 -1.51158 -1.46469 -2.08726e-07 
1.15535 1.49496 -0.294396 -1.20057 -1.15535 -4.682e-07 
1.06336 1.35455 -0.124 -1.23055 -1.06336 -5.69828e-07 
1.09626 1.39454 -0.166337 -1.2282 -1.09626 -3.60373e-07 
1.40844 1.70151 -0.119355 -1.58216 -1.40844 3.68718e-07 
1.01786 1.26633 -0.0248167 -1.24152 -1.01786 5.48842e-07 
0.408975 0.617446 0.0372689 -0.654714 -0.408975 5.05387e-07 
0.0642709 0.252416 0.0652844 -0.317701 -0.0642709 4.50088e-07 
-0.0291176 0.153647 0.0724364 -0.226084 0.0291176 4.32708e-07 
-0.408149 -0.246919 0.10019 0.146729 0.408149 3.53062e-07 
-1.08433 -0.961508 0.147149 0.81436 1.08433 1.73866e-07 
-1.73005 -1.64952 0.197537 1.45199 1.73005 -9.38738e-08 
-1.65721 -1.60965 0.241072 1.36858 1.65721 -3.95287e-07 
-1.51836 -1.50834 0.286306 1.22203 1.51836 -1.01395e-07 
-1.56522 -1.59371 0.320613 1.2731 1.56522 3.36511e-09 
-1.53987 -1.62416 0.342032 1.28212 1.53987 -6.17296e-08 
-1.54029 -1.53303 0.151141 1.38188 1.54029 -2.5518e-07 
-1.54098 -1.48925 0.0582883 1.43096 1.54098 -3.65356e-07 
-1.54061 -1.5567 0.153427 1.40327 1.54061 -4.0803e-07 
-1.56088 -1.5976 0.119028 1.47857 1.56088 3.55271e-15 
