0 0 -0 0 -0 -0 
-0.000103373 -0.121249 0.257884 -0.136636 0.000103373 1.93616e-07 
-6.98121e-05 0.262325 -1.13242 0.8701 6.98121e-05 -7.6608e-07 
2.85102e-06 -0.226914 0.298278 -0.0713631 -2.85102e-06 -6.82324e-06 
2.91608e-08 -0.616813 1.25324 -0.63643 -2.91608e-08 -6.13337e-08 
2.19865e-06 -0.681796 1.41507 -0.733276 -2.19865e-06 -5.37264e-06 
6.19932e-07 -0.180188 0.374495 -0.194307 -6.19932e-07 -1.51555e-06 
1.83822e-06 -0.542372 1.12678 -0.584405 -1.83822e-06 -4.49565e-06 
-1.19327e-06 0.296682 -0.636806 0.340124 1.19327e-06 2.9189e-06 
-1.95567e-06 -0.133312 0.226943 -0.0936313 1.95566e-06 4.73924e-06 
-4.56896e-05 -0.461563 0.627221 -0.16566 4.56635e-05 0.000110862 
0.00550958 -0.212607 0.177464 0.0329814 -0.00766499 -0.00218407 
-0.0262503 -0.0890441 0.100088 -0.000734503 0.0365329 0.0103378 
-0.0242447 -0.0527743 0.0681253 -0.00582966 0.0337417 0.00954761 
-0.140237 -0.291176 0.382952 -0.036703 0.19517 0.0552255 
-0.214786 -0.448016 0.588998 -0.0566315 0.298921 0.0845827 
0.595929 1.15377 -1.55774 0.169938 -0.829365 -0.234676 
1.21686 2.41804 -3.24341 0.499196 -1.5422 -0.327075 
0.653991 1.41232 -1.87411 0.87065 -0.246171 0.409987 
-0.702178 -1.11757 1.54456 1.241 2.36653 1.67191 
-1.19351 -2.07168 2.81408 1.13464 3.07103 1.87653 
-0.569985 -0.981802 1.30109 0.487904 1.38927 0.794182 
0.814517 1.23652 -1.64272 -0.609523 -1.90935 -0.930538 
-0.815459 -0.489043 0.123675 0.441854 1.39324 -0.463334 
2.66692 1.29292 -0.0839918 -1.22952 -4.57354 1.70164 
0.0232229 -0.0129418 0.0237611 -0.00284206 -3.03722 -3.19755 
-1.22469 -0.607932 0.0261114 0.580776 -0.816063 -3.73634 
-0.611923 -0.306143 0.0159514 0.289233 -0.250834 -1.54957 
-0.0202969 -0.0102449 0.000631994 0.00958087 -0.00846907 -0.0478995 
-0.598207 -0.310179 0.0280014 0.281378 -0.326397 -1.19539 
0.300562 0.11375 0.0414926 -0.154607 0.0433372 0.90941 
2.73196 1.40505 -0.049665 -1.35545 3.08558 0.232575 
0.374535 0.197864 0.0500855 -0.248014 -0.762978 -1.23301 
-1.554 -0.854223 0.0313846 0.823093 2.94414 4.87891 
-1.39576 -0.793004 0.00507496 0.787761 3.33233 4.47941 
-0.472743 -0.315043 0.00871245 0.305619 1.00571 0.446661 
1.52894 0.86575 0.0223731 -0.885587 -3.20176 -1.05173 
2.08925 1.26265 -0.00663269 -1.26209 -4.08168 0.429656 
-0.491272 -0.282202 -0.0306651 0.333264 1.17516 -0.109421 
-0.0666918 0.0909989 -0.418994 -0.0286751 -0.158095 -0.322186 
0.468562 0.055155 0.896125 -0.265684 -0.200151 0.684297 
-0.000909988 -1.01516e-05 -0.00137871 -0.000100941 0.000274697 -0.00146632 
-0.0773354 -0.00750811 -0.135262 0.0278028 0.0317302 -0.114513 
-0.681655 -0.0798245 -1.21601 0.30796 0.298032 -0.987242 
-1.76727 -0.218015 -3.15922 0.829673 0.78249 -2.54773 
-0.808746 -0.119219 -1.45698 0.411529 0.358914 -1.1649 
0.550774 0.0217033 0.980302 -0.208837 -0.244428 0.793325 
0.162937 -0.135776 0.551134 -0.180712 -0.0723099 0.234691 
-5.87766e-07 -1.02368 2.03068 -1.007 5.86118e-07 2.56271e-06 
-3.91376e-22 1.3803e-15 -2.84303e-15 1.46273e-15 3.91376e-22 2.12138e-21 
