0.00128912 1.2528 -2.63295 1.38015 -0.00128912 -2.48241e-06 
0.000302474 -1.00473 2.30291 -1.29817 -0.000302474 -9.22702e-07 
0.00363708 -1.06569 1.70522 -0.639519 -0.00363708 3.51572e-05 
1.86381e-05 -1.13857 2.05275 -0.914181 -1.86381e-05 -4.71398e-05 
1.00121e-05 -1.37036 2.92152 -1.55116 -1.00121e-05 -2.44881e-05 
-1.40619e-06 0.594502 -1.22696 0.632455 1.40619e-06 3.43152e-06 
-1.90352e-06 0.554572 -1.15256 0.597983 1.90352e-06 4.65308e-06 
1.84663e-06 -0.629385 1.30319 -0.673803 -1.84663e-06 -4.5248e-06 
3.67538e-07 1.12577 -2.36619 1.24042 -3.67536e-07 -7.99353e-07 
-6.77881e-05 1.19637 -2.6311 1.43473 6.77882e-05 0.000164399 
-0.00319677 0.737436 -2.31442 1.57837 0.00457348 0.000613955 
0.499036 0.0454549 -2.87719 2.63575 -0.694529 -0.196453 
-0.566397 -1.01826 1.41046 -0.169759 0.788264 0.223046 
-0.0693238 -0.147939 0.192416 -0.0172516 0.0964791 0.0272998 
-0.227555 -0.461614 0.613096 -0.0621172 0.316692 0.0896111 
0.256926 0.496798 -0.670369 0.0726714 -0.357568 -0.101177 
1.49867 2.97046 -3.97734 0.418322 -2.08573 -0.590176 
-0.193479 -0.294351 0.413325 0.358952 0.670185 0.479239 
-1.3563 -2.50144 3.38798 0.519192 2.75845 1.40959 
-1.30584 -2.46018 3.3131 0.208252 2.36723 1.06093 
0.093112 0.10474 -0.179226 -0.473771 -0.631366 -0.559029 
-0.198581 -0.281569 0.269798 0.209838 0.438184 0.153339 
-0.830888 -2.5915 4.29732 0.712552 2.70955 2.99954 
0.958141 1.20271 -1.47888 -0.486136 -2.00764 -0.453044 
4.05413 1.82222 0.274238 -1.95091 -8.5577 1.02012 
-5.00986 -2.39515 0.0131886 2.3539 5.8421 -6.19907 
0.307828 0.153786 -0.00645002 -0.149829 1.2407 2.34791 
0.862867 0.426925 -0.0170306 -0.408653 0.381432 2.41911 
0.641261 0.323668 -0.0199549 -0.302699 0.267503 1.51369 
-0.097016 -0.0788677 0.0376591 0.0415826 -0.312936 0.471555 
2.44057 1.21789 -0.0323518 -1.18345 1.93716 3.32726 
1.52667 0.870185 -0.048231 -0.823885 0.865757 -4.17585 
-2.86426 -1.51981 0.0674475 1.45286 -0.333416 3.39261 
-1.47191 -0.832528 -0.0648212 0.897407 5.61537 7.12497 
1.16661 0.608593 -0.00724358 -0.602156 -2.70368 -5.03845 
1.48299 0.802067 0.0113283 -0.813024 -3.55567 -4.49456 
3.64398 2.26819 0.0236559 -2.28255 -6.9293 2.90848 
-3.76832 -2.21459 -0.116587 2.29311 7.65776 -0.332816 
0.266874 0.119815 0.152714 -0.112337 -0.299556 0.19146 
-2.57326 -1.22428 -1.1251 1.04866 2.87398 -1.61985 
-0.777576 -0.057645 -1.59517 0.431959 0.272296 -1.20769 
0.0795226 0.000837724 0.120345 0.00909554 -0.0239434 0.128215 
-0.266631 -0.0298276 -0.475724 0.116242 0.114486 -0.38868 
-1.41229 -0.173047 -2.524 0.665211 0.628205 -2.0325 
-0.165784 -0.035726 -0.30532 0.108885 0.0783161 -0.23308 
2.25951 0.249061 4.02409 -1.01924 -1.00275 3.25456 
0.711527 0.0714371 1.34463 -0.3914 -0.315769 1.02487 
-2.98057 -0.513604 -4.67279 0.894079 1.32275 -4.29318 
-4.46454e-05 -1.30621 2.84904 -1.54297 4.46127e-05 0.000208382 
-4.12985e-07 1.45651 -3 1.54349 4.12985e-07 2.23851e-06 
