0 0 0 0 0 0 
0.000194776 0.200763 -0.423623 0.22286 -0.000194776 -3.72067e-07 
-6.71532e-07 0.313366 -0.802084 0.488718 6.71532e-07 -5.83207e-07 
7.86044e-08 0.348426 -1.1493 0.800875 -7.86044e-08 -2.4787e-07 
-3.61042e-06 0.350864 -1.27031 0.919442 3.61042e-06 8.77556e-06 
-2.10554e-06 -0.277063 0.0258258 0.251237 2.10554e-06 5.10127e-06 
-9.50197e-07 -0.621005 0.740299 -0.119294 9.50197e-07 2.27745e-06 
-3.67023e-07 -0.791033 1.09364 -0.302609 3.67023e-07 8.51524e-07 
1.11585e-07 -1.01113 1.54418 -0.533048 -1.11585e-07 -3.2355e-07 
2.04541e-06 -0.988056 1.47387 -0.48581 -2.04541e-06 -5.00366e-06 
2.69718e-06 -1.30944 1.9639 -0.654455 -3.34171e-06 -3.2429e-06 
-0.00115645 -1.54754 2.20266 -0.654673 0.00160979 0.00045361 
0.0613676 -1.52727 2.08045 -0.577282 -0.0854062 -0.0241674 
0.0399329 -1.57745 2.14356 -0.581791 -0.0555752 -0.0157264 
-0.0167839 -1.69711 2.29992 -0.596217 0.0233585 0.00660876 
-0.185034 -2.04483 2.75833 -0.640828 0.257515 0.0728658 
-0.103045 -1.90347 2.55899 -0.615047 0.14341 0.0405791 
0.738327 -0.250085 0.336408 -0.340689 -0.992043 -0.255064 
1.55845 1.41932 -1.89545 0.203454 -1.83043 -0.273423 
1.5345 1.53279 -2.01998 1.07335 -0.94975 0.587678 
0.693164 0.105864 -0.0705513 2.0695 1.40844 2.10828 
-0.0871078 -1.25213 1.76117 2.75671 3.35435 3.26415 
-0.0423468 -1.17971 1.62052 2.75135 3.23963 3.18665 
-0.115162 -1.22956 1.62607 2.76483 3.34328 3.08943 
0.343014 -0.99923 1.55255 2.58338 2.5634 3.36925 
1.8955 -0.266425 1.54424 1.86384 -1.2689 3.11824 
1.14874 -0.642526 1.56534 2.22038 -2.59713 -0.100536 
0.380207 -1.02491 1.58289 2.58422 -2.98258 -2.23151 
0.138093 -1.14652 1.58974 2.69859 -3.08156 -2.82482 
-0.145247 -1.29114 1.60038 2.83215 -3.21419 -3.44887 
-0.40525 -1.44157 1.63201 2.95077 -3.44555 -3.73937 
0.843065 -0.82431 1.63223 2.3338 -2.20433 -2.80946 
2.28705 -0.0718656 1.62851 1.58489 -1.30514 -3.68967 
1.75109 -0.365406 1.66956 1.83747 -0.839169 -2.53871 
0.423981 -1.10485 1.68102 2.56553 2.1329 1.87647 
-0.327253 -1.55048 1.68557 3.00622 3.88207 3.79255 
-0.0179286 -1.40745 1.69745 2.85157 3.17909 3.15356 
1.8568 -0.297714 1.71164 1.72886 -0.575256 3.08987 
2.20377 -0.0762589 1.67969 1.53311 -1.16202 3.15419 
2.17751 -0.0724427 1.63189 1.57267 -0.969032 3.13323 
2.29533 -0.0626184 1.91495 1.46453 -1.01046 3.31601 
2.40853 -0.0473956 2.13197 1.39404 -1.06161 3.47796 
2.39037 -0.0488735 2.10096 1.39904 -1.05452 3.45065 
2.14822 -0.0761119 1.67032 1.50383 -0.950203 3.09807 
1.11941 -0.200408 -0.167267 1.98036 -0.496332 1.61292 
-0.0704422 -0.354086 -2.29829 2.55093 0.0312616 -0.101464 
-0.121383 -0.386569 -2.39954 2.6113 0.0538688 -0.174838 
-0.000159924 -0.432001 -2.09222 2.52399 7.09776e-05 -0.00023034 
3.15941e-08 -0.838435 -1.31565 2.15409 -3.15811e-08 -1.67068e-07 
1.28424e-08 -1.26353 -0.454262 1.71779 -1.28424e-08 -9.30577e-08 
