0.00129944 1.26283 -2.65402 1.3912 -0.00129944 -2.5023e-06 
0.00127538 1.24139 -2.60926 1.36787 -0.00127538 -2.45545e-06 
0.000914457 0.919855 -1.9378 1.01795 -0.000914457 -1.75277e-06 
-0.000649536 -0.473481 0.971851 -0.49837 0.000649536 1.29217e-06 
-0.00236654 -2.24459 4.70919 -2.4646 0.00236654 4.57168e-06 
0.000373214 -0.686839 1.59811 -0.911267 -0.000373214 -9.93947e-07 
-7.23177e-05 0.907132 -2.05046 1.14333 7.23177e-05 3.95603e-07 
-0.0047359 0.994175 -2.91387 1.91969 0.0047359 1.05876e-05 
0.0001147 0.122236 -0.520244 0.398009 -0.0001147 -2.25591e-06 
0.00695617 -0.153341 -0.201546 0.354894 -0.00695617 -2.72468e-05 
-0.00628937 0.602994 -3.10994 2.50693 0.00628937 1.36335e-05 
-0.00149199 -0.548531 -1.88108 2.4296 0.00149199 -0.000104728 
-9.8255e-05 -0.232451 2.56824 -2.3358 9.8255e-05 0.000277479 
-9.97113e-05 3.13213 1.27386 -4.40601 9.97113e-05 0.000250795 
-5.19566e-05 1.33586 -2.99414 1.65829 5.19566e-05 0.000129806 
0.000265619 0.906936 -2.92655 2.01962 -0.000265619 -0.000662619 
0.000256873 0.829659 -2.94089 2.11132 -0.000256873 -0.000640614 
-0.000201228 -0.867908 0.586996 0.281341 0.000201228 0.000501894 
7.47334e-05 -1.2001 2.81372 -1.61368 -7.47334e-05 -0.000186438 
9.6609e-06 0.367669 2.23677 -2.60446 -9.6609e-06 -2.37834e-05 
-3.47016e-05 -6.07309 -3.01024 9.0833 3.47016e-05 8.42404e-05 
2.98465e-05 3.15317 2.85832 -6.01147 -2.98465e-05 -7.30414e-05 
-2.77087e-05 -2.57128 -0.950951 3.52223 2.77087e-05 6.73917e-05 
-4.93005e-06 -1.72784 0.0840884 1.64375 4.93005e-06 1.23038e-05 
4.0966e-05 2.597 2.04415 -4.64114 -4.0966e-05 -9.92763e-05 
-2.66038e-05 0.790441 -2.70546 1.91502 2.66038e-05 6.39496e-05 
2.84435e-06 -1.35451 3.07768 -1.72317 -2.84435e-06 -6.69336e-06 
-6.42366e-06 1.56489 -2.52949 0.964594 6.42366e-06 1.54979e-05 
2.79582e-06 0.446401 0.0324169 -0.478818 -2.79582e-06 -6.81941e-06 
-6.84396e-07 0.263056 0.53622 -0.799275 6.84396e-07 1.67542e-06 
8.74212e-07 -0.779904 -0.266084 1.04599 -8.74212e-07 -2.07751e-06 
8.83871e-07 -1.50729 2.92235 -1.41506 -8.83871e-07 -2.29668e-06 
-5.20277e-06 -2.22956 -2.38514 4.61473 5.20277e-06 1.23182e-05 
-1.17259e-05 -1.80403 1.48213 0.321883 1.17259e-05 3.12536e-05 
-2.29274e-05 2.63844 0.108639 -2.74701 2.29274e-05 6.30027e-05 
-2.74663e-06 3.18685 -1.44645 -1.74038 2.74663e-06 7.40298e-06 
-4.11207e-06 -0.152401 -2.59752 2.74992 4.11207e-06 1.21604e-05 
3.31034e-06 0.470277 3.66205 -4.13231 -3.31034e-06 -9.89667e-06 
-3.37914e-06 0.0933373 -3.2592 3.16584 3.37914e-06 1.01696e-05 
1.43495e-06 -0.395872 1.69533 -1.29945 -1.43495e-06 -4.43276e-06 
-6.31457e-06 -0.521343 -1.48296 2.00429 6.31457e-06 1.9603e-05 
2.03041e-06 -1.00794 2.25186 -1.24396 -2.03041e-06 -7.40249e-06 
-1.47506e-05 -1.42556 2.86266 -1.43732 1.47506e-05 5.24647e-05 
3.16411e-05 -1.32357 2.82171 -1.49841 -3.16411e-05 -0.000120683 
-2.5893e-05 -1.25327 2.7677 -1.51443 2.5893e-05 0.000109898 
8.94626e-06 1.48636 -2.84069 1.3545 -8.94626e-06 -4.24452e-05 
-3.0601e-07 1.20162 -2.37814 1.17656 3.0601e-07 1.58362e-06 
9.74741e-07 0.873914 -1.74844 0.874538 -9.74741e-07 -5.32039e-06 
-3.21184e-07 1.38943 -2.8589 1.46947 3.21184e-07 1.73871e-06 
-4.12985e-07 1.45651 -3 1.54349 4.12985e-07 2.23851e-06 
