-0 0 -0 0 0 -0 
-0.00916337 0.225121 -0.478609 0.253488 0.00916337 -4.49886e-07 
0.0073904 0.335937 -0.70367 0.367734 -0.0073904 -6.35858e-07 
0.0360855 -0.0286283 0.078327 -0.0496987 -0.0360855 1.16036e-07 
-0.201193 -0.072281 0.0515861 0.0206949 0.201193 -1.99426e-07 
0.970008 0.370839 -0.291777 -0.0790617 -0.970008 9.18601e-07 
0.474586 0.224903 -0.191873 -0.0330301 -0.474586 3.68211e-07 
-0.327682 -0.0500229 0.0345153 0.0155076 0.327682 -5.23288e-07 
0.407414 0.0185894 0.197498 -0.216088 -0.407414 3.4249e-07 
-0.0508967 0.214105 -0.390299 0.176194 0.0508967 3.27654e-07 
0.0846167 0.0604694 0.137838 -0.198307 -0.0846167 -9.28033e-07 
0.0302463 0.241779 -0.487088 0.245309 -0.0302463 5.28768e-07 
-0.209581 -0.0289854 0.104315 -0.0753295 0.209581 -4.16001e-07 
0.514771 0.395524 -0.459483 0.063958 -0.514771 8.47907e-07 
-0.199334 -0.0275478 0.128898 -0.101351 0.199334 -3.79312e-08 
0.0267666 0.166042 -0.314667 0.148625 -0.0267666 4.79306e-09 
0.123953 0.0135301 0.293637 -0.307167 -0.123953 -1.09824e-06 
0.324288 -0.00871324 0.29664 -0.287927 -0.324288 9.84095e-07 
-0.0450311 0.17779 -0.323281 0.14549 0.0450311 -7.01756e-07 
0.11005 -0.0452623 0.524189 -0.478926 -0.11005 1.17885e-06 
0.105033 0.104452 -0.0955818 -0.00887023 -0.105033 7.84743e-09 
0.280386 0.475207 -0.453953 -0.0212535 -0.280386 -1.80128e-06 
0.0330521 0.357382 -0.489833 0.132452 -0.0330521 3.70524e-07 
0.360036 0.576879 -0.167166 -0.409714 -0.360036 2.98051e-06 
0.430372 0.654054 0.629525 -1.28358 -0.430372 -5.36327e-06 
0.154333 -0.0864972 1.06616 -0.979657 -0.154333 -3.1363e-08 
0.0612605 -0.61827 1.3768 -0.758532 -0.0612605 -1.53243e-09 
0.0311471 -0.0507727 0.47085 -0.420077 -0.0311471 -4.00679e-08 
0.0010222 0.183399 -0.212952 0.0295516 -0.0010222 1.37146e-07 
-0.00140226 0.532469 -0.478026 -0.0544424 0.00140226 -7.41627e-07 
0.00689284 0.30299 -0.405734 0.102744 -0.00689284 -7.52355e-08 
-0.14791 0.0201385 0.269331 -0.289468 0.14791 -9.44279e-06 
0.00295256 -0.0714691 0.147691 -0.0762216 -0.00295256 -1.22598e-07 
0.000520207 -0.0126018 0.0327747 -0.0201729 -0.000520207 1.16723e-07 
0.0169266 -0.421189 0.90231 -0.48112 -0.0169266 2.04528e-09 
0.0108171 -0.323563 0.677043 -0.35348 -0.0108171 -1.14587e-08 
0.0023527 -0.126349 0.251678 -0.125329 -0.0023527 6.924e-09 
1.63529e-05 -0.0199667 0.0372977 -0.017331 -1.63529e-05 3.65966e-09 
-0.00291703 -0.0908751 0.144939 -0.0540634 0.00291703 3.79808e-08 
0.00997054 0.122554 -0.354272 0.231718 -0.00997054 -1.13505e-07 
0.0327251 -0.243405 0.485393 -0.241988 -0.0327251 -1.48706e-07 
0.0915016 -0.0972986 -0.00114281 0.0984417 -0.0915016 -9.24442e-08 
-0.046393 -0.211188 0.455134 -0.243946 0.046393 1.41541e-08 
0.00710046 -0.383324 0.774725 -0.391401 -0.00710046 -4.64966e-08 
0.0989437 -0.191128 0.390479 -0.19935 -0.0989437 1.43159e-06 
0.0178807 -0.0536821 0.109326 -0.0556438 -0.0178807 -2.88193e-07 
0.13782 -0.344241 0.699009 -0.354766 -0.13782 1.20444e-06 
0.281924 0.014508 -0.0204555 0.00594693 -0.281924 8.72899e-07 
0.330811 -0.0569594 0.159006 -0.102047 -0.330811 -9.27609e-08 
0.0756849 -0.0498938 0.053044 -0.00315021 -0.0756849 1.15382e-07 
-0.000373412 -0.141922 0.127319 0.0146037 0.000373412 2.12785e-07 
0.235978 -0.202688 0.406638 -0.203951 -0.235978 2.86941e-07 
1.0148 -0.40462 0.75801 -0.353386 -1.0148 -2.78005e-05 
1.42045 0.116903 -0.21509 0.0981852 -1.42045 -1.99217e-06 
0.393308 0.118431 -0.222575 0.104145 -0.393308 1.63176e-07 
0.34377 0.4851 -0.92902 0.443917 -0.34377 -1.12305e-06 
0.294253 0.773136 -1.53945 0.766316 -0.294253 4.83897e-06 
0.0903611 0.403266 -0.818458 0.415194 -0.0903611 -2.54018e-06 
0.0609398 0.428852 -0.880377 0.451525 -0.0609398 -4.00992e-07 
1.3719e-16 9.92569e-16 -2.03875e-15 1.04618e-15 -1.3719e-16 -1.62895e-21 
