0 0 0 0 0 0 
-0.0016826 0.0393495 -0.0836979 0.0443484 0.0016826 -7.87731e-08 
-0.00376705 0.144227 -0.305576 0.161349 0.00376705 -2.84682e-07 
0.0120804 0.208047 -0.432034 0.223987 -0.0120804 -3.8115e-07 
-0.0375078 0.171543 -0.379967 0.208424 0.0375078 -3.94236e-07 
0.0906314 0.224524 -0.427298 0.202774 -0.0906314 -2.80617e-07 
0.382295 0.341488 -0.520103 0.178615 -0.382295 -1.45429e-08 
0.379764 0.366807 -0.54874 0.181933 -0.379764 -7.28065e-08 
0.361355 0.350658 -0.500159 0.149501 -0.361355 -1.44973e-07 
0.487087 0.391245 -0.508174 0.116929 -0.487087 3.06527e-08 
0.420461 0.455788 -0.623688 0.167899 -0.420461 -5.32137e-08 
0.492146 0.493585 -0.619001 0.125417 -0.492146 -2.00751e-07 
0.447658 0.534137 -0.708443 0.174306 -0.447658 -1.46286e-07 
0.501832 0.591954 -0.753485 0.161531 -0.501832 -2.15785e-08 
0.577832 0.668632 -0.821454 0.152822 -0.577832 -1.17957e-08 
0.537744 0.699521 -0.882958 0.183437 -0.537744 2.71739e-08 
0.564521 0.725161 -0.889749 0.164588 -0.564521 -1.19785e-07 
0.555427 0.786927 -0.923694 0.136767 -0.555427 -7.38846e-08 
0.590956 0.82487 -0.967658 0.142788 -0.590956 -7.73498e-08 
0.608163 0.8431 -0.916861 0.0737608 -0.608163 -2.22595e-07 
0.618174 0.897008 -0.959149 0.0621409 -0.618174 -4.9238e-11 
0.689585 0.935662 -0.943191 0.00752944 -0.689585 -1.99931e-07 
0.794993 1.09088 -1.04642 -0.044461 -0.794993 -5.44957e-08 
0.841179 1.23511 -1.17926 -0.0558508 -0.841179 -3.46036e-08 
1.01432 1.51265 -1.12507 -0.387581 -1.01432 -1.76462e-07 
1.11916 1.60624 -0.767994 -0.838249 -1.11916 7.9799e-09 
1.14852 1.4825 -0.399595 -1.08291 -1.14852 -4.6261e-10 
1.15342 1.49945 -0.367242 -1.13221 -1.15342 -2.12456e-09 
1.16127 1.48964 -0.253683 -1.23596 -1.16127 1.27825e-08 
1.16032 1.60757 -0.392592 -1.21498 -1.16032 -1.95132e-09 
1.16056 1.70709 -0.471558 -1.23553 -1.16056 -8.08976e-08 
1.13613 1.5965 -0.124503 -1.472 -1.13613 -7.06284e-07 
1.13208 1.61993 -0.119257 -1.50067 -1.13208 9.97288e-08 
1.13074 1.6525 -0.195011 -1.45749 -1.13074 -1.79444e-08 
1.13427 1.56646 -0.00915176 -1.55731 -1.13427 3.93903e-09 
1.13943 1.42868 0.2831 -1.71178 -1.13943 -3.01601e-10 
1.14156 1.35257 0.439545 -1.79212 -1.14156 -7.56187e-10 
1.14181 1.32988 0.483588 -1.81346 -1.14181 1.71741e-09 
1.14161 1.31414 0.511314 -1.82546 -1.14161 6.09883e-09 
1.14026 1.31529 0.479457 -1.79475 -1.14026 1.37971e-08 
1.15987 1.31321 0.47888 -1.79209 -1.15987 -1.36078e-07 
1.15748 1.2063 0.638591 -1.84489 -1.15748 8.41157e-09 
1.16874 1.15914 0.709613 -1.86875 -1.16874 4.97083e-08 
1.15418 1.08734 0.859742 -1.94708 -1.15418 -3.80729e-07 
1.20861 1.02114 0.995238 -2.01637 -1.20861 -1.57786e-07 
1.22535 0.963842 1.11212 -2.07596 -1.22535 -4.95691e-08 
1.24337 0.917657 1.20603 -2.12369 -1.24337 -1.79479e-07 
1.28065 0.799579 1.44498 -2.24456 -1.28065 -2.92174e-08 
1.30926 0.766061 1.51456 -2.28062 -1.30926 -1.22715e-07 
1.39476 0.749587 1.54504 -2.29463 -1.39476 -8.89957e-08 
1.40285 0.734721 1.55917 -2.29389 -1.40285 -6.1172e-08 
1.42154 0.66455 1.65779 -2.32235 -1.42154 -2.47828e-07 
1.61322 0.541222 1.89113 -2.43236 -1.61322 2.22096e-07 
2.06095 0.487155 1.99155 -2.4787 -2.06095 4.76203e-09 
2.38989 0.551874 1.87115 -2.42303 -2.38989 -7.57818e-08 
2.46148 0.626055 1.73035 -2.3564 -2.46148 -3.09119e-08 
2.5906 0.869741 1.25343 -2.12318 -2.5906 -4.81142e-08 
2.64778 1.06293 0.864821 -1.92775 -2.64778 -1.90575e-07 
2.66921 1.18219 0.621294 -1.80349 -2.66921 2.5501e-09 
2.68055 1.26353 0.454262 -1.71779 -2.68055 -1.13484e-07 
