-0.0289877 0.662253 -1.40897 0.746719 0.0289877 -1.32688e-06 
-0.0165885 0.607143 -1.28673 0.679585 0.0165885 -1.19964e-06 
0.169398 -0.219514 0.546933 -0.327419 -0.169398 7.08987e-07 
-0.677151 -1.05364 1.87997 -0.826328 0.677151 8.92677e-07 
1.61919 0.870527 -1.0233 0.152777 -1.61919 1.0476e-06 
1.44917 0.546488 -0.357258 -0.18923 -1.44917 1.39085e-06 
-2.62049 -0.748463 0.457549 0.290914 2.62049 -2.95785e-06 
-0.413286 -0.425676 0.689216 -0.26354 0.413286 -4.42213e-07 
1.97043 0.533508 -0.277005 -0.256503 -1.97043 2.80683e-06 
-2.97235 0.362785 -1.87722 1.51443 2.97235 -2.507e-06 
2.80977 -0.814784 3.29547 -2.48069 -2.80977 -2.72988e-06 
-1.35129 0.0614188 -1.10585 1.04443 1.35129 2.00554e-06 
0.439755 -0.251902 1.22799 -0.976083 -0.439755 -9.25838e-07 
0.221064 0.245105 -0.255106 0.0100029 -0.221064 -6.08724e-06 
-0.983203 -0.269543 -0.348827 0.61837 0.983203 1.6052e-06 
0.524317 -0.349314 1.24167 -0.892354 -0.524317 -2.19674e-06 
-0.216487 0.0634078 1.46382 -1.52723 0.216487 -4.94563e-06 
-0.0471312 -0.267903 -0.383634 0.651535 0.0471312 -6.19493e-06 
0.147008 -0.460247 1.63216 -1.17191 -0.147008 -1.66268e-06 
-0.268382 0.170828 -0.400086 0.229257 0.268382 1.57027e-05 
1.71319 -2.85655 7.2585 -4.40195 -1.71319 6.83428e-06 
0.868708 1.24325 -0.646724 -0.596534 -0.868708 1.84928e-05 
-2.18686 1.20665 -4.95478 3.74814 2.18686 -8.73145e-06 
1.72498 2.94845 -0.0728318 -2.87568 -1.72498 -1.85883e-05 
-0.763734 -2.00776 2.95157 -0.943875 0.763734 0.000415378 
-0.710229 -0.259007 -2.29569 2.55469 0.710229 -1.94862e-05 
-0.358051 4.09736 -8.16644 4.06907 0.358051 1.46643e-07 
0.144458 -1.77051 3.95608 -2.18557 -0.144458 8.8447e-08 
-0.172398 1.87893 -4.49622 2.61729 0.172398 -7.55233e-07 
0.0650057 0.0536112 2.26199 -2.31566 -0.0650057 -0.000120109 
0.000668551 -0.146731 0.137929 0.00879527 -0.000668551 7.98949e-06 
1.28816 2.39129 -9.33463 6.94333 -1.28816 3.51219e-05 
-0.0243783 0.591967 -2.50829 1.91633 0.0243783 -2.53863e-05 
0.0721169 -1.74587 3.75949 -2.01362 -0.0721169 1.21165e-07 
0.00833152 -0.33068 0.662819 -0.332139 -0.00833152 -2.13394e-07 
-0.0295072 0.604204 -1.32854 0.724334 0.0295072 5.59016e-08 
-0.0158602 0.454412 -0.955035 0.500623 0.0158602 2.72356e-08 
-0.000649745 0.204506 -0.385593 0.181087 0.000649745 -3.40067e-08 
-0.0293651 0.0900895 -0.437318 0.347229 0.0293651 1.89889e-07 
0.258135 0.299196 -0.327791 0.0285938 -0.258135 -2.07294e-06 
-0.892326 -1.87842 2.74915 -0.870732 0.892326 7.88063e-06 
0.363497 0.986695 -1.4961 0.509408 -0.363497 -2.41788e-06 
-0.16221 0.0610174 0.00998974 -0.0710078 0.16221 -6.01275e-06 
1.38267 -3.21281 6.7554 -3.54259 -1.38267 8.98966e-05 
-0.927939 -1.21217 2.46878 -1.25661 0.927939 -1.94257e-07 
-0.185349 0.59478 -1.21177 0.616988 0.185349 2.57577e-06 
0.424959 -1.32185 2.6677 -1.34585 -0.424959 2.65594e-05 
3.34938 3.14258 -6.35554 3.21297 -3.34938 -7.72424e-06 
1.20711 0.422193 -0.90871 0.486512 -1.20711 2.73084e-06 
-0.769456 0.102112 -0.185703 0.0835934 0.769456 -4.38347e-07 
-0.877487 -1.27964 1.09057 0.189069 0.877487 9.67581e-07 
-0.918363 -1.23306 0.784515 0.448533 0.918363 2.91007e-05 
2.89867 0.725313 -1.45186 0.726758 -2.89867 0.000630745 
-1.37013 1.36306 -2.51726 1.15438 1.37013 -0.00020216 
-5.17164 -0.639049 1.18777 -0.548753 5.17164 2.51863e-06 
0.167164 1.52531 -3.01561 1.49022 -0.167164 1.32465e-05 
-1.11906 -1.36906 2.58686 -1.21791 1.11906 -0.000127753 
-0.424791 -1.97225 4.01026 -2.03802 0.424791 3.92964e-05 
-0.0954823 -0.516578 1.05398 -0.537402 0.0954823 -3.53218e-06 
-0.196488 -1.42159 2.91995 -1.49837 0.196488 2.33303e-06 
