1.13194 1.5976 -0.119028 -1.47857 -1.13194 3.55271e-15 
0.915588 1.31833 -0.166536 -1.1518 -0.915588 2.01602e-08 
0.345474 0.593772 -0.298506 -0.295267 -0.345474 5.06704e-08 
-0.0804065 0.115287 -0.435164 0.319877 0.0804065 -5.26686e-08 
-0.062767 0.212908 -0.547263 0.334355 0.062767 -3.29611e-07 
0.38712 0.425618 -0.620262 0.194643 -0.38712 -3.00795e-07 
0.495003 0.457893 -0.629996 0.172103 -0.495003 -5.76949e-08 
0.371099 0.45384 -0.617633 0.163793 -0.371099 -1.02428e-07 
0.543706 0.611372 -0.735326 0.123954 -0.543706 2.00534e-08 
0.555342 0.823225 -0.971896 0.148672 -0.555342 -4.00169e-08 
0.644316 0.919389 -0.938968 0.0195796 -0.644316 -1.95357e-07 
0.775508 1.09444 -1.02169 -0.0727537 -0.775508 -3.89465e-08 
0.907372 1.2974 -1.06898 -0.228417 -0.907372 3.81792e-10 
0.963234 1.42229 -1.08914 -0.333151 -0.963234 -1.23287e-08 
1.00789 1.53259 -1.08055 -0.452045 -1.00789 -1.99695e-07 
1.11114 1.58879 -0.655613 -0.933172 -1.11114 -7.55586e-08 
1.13202 1.43677 -0.298879 -1.13789 -1.13202 2.05394e-08 
1.13353 1.49052 -0.364941 -1.12558 -1.13353 -1.85858e-07 
1.12324 1.63416 -0.344268 -1.28989 -1.12324 -4.00427e-09 
1.13194 1.5976 -0.119028 -1.47857 -1.13194 3.55271e-15 
