-2.32244 -3 -0.508644 3.50864 2.32244 2.20823e-07 
-2.16413 -2.76246 -0.493736 3.2562 2.16413 1.39873e-07 
1.03794 1.65739 0.0378919 -1.69529 -1.03794 -7.30283e-07 
2.39074 3.26359 0.21144 -3.47503 -2.39074 -9.43892e-07 
3.0888 0.637199 0.196421 -0.833621 -3.0888 1.99463e-06 
-3.5928 -1.13145 0.421449 0.710005 3.5928 -2.89357e-07 
-3.71461 -0.631698 0.297582 0.334117 3.71461 -1.31217e-06 
2.91412 1.14235 -0.15593 -0.986417 -2.91412 5.11834e-06 
-1.385 1.06194 -2.50066 1.43872 1.385 -2.91734e-06 
3.63272 -1.59535 1.66263 -0.0672875 -3.63272 -8.30778e-06 
-0.962487 0.104866 -2.70593 2.60107 0.962487 -2.21306e-06 
0.965049 1.46755 -0.967663 -0.499866 -0.965049 -3.10167e-05 
1.71658 2.51286 0.400159 -2.91308 -1.71658 -3.25082e-06 
-0.145691 0.211862 -0.532851 0.320996 0.145691 -1.49404e-05 
0.730865 0.712425 2.86775 -3.58015 -0.730865 -2.96466e-05 
-0.828253 -3.0703 -2.48477 5.55508 0.828253 -2.04536e-05 
-0.129588 1.70129 -3.35309 1.6518 0.129588 -2.50615e-06 
0.0519389 -1.11704 2.82253 -1.70549 -0.0519389 1.69334e-05 
0.386552 -2.91892 3.34609 -0.427171 -0.386552 1.69071e-06 
-0.147636 0.779525 -3 2.22047 0.147636 -2.54248e-07 
