-2.43545 -3 -0.620729 3.62073 2.43545 -5.96154e-08 
-2.30549 -2.84563 -0.584179 3.42981 2.30549 -4.50127e-08 
0.944833 1.09678 0.280938 -1.37772 -0.944833 1.56911e-07 
3.30131 3.91023 0.934943 -4.84517 -3.30131 3.92652e-07 
1.50003 3.24445 -0.453285 -2.79116 -1.50003 -2.74923e-06 
1.55357 -0.25072 0.0909907 0.159729 -1.55357 1.52389e-06 
0.319134 0.0394229 0.595745 -0.635168 -0.319134 1.43831e-06 
-3.53271 -1.15958 0.280931 0.878646 3.53271 3.82188e-07 
-2.6527 -0.779196 0.128198 0.650998 2.6527 -2.31159e-06 
2.99552 1.05584 -0.168175 -0.887669 -2.99552 4.6362e-06 
-2.00442 1.21887 -3.06923 1.85036 2.00442 -2.62876e-06 
-2.55072 -0.242535 2.90669 -2.66416 2.55072 -4.066e-07 
-0.837772 1.05286 0.376375 -1.42925 0.837772 -3.78064e-05 
0.447118 1.02879 -0.0366596 -0.992148 -0.447118 -7.58441e-07 
-2.22122 -3.44253 0.901435 2.54108 2.22122 9.79432e-06 
-0.284048 -0.751246 2.94324 -2.19192 0.284048 -0.000142152 
-0.489061 -2.7191 2.98341 -0.264239 0.489061 -4.257e-05 
-0.571897 2.19418 -2.32176 0.127561 0.571897 -1.1646e-05 
-0.195544 0.988393 -2.94735 1.95896 0.195544 4.29546e-06 
0.839513 -2.29096 -2.02858 4.31955 -0.839513 2.09671e-06 
