-8.65173e-05 -0.0864827 0.182365 -0.0958822 8.65173e-05 -1.63715e-08 
-8.65173e-05 -0.0864826 0.182365 -0.0958822 8.65173e-05 -1.63715e-08 
-8.65164e-05 -0.0864818 0.182363 -0.0958812 8.65164e-05 -1.63708e-08 
-8.65127e-05 -0.086478 0.182355 -0.095877 8.65127e-05 -1.63676e-08 
-8.65027e-05 -0.0864679 0.182334 -0.0958656 8.65027e-05 -1.63593e-08 
-8.64817e-05 -0.0864465 0.182288 -0.0958417 8.64817e-05 -1.63417e-08 
-8.64434e-05 -0.0864077 0.182206 -0.0957982 8.64434e-05 -1.63096e-08 
-8.63803e-05 -0.0863438 0.18207 -0.0957265 8.63803e-05 -1.62569e-08 
-8.62835e-05 -0.0862457 0.181862 -0.0956166 8.62835e-05 -1.61759e-08 
-8.61428e-05 -0.086103 0.18156 -0.0954568 8.61428e-05 -1.60582e-08 
-8.59465e-05 -0.085904 0.181138 -0.0952338 8.59465e-05 -1.5894e-08 
-8.56816e-05 -0.0856355 0.180568 -0.0949329 8.56816e-05 -1.56723e-08 
-8.53336e-05 -0.0852828 0.17982 -0.0945377 8.53336e-05 -1.53812e-08 
-8.48869e-05 -0.08483 0.17886 -0.0940303 8.48869e-05 -1.50076e-08 
-8.43244e-05 -0.0842597 0.177651 -0.0933913 8.43244e-05 -1.45369e-08 
-8.36274e-05 -0.0835533 0.176153 -0.0925996 8.36274e-05 -1.39539e-08 
-8.27762e-05 -0.0826904 0.174323 -0.0916328 8.27762e-05 -1.32418e-08 
-8.17495e-05 -0.0816497 0.172116 -0.0904666 8.17495e-05 -1.23829e-08 
-8.05248e-05 -0.0804082 0.169484 -0.0890754 8.05248e-05 -1.13583e-08 
-7.9078e-05 -0.0789416 0.166374 -0.087432 7.9078e-05 -1.01479e-08 
-7.73837e-05 -0.0772242 0.162732 -0.0855075 7.73837e-05 -8.73057e-09 
-7.54154e-05 -0.075229 0.158501 -0.0832717 7.54154e-05 -7.0839e-09 
-7.31448e-05 -0.0729274 0.15362 -0.0806926 7.31448e-05 -5.18441e-09 
-7.05426e-05 -0.0702896 0.148026 -0.0777368 7.05426e-05 -3.00745e-09 
-6.75779e-05 -0.0672844 0.141654 -0.0743692 6.75779e-05 -5.2725e-10 
-6.42185e-05 -0.063879 0.134432 -0.0705534 6.42185e-05 2.28314e-09 
-6.04308e-05 -0.0600396 0.126291 -0.066251 6.04308e-05 5.45179e-09 
-5.618e-05 -0.0557307 0.117153 -0.0614226 5.618e-05 9.00793e-09 
-5.14297e-05 -0.0509154 0.106942 -0.0560268 5.14297e-05 1.29819e-08 
-4.61422e-05 -0.0455556 0.0955764 -0.0500208 4.61422e-05 1.74053e-08 
-4.02785e-05 -0.0396118 0.082972 -0.0433603 4.02785e-05 2.23108e-08 
-3.37981e-05 -0.0330428 0.0690422 -0.0359994 3.37981e-05 2.77321e-08 
-2.66593e-05 -0.0258065 0.053697 -0.0278906 2.66593e-05 3.37042e-08 
-1.8819e-05 -0.017859 0.0368438 -0.0189848 1.8819e-05 4.02632e-08 
-1.02325e-05 -0.00915514 0.0183868 -0.00923165 1.02325e-05 4.74464e-08 
-8.541e-07 0.000351498 -0.00177265 0.00142116 8.541e-07 5.52922e-08 
9.36361e-06 0.0107089 -0.0237361 0.0130273 -9.36361e-06 6.38401e-08 
2.04692e-05 0.0219663 -0.0476082 0.0256419 -2.04692e-05 7.31307e-08 
3.25127e-05 0.0341744 -0.0734964 0.039322 -3.25127e-05 8.32061e-08 
8.75752e-05 0.0891367 -0.189328 0.100191 -8.75752e-05 9.003e-08 
9.55538e-05 0.0972243 -0.206478 0.109254 -9.55538e-05 9.67047e-08 
0.000103805 0.105588 -0.224215 0.118626 -0.000103805 1.03608e-07 
0.000112334 0.114234 -0.242548 0.128314 -0.000112334 1.10743e-07 
0.000121146 0.123166 -0.261489 0.138323 -0.000121146 1.18114e-07 
0.000130245 0.13239 -0.281048 0.148659 -0.000130245 1.25726e-07 
0.000139636 0.141909 -0.301236 0.159326 -0.000139636 1.33583e-07 
0.000149325 0.151731 -0.322063 0.170332 -0.000149325 1.41689e-07 
0.000159316 0.161859 -0.343539 0.181681 -0.000159316 1.50047e-07 
0.000169615 0.172298 -0.365677 0.193379 -0.000169615 1.58663e-07 
0.000167119 0.169452 -0.359375 0.189923 -0.000167119 1.4203e-07 
0.000159967 0.161766 -0.342709 0.180942 -0.000159967 1.15982e-07 
0.000152377 0.153618 -0.325046 0.171428 -0.000152377 8.87237e-08 
0.000144341 0.144999 -0.306369 0.161371 -0.000144341 6.02325e-08 
0.00013585 0.1359 -0.286659 0.150759 -0.00013585 3.04867e-08 
0.000126897 0.126312 -0.265896 0.139584 -0.000126897 -5.35861e-10 
0.000117471 0.116227 -0.244062 0.127835 -0.000117471 -3.28574e-08 
0.000107567 0.105636 -0.221137 0.115501 -0.000107567 -6.65003e-08 
9.71734e-05 0.0945291 -0.197103 0.102573 -9.71734e-05 -1.01487e-07 
8.1863e-05 0.0780202 -0.16126 0.0832394 -8.1863e-05 -1.59807e-07 
6.74079e-05 0.0630334 -0.129197 0.0661637 -6.74079e-05 -1.87273e-07 
5.36962e-05 0.0488272 -0.0988126 0.0499855 -5.36962e-05 -2.12877e-07 
4.07101e-05 0.0353825 -0.0700653 0.0346828 -4.07101e-05 -2.36668e-07 
2.84315e-05 0.0226807 -0.0429146 0.0202339 -2.84315e-05 -2.58692e-07 
1.68428e-05 0.0107029 -0.0173204 0.00661748 -1.68428e-05 -2.78997e-07 
5.92645e-06 -0.000569098 0.00675688 -0.00618781 -5.92645e-06 -2.97629e-07 
-4.33483e-06 -0.0111537 0.0293566 -0.018203 4.33483e-06 -3.14635e-07 
-1.39582e-05 -0.0210688 0.0505175 -0.0294488 1.39582e-05 -3.30058e-07 
-2.29606e-05 -0.0303324 0.0702782 -0.0399458 2.29606e-05 -3.43945e-07 
-3.13588e-05 -0.0389621 0.0886765 -0.0497144 3.13588e-05 -3.56339e-07 
-3.91695e-05 -0.0469754 0.10575 -0.0587748 3.91695e-05 -3.67285e-07 
-4.64089e-05 -0.0543896 0.121536 -0.0671468 4.64089e-05 -3.76827e-07 
-5.30934e-05 -0.0612217 0.136072 -0.0748501 5.30934e-05 -3.85006e-07 
-5.92391e-05 -0.0674887 0.149393 -0.0819042 5.92391e-05 -3.91866e-07 
-6.48617e-05 -0.0732072 0.161536 -0.0883283 6.48617e-05 -3.97449e-07 
-6.99769e-05 -0.0783939 0.172535 -0.0941415 6.99769e-05 -4.01796e-07 
-7.46003e-05 -0.0830649 0.182427 -0.0993626 7.46003e-05 -4.04949e-07 
-7.47039e-05 -0.0843503 0.184744 -0.100393 7.47039e-05 -3.93385e-07 
-6.404e-05 -0.0777956 0.169446 -0.0916504 6.404e-05 -3.46139e-07 
-5.3988e-05 -0.0715285 0.154846 -0.083317 5.3988e-05 -3.01368e-07 
-4.45301e-05 -0.0655414 0.140924 -0.0753821 4.45301e-05 -2.59002e-07 
-3.56489e-05 -0.0598269 0.127661 -0.0678346 3.56489e-05 -2.18973e-07 
-2.7327e-05 -0.0543773 0.115041 -0.0606638 2.7327e-05 -1.81212e-07 
-1.95473e-05 -0.0491853 0.103044 -0.0538587 1.95473e-05 -1.45653e-07 
-1.22931e-05 -0.0442438 0.0916527 -0.0474089 1.22931e-05 -1.12227e-07 
-5.54768e-06 -0.0395455 0.0808494 -0.0413039 5.54768e-06 -8.08713e-08 
7.05389e-07 -0.0350833 0.0706167 -0.0355334 -7.05389e-07 -5.15194e-08 
6.48229e-06 -0.0308502 0.0609374 -0.0300871 -6.48229e-06 -2.4108e-08 
1.1799e-05 -0.0268395 0.0517946 -0.0249551 -1.1799e-05 1.42592e-09 
1.66713e-05 -0.0230442 0.0431716 -0.0201274 -1.66713e-05 2.51445e-08 
2.11147e-05 -0.0194576 0.0350519 -0.0155942 -2.11147e-05 4.7109e-08 
2.51445e-05 -0.0160732 0.0274192 -0.011346 -2.51445e-05 6.73798e-08 
2.87759e-05 -0.0128845 0.0202576 -0.00737311 -2.87759e-05 8.60165e-08 
3.20237e-05 -0.00988502 0.0135513 -0.0036663 -3.20237e-05 1.03078e-07 
3.49026e-05 -0.00706844 0.00728478 -0.000216326 -3.49026e-05 1.18621e-07 
3.7427e-05 -0.00442853 0.00144264 0.00298591 -3.7427e-05 1.32704e-07 
3.96112e-05 -0.00195917 -0.00399016 0.00594936 -3.96112e-05 1.45382e-07 
4.14691e-05 0.000345682 -0.00902848 0.00868282 -4.14691e-05 1.56711e-07 
4.30146e-05 0.00249198 -0.0136869 0.011195 -4.30146e-05 1.66744e-07 
4.42613e-05 0.00448556 -0.0179799 0.0134944 -4.42613e-05 1.75536e-07 
4.52224e-05 0.0063322 -0.0219215 0.0155894 -4.52224e-05 1.8314e-07 
4.59112e-05 0.00803755 -0.0255258 0.0174883 -4.59112e-05 1.89606e-07 
5.74721e-05 -0.100427 0.199775 -0.0993473 -5.74721e-05 -3.50258e-07 
7.78917e-05 -0.100688 0.196628 -0.0959396 -7.78917e-05 -2.93912e-07 
0.000102295 -0.100116 0.191064 -0.0909475 -0.000102295 -2.2422e-07 
0.000131238 -0.0984719 0.182493 -0.0840215 -0.000131238 -1.38991e-07 
0.000165325 -0.0954944 0.170275 -0.074781 -0.000165325 -3.58399e-08 
0.000205212 -0.0909013 0.153716 -0.0628143 -0.000205212 8.78136e-08 
0.000251602 -0.0843892 0.132068 -0.0476787 -0.000251602 2.34745e-07 
0.000305249 -0.0756332 0.104534 -0.0289003 -0.000305249 4.07924e-07 
0.000366956 -0.0642871 0.0702615 -0.00597419 -0.000366956 6.10515e-07 
0.000437575 -0.0499835 0.0283479 0.0216357 -0.000437575 8.45879e-07 
0.000474731 -0.0424624 0.00464006 0.0378225 -0.000474731 9.93144e-07 
0.000489866 -0.0388582 -0.00836838 0.0472268 -0.000489866 1.08622e-06 
0.00049585 -0.0359618 -0.0190881 0.0550501 -0.00049585 1.16319e-06 
0.00049125 -0.0339014 -0.0270952 0.0609969 -0.00049125 1.22103e-06 
0.000474567 -0.0328111 -0.0319458 0.0647572 -0.000474567 1.25662e-06 
0.000444236 -0.0328311 -0.0331761 0.0660074 -0.000444236 1.26668e-06 
0.000304796 0.000876424 -0.0855391 0.0846628 -0.000304796 1.16786e-06 
0.000235978 -0.00372431 -0.0710651 0.0747895 -0.000235978 1.06635e-06 
0.000157295 -0.00917551 -0.0537927 0.0629682 -0.000157295 9.4508e-07 
6.82264e-05 -0.0155237 -0.0335676 0.0490914 -6.82264e-05 8.02956e-07 
-3.17582e-05 -0.0228164 -0.0102329 0.0330493 3.17582e-05 6.38871e-07 
-0.0001432 -0.0311021 0.0163718 0.0147302 0.0001432 4.5169e-07 
-0.000266651 -0.0404301 0.0464099 -0.00598002 0.000266651 2.4026e-07 
-0.000402674 -0.0508507 0.0800479 -0.0291975 0.000402674 3.40231e-09 
-0.000551841 -0.0624153 0.117456 -0.0550406 0.000551841 -2.60081e-07 
-0.000714736 -0.075176 0.158806 -0.0836299 0.000714736 -5.51412e-07 
-0.000923609 -0.00655216 0.0707373 -0.0641856 0.000923609 -9.94379e-07 
-0.000805861 0.0109352 0.0290719 -0.0400075 0.000805861 -8.58413e-07 
-0.000695635 0.027024 -0.0093389 -0.0176854 0.000695635 -7.3154e-07 
-0.000592679 0.0417645 -0.0446112 0.00284649 0.000592679 -6.13448e-07 
-0.000496739 0.055206 -0.0768596 0.0216533 0.000496739 -5.03828e-07 
-0.00040757 0.0673974 -0.106197 0.0387992 0.00040757 -4.02379e-07 
-0.000324927 0.0783866 -0.132734 0.0543471 0.000324927 -3.08801e-07 
-0.00024857 0.0882208 -0.15658 0.0683592 0.00024857 -2.22801e-07 
-0.000178264 0.0969466 -0.177843 0.0808967 0.000178264 -1.4409e-07 
-0.000113775 0.10461 -0.196629 0.0920196 0.000113775 -7.23822e-08 
-7.44314e-05 0.0816455 -0.1702 0.088555 7.44314e-05 5.51404e-08 
-2.14429e-05 0.0923959 -0.19502 0.102624 2.14429e-05 1.20478e-07 
3.18914e-05 0.103215 -0.219998 0.116783 -3.18914e-05 1.8624e-07 
8.55725e-05 0.114102 -0.245134 0.131032 -8.55725e-05 2.52427e-07 
0.000139601 0.125058 -0.27043 0.145372 -0.000139601 3.19039e-07 
0.00017543 0.130897 -0.284153 0.153256 -0.00017543 3.37432e-07 
0.00016154 0.122806 -0.266366 0.14356 -0.00016154 2.24939e-07 
0.000147557 0.11466 -0.248459 0.133799 -0.000147557 1.11713e-07 
0.00013348 0.10646 -0.230432 0.123972 -0.00013348 -2.2484e-09 
0.000119311 0.0982046 -0.212284 0.11408 -0.000119311 -1.16947e-07 
0.000105048 0.0898941 -0.194015 0.104121 -0.000105048 -2.32385e-07 
9.06905e-05 0.0815284 -0.175625 0.094097 -9.06905e-05 -3.48564e-07 
7.62392e-05 0.0731073 -0.157114 0.0840064 -7.62392e-05 -4.65486e-07 
6.16935e-05 0.0646307 -0.13848 0.0738493 -6.16935e-05 -5.83154e-07 
4.70531e-05 0.0560984 -0.119724 0.0636255 -4.70531e-05 -7.01568e-07 
3.23178e-05 0.0475103 -0.100845 0.053335 -3.23178e-05 -8.20732e-07 
1.74873e-05 0.0388663 -0.0818438 0.0429774 -1.74873e-05 -9.40647e-07 
2.56132e-06 0.0301661 -0.0627189 0.0325528 -2.56132e-06 -1.06132e-06 
-1.24603e-05 0.0214096 -0.0434704 0.0220607 1.24603e-05 -1.18274e-06 
-2.75779e-05 0.0125967 -0.024098 0.0115012 2.75779e-05 -1.30492e-06 
-4.27917e-05 0.00372723 -0.00460128 0.000873895 4.27917e-05 -1.42786e-06 
-4.65078e-05 -0.00523909 0.00999875 -0.00475982 4.65078e-05 -1.38581e-06 
-4.308e-05 -0.0136608 0.0267937 -0.013133 4.308e-05 -1.19753e-06 
-3.95423e-05 -0.0223136 0.0440479 -0.0217344 3.95423e-05 -1.00362e-06 
-3.58935e-05 -0.0312002 0.0617667 -0.0305666 3.58935e-05 -8.04011e-07 
-3.21323e-05 -0.0403231 0.0799554 -0.0396323 3.21323e-05 -5.98634e-07 
-2.82574e-05 -0.0496852 0.0986192 -0.0489341 2.82574e-05 -3.87424e-07 
-2.42675e-05 -0.0592889 0.117764 -0.0584746 2.42675e-05 -1.70315e-07 
-2.01613e-05 -0.0691372 0.137394 -0.0682566 2.01613e-05 5.27606e-08 
-1.59373e-05 -0.0792326 0.157515 -0.0782826 1.59373e-05 2.8187e-07 
-1.15944e-05 -0.0895779 0.178133 -0.0885554 1.15944e-05 5.17079e-07 
-7.13116e-06 -0.100176 0.199254 -0.0990777 7.13116e-06 7.58458e-07 
-3.38426e-06 -0.120194 0.228084 -0.107889 3.38426e-06 9.51694e-07 
1.52825e-06 -0.135087 0.257895 -0.122808 -1.52825e-06 1.25043e-06 
6.85806e-06 -0.150901 0.289539 -0.138638 -6.85806e-06 1.57103e-06 
1.26196e-05 -0.167665 0.323074 -0.155409 -1.26196e-05 1.91421e-06 
1.46552e-05 -0.169557 0.326487 -0.156931 -1.46552e-05 1.93942e-06 
1.37629e-05 -0.159582 0.30586 -0.146278 -1.37629e-05 1.71149e-06 
1.27591e-05 -0.148415 0.282787 -0.134371 -1.27591e-05 1.46033e-06 
1.16399e-05 -0.136015 0.257181 -0.121166 -1.16399e-05 1.18513e-06 
1.04013e-05 -0.122339 0.228957 -0.106618 -1.04013e-05 8.85093e-07 
9.03922e-06 -0.107344 0.198026 -0.0906818 -9.03922e-06 5.59395e-07 
7.54968e-06 -0.0909879 0.164301 -0.0733126 -7.54968e-06 2.07212e-07 
5.9285e-06 -0.0732254 0.12769 -0.0544641 -5.9285e-06 -1.72295e-07 
4.17151e-06 -0.0540127 0.0881023 -0.0340895 -4.17151e-06 -5.79971e-07 
2.27447e-06 -0.0333047 0.0454464 -0.0121417 -2.27447e-06 -1.01668e-06 
2.33116e-07 -0.0110559 -0.000371404 0.0114273 -2.33116e-07 -1.48328e-06 
-1.9569e-06 0.0127797 -0.0494456 0.0366659 1.9569e-06 -1.98066e-06 
-4.29995e-06 0.0382488 -0.101872 0.0636229 4.29995e-06 -2.5097e-06 
-1.50866e-06 -0.403818 0.494381 -0.0905632 1.50866e-06 -3.2317e-06 
-4.21971e-06 -0.367642 0.415959 -0.0483169 4.21971e-06 -3.80827e-06 
-6.57416e-06 -0.337348 0.348839 -0.0114908 6.57416e-06 -3.49351e-06 
-8.14597e-06 -0.319184 0.305839 0.0133446 8.14597e-06 -1.7883e-06 
-8.44344e-06 -0.32036 0.301754 0.0186061 8.44344e-06 1.88339e-06 
-6.38237e-06 -0.180013 0.145678 0.0343349 6.38237e-06 8.50478e-06 
-2.27811e-06 -0.244138 0.27262 -0.0284834 2.27811e-06 1.61693e-05 
1.23947e-06 -0.2813 0.343759 -0.0624602 -1.23947e-06 1.79685e-05 
3.0248e-06 -0.26343 0.301369 -0.0379399 -3.0248e-06 9.32054e-06 
5.32921e-06 -0.151591 0.139792 0.0117973 -5.32921e-06 -3.24384e-06 
7.6387e-06 -0.121156 0.0729604 0.0481942 -7.6387e-06 -1.76832e-05 
1.02898e-05 -0.0852177 -0.00539786 0.0906146 -1.02898e-05 -3.47032e-05 
7.74485e-06 -0.0807341 -0.016874 0.0976081 -7.74485e-06 -2.85116e-05 
2.93924e-06 -0.0877273 -0.0038219 0.0915508 -2.93924e-06 -1.29033e-05 
-2.76123e-06 -0.0967582 0.0137577 0.0830038 2.76123e-06 5.65752e-06 
-9.3417e-06 0.0507546 -0.135962 0.085212 9.3417e-06 2.70892e-05 
-1.23796e-05 0.0442383 -0.129161 0.084926 1.23796e-05 3.48152e-05 
-1.37234e-05 0.12891 -0.229341 0.100431 1.37234e-05 3.58857e-05 
-1.45076e-05 0.125354 -0.229817 0.10446 1.45076e-05 3.56793e-05 
-1.51345e-05 0.122044 -0.229624 0.107573 1.51345e-05 3.53118e-05 
-4.48475e-05 -3.19612 3.13524 0.0608672 4.48475e-05 0.000108175 
1.38654e-05 -3.06246 2.91312 0.149341 -1.38654e-05 -3.66708e-05 
0.000126714 3.50819 -3.45372 -0.054443 -0.000126714 -0.000307709 
-1.22257e-05 3.28967 -3.37025 0.0805694 1.22257e-05 2.99376e-05 
-8.09512e-06 0.605146 -0.706239 0.101091 8.09512e-06 1.97421e-05 
-1.35122e-05 0.601939 -0.6748 0.0728572 1.35122e-05 3.28854e-05 
-1.28167e-05 0.610391 -0.634207 0.0238133 1.28167e-05 3.11758e-05 
-8.93674e-06 0.624224 -0.592697 -0.0315286 8.93674e-06 2.17301e-05 
-3.48276e-06 0.641571 -0.55254 -0.0890317 3.48276e-06 8.46342e-06 
-2.10004e-06 -0.0636687 0.036365 0.027303 2.10004e-06 5.11285e-06 
-1.83352e-06 -0.0607368 0.0392761 0.0214601 1.83352e-06 4.46702e-06 
-1.43714e-06 -0.0569509 0.0433189 0.0136314 1.43714e-06 3.50585e-06 
-8.95805e-07 -0.0522184 0.0486216 0.00359624 8.95805e-07 2.19269e-06 
-1.93808e-07 -0.0464426 0.0553177 -0.00887557 1.93808e-07 4.89371e-07 
6.852e-07 -0.0395232 0.0635462 -0.0240233 -6.852e-07 -1.64381e-06 
1.75819e-06 -0.0313559 0.0734512 -0.0420955 -1.75819e-06 -4.24806e-06 
3.04276e-06 -0.0218325 0.0851824 -0.0633498 -3.04276e-06 -7.36614e-06 
4.55715e-06 -0.0108412 0.0988946 -0.0880531 -4.55715e-06 -1.10423e-05 
5.87823e-06 0.0506925 0.0619391 -0.112631 -5.87823e-06 -1.4256e-05 
7.15238e-06 0.0586226 0.0728184 -0.13144 -7.15238e-06 -1.73505e-05 
8.44084e-06 0.0666408 0.0838193 -0.150459 -8.44084e-06 -2.04798e-05 
7.60143e-06 0.0656941 0.0825555 -0.148248 -7.60143e-06 -1.84469e-05 
5.78797e-06 0.0606588 0.0756987 -0.136357 -5.78797e-06 -1.40508e-05 
3.95339e-06 0.0555623 0.0687592 -0.124321 -3.95339e-06 -9.60362e-06 
2.09759e-06 0.0504043 0.0617369 -0.112141 -2.09759e-06 -5.10497e-06 
2.20481e-07 0.0451845 0.0546311 -0.0998151 -2.20481e-07 -5.54652e-07 
-1.67805e-06 0.0399025 0.0474416 -0.0873437 1.67805e-06 4.04759e-06 
-3.5981e-06 0.0345582 0.0401678 -0.0747258 3.5981e-06 8.702e-06 
-5.53977e-06 0.0291512 0.0328095 -0.0619607 5.53977e-06 1.34088e-05 
-7.50317e-06 0.0236811 0.0253663 -0.0490475 7.50317e-06 1.81683e-05 
-9.48839e-06 0.0181478 0.0178376 -0.0359857 9.48839e-06 2.29807e-05 
-1.14955e-05 0.0125509 0.0102232 -0.0227745 1.14955e-05 2.78463e-05 
-1.22326e-05 0.00530521 0.000885298 -0.00619099 1.22326e-05 2.96359e-05 
-9.78619e-06 0.037668 -0.102252 0.0645837 9.78619e-06 2.37179e-05 
-7.25285e-06 0.0293382 -0.111002 0.081663 7.25285e-06 1.75847e-05 
-5.0849e-06 0.0229842 -0.117411 0.0944267 5.0849e-06 1.23356e-05 
-3.25087e-06 0.0184116 -0.121716 0.103304 3.25087e-06 7.89445e-06 
-1.72055e-06 0.0154338 -0.124143 0.108709 1.72055e-06 4.18822e-06 
-4.6496e-07 0.013872 -0.124907 0.111034 4.6496e-07 1.14681e-06 
5.43593e-07 0.013555 -0.124215 0.11066 -5.43593e-07 -1.2968e-06 
1.33156e-06 0.0143196 -0.122266 0.107946 -1.33156e-06 -3.2066e-06 
1.92415e-06 0.0160101 -0.119248 0.103237 -1.92415e-06 -4.64355e-06 
-2.26023e-06 -0.129085 0.0729163 0.0561682 2.26023e-06 5.50693e-06 
-1.30536e-06 -0.144815 0.0520931 0.092722 1.30536e-06 3.20313e-06 
6.51442e-08 -0.163997 0.0269326 0.137064 -6.51442e-08 -1.056e-07 
1.93645e-06 -0.187156 -0.00320135 0.190357 -1.93645e-06 -4.62529e-06 
2.85572e-06 -0.191823 -0.0103164 0.202139 -2.85572e-06 -6.85168e-06 
3.58744e-06 -0.188531 -0.00750391 0.196034 -3.58744e-06 -8.62975e-06 
4.25982e-06 -0.178262 0.00403477 0.174227 -4.25982e-06 -1.02694e-05 
4.85215e-06 -0.15972 0.0259403 0.133779 -4.85215e-06 -1.17216e-05 
6.31923e-06 0.110002 -0.092444 -0.0175577 -6.31923e-06 -1.53482e-05 
5.04629e-06 0.136837 -0.0570798 -0.079757 -5.04629e-06 -1.22813e-05 
3.95359e-06 0.155236 -0.0324545 -0.122782 -3.95359e-06 -9.64498e-06 
3.02255e-06 0.166365 -0.0170954 -0.14927 -3.02255e-06 -7.39498e-06 
2.23565e-06 0.171322 -0.0096143 -0.161708 -2.23565e-06 -5.48973e-06 
1.57643e-06 0.17114 -0.00870698 -0.162432 -1.57643e-06 -3.89012e-06 
1.02951e-06 0.166782 -0.0131537 -0.153628 -1.02951e-06 -2.5596e-06 
5.43588e-07 0.148093 -0.0358189 -0.112274 -5.43588e-07 -1.36475e-06 
4.75984e-07 0.0926392 -0.00578713 -0.0868518 -4.75984e-07 -1.18853e-06 
2.43509e-07 0.0828963 -0.0176445 -0.0652516 -2.43509e-07 -6.16206e-07 
5.15286e-08 0.0745045 -0.0278114 -0.0466929 -5.15286e-08 -1.43393e-07 
-1.0439e-07 0.0673311 -0.0364564 -0.0308745 1.0439e-07 2.40794e-07 
-2.28447e-07 0.0612502 -0.0437393 -0.0175108 2.28447e-07 5.4667e-07 
-3.24611e-07 0.0561432 -0.0498109 -0.00633203 3.24611e-07 7.83981e-07 
-3.96618e-07 0.051898 -0.0548135 0.00291564 3.96618e-07 9.61898e-07 
-4.47971e-07 0.04841 -0.0588802 0.0104703 4.47971e-07 1.08902e-06 
-4.8194e-07 0.0455811 -0.0621354 0.0165544 4.8194e-07 1.17339e-06 
-5.01562e-07 0.0433205 -0.0646946 0.0213743 5.01562e-07 1.22245e-06 
-5.09644e-07 0.041544 -0.0666646 0.0251206 5.09644e-07 1.24311e-06 
-5.08758e-07 0.0401748 -0.0681432 0.0279684 5.08758e-07 1.24166e-06 
-5.01244e-07 0.0391428 -0.0692193 0.0300766 5.01244e-07 1.22387e-06 
-4.89209e-07 0.0383848 -0.0699732 0.0315884 4.89209e-07 1.19491e-06 
-4.74528e-07 0.0378448 -0.0704762 0.0326314 4.74528e-07 1.15937e-06 
-4.58843e-07 0.0374736 -0.0707907 0.0333171 4.58843e-07 1.1213e-06 
-4.43565e-07 0.0372289 -0.0709703 0.0337413 4.43565e-07 1.08415e-06 
-4.2987e-07 0.0370756 -0.0710598 0.0339842 4.2987e-07 1.05081e-06 
-4.18702e-07 0.0369853 -0.0710951 0.0341098 4.18702e-07 1.02361e-06 
-4.10774e-07 0.0369368 -0.0711033 0.0341665 4.10774e-07 1.0043e-06 
-4.06565e-07 0.0369156 -0.0711027 0.034187 4.06565e-07 9.94039e-07 
1.18398e-06 -0.10795 0.207963 -0.100012 -1.18398e-06 -2.89482e-06 
1.15063e-06 -0.107834 0.207902 -0.100068 -1.15063e-06 -2.81352e-06 
1.07637e-06 -0.107755 0.207571 -0.0998158 -1.07637e-06 -2.63237e-06 
9.49899e-07 -0.108053 0.206541 -0.0984877 -9.49899e-07 -2.32365e-06 
7.54123e-07 -0.109239 0.204161 -0.0949212 -7.54123e-07 -1.84537e-06 
4.66111e-07 -0.111999 0.199558 -0.0875579 -4.66111e-07 -1.14121e-06 
5.71161e-08 -0.117195 0.19164 -0.0744439 -5.71161e-08 -1.40588e-07 
-4.93547e-07 -0.125537 0.179504 -0.0539659 4.93547e-07 1.20734e-06 
-8.71469e-07 -0.129974 0.172171 -0.0421961 8.71469e-07 2.13178e-06 
-1.20538e-06 -0.13381 0.165428 -0.0316169 1.20538e-06 2.94856e-06 
-1.46272e-06 -0.136634 0.159813 -0.0231784 1.46272e-06 3.57801e-06 
-1.60727e-06 -0.137986 0.155924 -0.0179373 1.60727e-06 3.93156e-06 
-1.60494e-06 -0.144758 0.165847 -0.0210891 1.60494e-06 3.9258e-06 
-1.41671e-06 -0.141775 0.167067 -0.0252929 1.41671e-06 3.46526e-06 
-9.68721e-07 -0.135455 0.172425 -0.0369706 9.68721e-07 2.36929e-06 
-2.03366e-07 -0.12507 0.18287 -0.0578032 2.03366e-07 4.96952e-07 
9.41318e-07 -0.109835 0.199428 -0.0895985 -9.41318e-07 -2.30332e-06 
1.40689e-06 -0.104002 0.203856 -0.0998585 -1.40689e-06 -3.44192e-06 
1.36149e-06 -0.105371 0.198997 -0.0936294 -1.36149e-06 -3.33023e-06 
1.21654e-06 -0.108478 0.191875 -0.0833983 -1.21654e-06 -2.97475e-06 
9.55631e-07 -0.113602 0.182153 -0.068549 -9.55631e-07 -2.33535e-06 
6.33153e-07 -0.206865 0.302479 -0.0956097 -6.33153e-07 -1.54487e-06 
7.08916e-08 -0.217309 0.283166 -0.0658471 -7.08916e-08 -1.6734e-07 
-6.69401e-07 -0.215638 0.279106 -0.0634609 6.69401e-07 1.63779e-06 
-1.7111e-06 -0.269581 0.362402 -0.0928187 1.7111e-06 4.17737e-06 
-3.28954e-06 -0.264819 0.360118 -0.0953026 3.28954e-06 8.02524e-06 
-5.43757e-06 -0.257594 0.360975 -0.103396 5.43757e-06 1.3261e-05 
1.78047e-06 -0.258253 0.351683 -0.0934402 -1.78047e-06 -4.34539e-06 
1.30307e-05 -0.260648 0.340375 -0.0797285 -1.30307e-05 -3.17867e-05 
2.90752e-05 -0.327919 0.419419 -0.091489 -2.90752e-05 -7.09218e-05 
1.25172e-05 -0.329374 0.407242 -0.0778535 -1.25172e-05 -3.05321e-05 
-2.6549e-05 -0.0518399 0.0025507 0.0493017 2.6549e-05 6.47609e-05 
-5.69493e-05 -0.0526624 0.00367579 0.0489946 5.69493e-05 0.000138915 
-1.62075e-05 0.0665572 -0.164997 0.0984296 1.62075e-05 3.95345e-05 
2.17468e-05 0.0734681 -0.173361 0.0998664 -2.17468e-05 -5.30468e-05 
2.76587e-05 0.0717452 -0.169424 0.0976569 -2.76587e-05 -6.74674e-05 
5.60643e-06 0.0808189 -0.180154 0.0993348 -5.60643e-06 -1.36757e-05 
-1.42698e-05 0.0794957 -0.176222 0.0967459 1.42698e-05 3.48081e-05 
-2.59164e-06 0.0969559 -0.194441 0.0974997 2.59164e-06 6.3218e-06 
1.57332e-05 0.0974833 -0.189078 0.0915981 -1.57332e-05 -3.83777e-05 
3.11007e-05 0.134186 -0.230889 0.0966971 -3.11007e-05 -7.58635e-05 
6.60523e-06 0.130781 -0.229566 0.0987821 -6.60523e-06 -1.61118e-05 
-1.79335e-05 0.127701 -0.228356 0.100656 1.79335e-05 4.37454e-05 
-3.76378e-05 0.125472 -0.226689 0.10122 3.76378e-05 9.18099e-05 
-2.26864e-05 0.179624 -0.272859 0.0932386 2.26864e-05 5.53383e-05 
-4.74853e-07 0.189377 -0.259308 0.0699322 4.74853e-07 1.15691e-06 
1.59436e-05 0.196677 -0.248661 0.0519832 -1.59436e-05 -3.8893e-05 
2.67e-05 0.0782394 -0.0943496 0.0161091 -2.67e-05 -6.51312e-05 
1.85422e-05 0.0532074 -0.11806 0.0648521 -1.85422e-05 -4.52285e-05 
1.12328e-05 0.0312534 -0.138779 0.107525 -1.12328e-05 -2.73956e-05 
4.72904e-06 0.0122166 -0.156663 0.144447 -4.72904e-06 -1.15282e-05 
-1.02557e-06 -0.00174852 -0.169542 0.171291 1.02557e-06 2.51095e-06 
-8.81108e-06 0.306021 -0.350362 0.0443384 8.81108e-06 2.14901e-05 
-1.10937e-05 0.353539 -0.300359 -0.0531827 1.10937e-05 2.70513e-05 
-1.12358e-05 0.372808 -0.279176 -0.0936354 1.12358e-05 2.73956e-05 
-9.84661e-06 0.371308 -0.27923 -0.0920805 9.84661e-06 2.40076e-05 
-7.92603e-06 0.320506 -0.240469 -0.0800387 7.92603e-06 1.93244e-05 
-3.96774e-06 0.267318 -0.293138 0.0258191 3.96774e-06 9.67718e-06 
-6.86999e-07 0.229836 -0.330184 0.100349 6.86999e-07 1.68033e-06 
1.359e-06 0.217682 -0.341902 0.124221 -1.359e-06 -3.3084e-06 
2.54419e-06 0.22054 -0.338648 0.11811 -2.54419e-06 -6.19966e-06 
3.16875e-06 0.230128 -0.328735 0.0986079 -3.16875e-06 -7.72442e-06 
3.45909e-06 0.2402 -0.318431 0.0782323 -3.45909e-06 -8.43404e-06 
3.56787e-06 0.246543 -0.311963 0.0654217 -3.56787e-06 -8.70026e-06 
-3.8224e-07 -0.0264201 0.0331644 -0.00674451 3.8224e-07 9.32113e-07 
-3.83121e-07 -0.0264884 0.0330949 -0.00660672 3.83121e-07 9.3427e-07 
-3.84865e-07 -0.0266323 0.0329484 -0.00631632 3.84865e-07 9.38545e-07 
-3.873e-07 -0.0268566 0.0327201 -0.00586373 3.873e-07 9.44516e-07 
-3.90163e-07 -0.0271685 0.0324028 -0.00523446 3.90163e-07 9.51543e-07 
-3.93102e-07 -0.0275778 0.0319867 -0.00440902 3.93102e-07 9.58771e-07 
-3.95676e-07 -0.0280967 0.0314595 -0.00336301 3.95676e-07 9.65122e-07 
-3.97352e-07 -0.0287398 0.0308067 -0.00206706 3.97352e-07 9.69303e-07 
-3.97511e-07 -0.0295241 0.0300108 -0.00048684 3.97511e-07 9.69802e-07 
-3.95442e-07 -0.0304695 0.0290524 0.00141692 3.95442e-07 9.64889e-07 
-3.90344e-07 -0.0315978 0.0279092 0.00368844 3.90344e-07 9.52617e-07 
-3.81329e-07 -0.0329337 0.0265567 0.00637691 3.81329e-07 9.30818e-07 
-3.67417e-07 -0.0345042 0.0249676 0.00953645 3.67417e-07 8.97108e-07 
-3.4754e-07 -0.0363387 0.0231124 0.0132261 3.4754e-07 8.48885e-07 
-3.20538e-07 -0.0384692 0.0209591 0.01751 3.20538e-07 7.83328e-07 
-2.85165e-07 -0.0409301 0.018473 0.0224571 2.85165e-07 6.97397e-07 
-2.40082e-07 -0.0437585 0.0156172 0.0281413 2.40082e-07 5.87837e-07 
-1.83862e-07 -0.0469935 0.012352 0.0346415 1.83862e-07 4.51171e-07 
-1.1499e-07 -0.050677 0.00863563 0.0420415 1.1499e-07 2.83706e-07 
-3.18583e-08 -0.0548535 0.00442346 0.0504302 3.18583e-08 8.15311e-08 
6.72285e-08 -0.0595696 -0.000331438 0.0599013 -6.72285e-08 -1.59484e-07 
1.84056e-07 -0.0648747 -0.0056785 0.0705534 -1.84056e-07 -4.43686e-07 
3.20498e-07 -0.0708203 -0.0116696 0.0824904 -3.20498e-07 -7.75643e-07 
4.01234e-07 -0.074417 -0.015431 0.0898484 -4.01234e-07 -9.72189e-07 
4.49742e-07 -0.0765652 -0.0178311 0.0943968 -4.49742e-07 -1.09043e-06 
4.92714e-07 -0.0782908 -0.0198596 0.0981509 -4.92714e-07 -1.19529e-06 
5.29222e-07 -0.0795309 -0.0214585 0.10099 -5.29222e-07 -1.2845e-06 
5.583e-07 -0.08022 -0.0225673 0.102788 -5.583e-07 -1.35574e-06 
5.78944e-07 -0.0802903 -0.0231237 0.103415 -5.78944e-07 -1.40656e-06 
5.90114e-07 -0.0796712 -0.0230625 0.102734 -5.90114e-07 -1.43445e-06 
5.90732e-07 -0.0782897 -0.0223166 0.100607 -5.90732e-07 -1.4368e-06 
5.79683e-07 -0.0760703 -0.0208164 0.0968872 -5.79683e-07 -1.41089e-06 
5.55816e-07 -0.0729349 -0.0184899 0.0914253 -5.55816e-07 -1.35395e-06 
5.1794e-07 -0.0688029 -0.015263 0.0840664 -5.1794e-07 -1.26309e-06 
4.64829e-07 -0.0635913 -0.011059 0.0746508 -4.64829e-07 -1.13533e-06 
3.9522e-07 -0.0572145 -0.00579913 0.0630139 -3.9522e-07 -9.67613e-07 
3.0781e-07 -0.0495842 0.00059788 0.0489865 -3.0781e-07 -7.56783e-07 
2.46996e-07 -0.105695 0.0167956 0.0889002 -2.46996e-07 -6.09197e-07 
1.15077e-07 -0.0924942 0.027379 0.0651154 -1.15077e-07 -2.92018e-07 
2.37174e-09 -0.0821823 0.0351613 0.0470211 -2.37174e-09 -1.98879e-08 
-2.66709e-08 -0.0809107 0.0344296 0.0464811 2.66709e-08 5.26065e-08 
-6.16731e-08 -0.0806109 0.0326689 0.0479418 6.16731e-08 1.40867e-07 
-1.03311e-07 -0.0814405 0.0297287 0.0517113 1.03311e-07 2.46716e-07 
-1.52293e-07 -0.0835649 0.0254513 0.0581128 1.52293e-07 3.72066e-07 
-2.24891e-07 -0.0430257 0.0117501 0.0312745 2.24891e-07 5.56425e-07 
-2.75535e-07 -0.0489325 0.00468247 0.0442486 2.75535e-07 6.88707e-07 
-3.31332e-07 -0.0558959 -0.00342911 0.0593233 3.31332e-07 8.34777e-07 
-3.92567e-07 -0.0639823 -0.0126479 0.0766281 3.92567e-07 9.95403e-07 
-4.59531e-07 -0.0732594 -0.0230388 0.0962957 4.59531e-07 1.17137e-06 
-4.07026e-07 -0.0751694 -0.0266651 0.101832 4.07026e-07 1.03811e-06 
-2.79803e-07 -0.0728389 -0.0264291 0.0992662 2.79803e-07 7.11686e-07 
-1.33059e-07 -0.0701135 -0.0259001 0.0960125 1.33059e-07 3.3523e-07 
3.42923e-08 -0.0669711 -0.0250595 0.0920302 -3.42923e-08 -9.40362e-08 
2.23359e-07 -0.0633887 -0.0238881 0.0872774 -2.23359e-07 -5.78954e-07 
4.35272e-07 -0.0593433 -0.0223667 0.0817114 -4.35272e-07 -1.12242e-06 
6.68626e-07 -0.0786879 -0.0185403 0.0972307 -6.68626e-07 -1.72055e-06 
9.50168e-07 -0.073347 -0.0167514 0.0901022 -9.50168e-07 -2.44264e-06 
7.99359e-07 -0.0724738 -0.0192388 0.0917159 -7.99359e-07 -2.05327e-06 
5.60703e-07 -0.072215 -0.0224379 0.0946554 -5.60703e-07 -1.43784e-06 
2.78557e-07 -0.0720545 -0.0258753 0.0979314 -2.78557e-07 -7.10319e-07 
-5.83605e-08 -0.0591233 -0.0300286 0.0891523 5.83605e-08 1.581e-07 
-4.29292e-07 -0.0593177 -0.0335874 0.0929042 4.29292e-07 1.11437e-06 
-8.43908e-07 -0.0596176 -0.0373699 0.0969851 8.43908e-07 2.18322e-06 
-1.08891e-06 -0.0593174 -0.0407109 0.100025 1.08891e-06 2.8136e-06 
-8.45582e-07 -0.0573636 -0.0426155 0.0999765 8.45582e-07 2.18206e-06 
-5.68857e-07 -0.0552574 -0.0445098 0.0997652 5.68857e-07 1.46394e-06 
-2.5713e-07 -0.0529923 -0.046391 0.0993821 2.5713e-07 6.55059e-07 
9.1238e-08 -0.0505617 -0.0482567 0.0988181 -9.1238e-08 -2.48834e-07 
4.77732e-07 -0.0487191 -0.0501426 0.0988623 -4.77732e-07 -1.25158e-06 
6.10105e-07 -0.0463457 -0.0523425 0.0986897 -6.10105e-07 -1.58913e-06 
4.10375e-07 -0.0443204 -0.0549591 0.0992815 -4.10375e-07 -1.05758e-06 
1.8742e-07 -0.042196 -0.0576283 0.0998268 -1.8742e-07 -4.64369e-07 
-5.97758e-08 -0.0392174 -0.0602669 0.0994873 5.97758e-08 1.93164e-07 
-3.31949e-07 -0.0369017 -0.0630127 0.0999181 3.31949e-07 9.17007e-07 
-5.45785e-07 -0.0344415 -0.065751 0.100196 5.45785e-07 1.48428e-06 
-3.68112e-07 -0.0316874 -0.0682431 0.0999323 3.68112e-07 1.00378e-06 
-1.71858e-07 -0.0287984 -0.0707555 0.0995533 1.71858e-07 4.73012e-07 
4.37096e-08 -0.0257703 -0.0732872 0.0990544 -4.37096e-08 -1.10015e-07 
2.79334e-07 -0.0225988 -0.0758374 0.0984304 -2.79334e-07 -7.47309e-07 
4.48868e-07 -0.020671 -0.0787096 0.0993734 -4.48868e-07 -1.21138e-06 
4.09204e-07 -0.0174306 -0.081356 0.0987818 -4.09204e-07 -1.12451e-06 
3.64513e-07 -0.0140535 -0.0840194 0.0980708 -3.64513e-07 -1.02586e-06 
3.1494e-07 -0.0121513 -0.0871569 0.099309 -3.1494e-07 -9.15885e-07 
2.59821e-07 -0.00842613 -0.0899307 0.0983609 -2.59821e-07 -7.92956e-07 
1.09222e-07 -0.00468408 -0.0926533 0.0973415 -1.09222e-07 -3.53107e-07 
-8.89858e-08 -0.00294735 -0.0960899 0.0990404 8.89858e-08 2.41736e-07 
-3.05258e-07 0.00112892 -0.0989109 0.097784 3.05258e-07 8.90775e-07 
-5.39806e-07 0.0053612 -0.101738 0.0963772 5.39806e-07 1.59475e-06 
-5.3429e-07 0.106794 -0.0629938 -0.0438 5.3429e-07 1.58146e-06 
-2.69675e-07 0.106026 -0.0604513 -0.0455755 2.69675e-07 7.97872e-07 
-1.14219e-08 0.13901 -0.0432829 -0.0957282 1.14219e-08 3.22708e-08 
2.21021e-07 0.136507 -0.0390844 -0.0974247 -2.21021e-07 -6.56057e-07 
3.77753e-07 0.133957 -0.0350025 -0.0989568 -3.77753e-07 -1.12028e-06 
2.5334e-07 0.129077 -0.0321927 -0.096885 -2.5334e-07 -7.52365e-07 
1.4061e-07 0.126532 -0.0284549 -0.0980769 -1.4061e-07 -4.19051e-07 
3.85021e-08 0.123968 -0.0248183 -0.0991485 -3.85021e-08 -1.17137e-07 
-5.34029e-08 0.120695 -0.0216875 -0.0990053 5.34029e-08 1.54634e-07 
-7.73514e-08 0.117783 -0.0182307 -0.0995503 7.73514e-08 2.25535e-07 
-5.16968e-08 0.114614 -0.0148323 -0.0997811 5.16968e-08 1.49827e-07 
-2.85028e-08 0.111507 -0.0115361 -0.0999714 2.85028e-08 8.13864e-08 
-7.66436e-09 0.10765 -0.00893938 -0.0987112 7.66436e-09 1.99245e-08 
1.09614e-08 0.104708 -0.00587921 -0.0988302 -1.09614e-08 -3.50255e-08 
1.65798e-08 0.102427 -0.00304958 -0.0993793 -1.65798e-08 -5.15372e-08 
1.12944e-08 0.0993485 -0.00149897 -0.09785 -1.12944e-08 -3.57912e-08 
6.54265e-09 0.0976179 0.00100528 -0.0986227 -6.54265e-09 -2.16642e-08 
2.28971e-09 0.0958184 0.00345392 -0.0992711 -2.28971e-09 -9.01556e-09 
-1.48873e-09 0.0939561 0.0058473 -0.0998015 1.48873e-09 2.22691e-09 
-4.81653e-09 0.0920372 0.00818577 -0.10022 4.81653e-09 1.21338e-08 
-4.04504e-09 0.086913 0.011057 -0.0979686 4.04504e-09 9.90895e-09 
-3.00739e-09 0.0818627 0.0138518 -0.0957144 3.00739e-09 6.89453e-09 
-2.0819e-09 0.0771979 0.0165137 -0.0937126 2.0819e-09 4.21003e-09 
-1.27527e-09 0.0744737 0.0207076 -0.0951831 1.27527e-09 1.83145e-09 
-5.56655e-10 0.070466 0.0231809 -0.0936496 5.56655e-10 -2.43201e-10 
6.41901e-11 0.0668026 0.0255297 -0.0923356 -6.41901e-11 -2.03048e-09 
1.90324e-10 0.0679606 0.0268685 -0.0948319 -1.90324e-10 -2.34205e-09 
-1.35266e-11 0.072149 0.027553 -0.0997037 1.35266e-11 -1.67071e-09 
-1.22176e-10 0.0687002 0.0199243 -0.0886252 1.22176e-10 -1.09154e-09 
-2.7575e-10 0.0716963 0.0205349 -0.0922311 2.7575e-10 -5.84272e-10 
-4.09709e-10 0.0740189 0.0212409 -0.095259 4.09709e-10 -1.39049e-10 
-5.25184e-10 0.0757105 0.0220345 -0.0977436 5.25184e-10 2.47673e-10 
-6.2328e-10 0.0768127 0.0229083 -0.099719 6.2328e-10 5.79353e-10 
-7.02265e-10 0.0770893 0.0239086 -0.100995 7.02265e-10 8.50086e-10 
-5.96579e-10 0.060168 0.0282171 -0.088383 5.96579e-10 5.12784e-10 
-5.03856e-10 0.0454543 0.0320638 -0.0775163 5.03856e-10 2.20133e-10 
-4.23283e-10 0.0328073 0.0354765 -0.0682823 4.23283e-10 -3.07262e-11 
-3.54067e-10 0.0220901 0.0384823 -0.0605712 3.54067e-10 -2.42576e-10 
-2.95439e-10 0.0131692 0.0411077 -0.0542759 2.95439e-10 -4.1812e-10 
-2.86151e-10 0.00988143 0.0492445 -0.0591252 2.86151e-10 -5.55716e-10 
-2.48261e-10 0.00461237 0.0511919 -0.0558037 2.48261e-10 -6.56845e-10 
-2.1962e-10 0.000898937 0.0527997 -0.0536983 2.1962e-10 -7.26599e-10 
-1.99379e-10 -0.0014063 0.0540972 -0.0526907 1.99379e-10 -7.67973e-10 
-2.50757e-10 0.0117776 0.0523328 -0.0641103 2.50757e-10 -5.44866e-10 
-3.41021e-10 0.0332193 0.04892 -0.0821394 3.41021e-10 -1.7926e-10 
-4.12071e-10 0.050053 0.0463735 -0.0964267 4.12071e-10 1.12204e-10 
-4.65857e-10 0.062747 0.0446022 -0.10735 4.65857e-10 3.36955e-10 
-5.04243e-10 0.0717498 0.0435186 -0.115269 5.04243e-10 5.02109e-10 
-5.29013e-10 0.0774899 0.0430392 -0.12053 5.29013e-10 6.14461e-10 
-5.41865e-10 0.0803755 0.0430846 -0.123461 5.41865e-10 6.80488e-10 
-5.44414e-10 0.080795 0.0435791 -0.124375 5.44414e-10 7.06351e-10 
-5.38192e-10 0.0791167 0.0444509 -0.123568 5.38192e-10 6.97891e-10 
-5.24649e-10 0.0756888 0.0456322 -0.121322 5.24649e-10 6.60633e-10 
-5.05149e-10 0.0708396 0.0470591 -0.117899 5.05149e-10 5.99781e-10 
-4.80973e-10 0.0648771 0.0486715 -0.113549 4.80973e-10 5.20226e-10 
-4.53322e-10 0.0580894 0.0504132 -0.108503 4.53322e-10 4.26536e-10 
-4.2331e-10 0.0507447 0.0522321 -0.102977 4.2331e-10 3.22965e-10 
2.67871e-10 0.0277602 -0.120223 0.0924631 -2.67871e-10 1.15051e-09 
1.6944e-10 0.0516667 -0.125611 0.0739443 -1.6944e-10 1.50538e-09 
1.01131e-10 0.0756237 -0.131048 0.0554243 -1.01131e-10 1.74269e-09 
1.09413e-10 0.0952635 -0.135628 0.0403639 -1.09413e-10 1.68531e-09 
1.77054e-10 0.112995 -0.139833 0.026838 -1.77054e-10 1.39893e-09 
3.21823e-10 0.1276 -0.143402 0.0158012 -3.21823e-10 8.15832e-10 
5.632e-10 0.137747 -0.146048 0.0082999 -5.632e-10 -1.38233e-10 
9.22378e-10 0.141984 -0.147457 0.00547259 -9.22378e-10 -1.54404e-09 
1.42226e-09 0.138741 -0.147292 0.00854976 -1.42226e-09 -3.4889e-09 
2.08747e-09 0.126335 -0.145189 0.0188539 -2.08747e-09 -6.06664e-09 
2.57255e-09 0.0769687 -0.086398 0.00942919 -2.57255e-09 -8.83841e-09 
3.37699e-09 0.0427809 -0.0793915 0.0366109 -3.37699e-09 -1.19312e-08 
4.30682e-09 0.000726393 -0.0707024 0.0699766 -4.30682e-09 -1.55028e-08 
5.37196e-09 -0.0498738 -0.0601844 0.110059 -5.37196e-09 -1.9591e-08 
3.08378e-09 -0.0453497 -0.0616302 0.106981 -3.08378e-09 -1.08786e-08 
2.07507e-10 -0.0371051 -0.0639058 0.101012 -2.07507e-10 7.88277e-11 
-3.22325e-09 -0.0263045 -0.0667598 0.0930646 3.22325e-09 1.31529e-08 
-7.25028e-09 -0.0127417 -0.0702378 0.0829794 7.25028e-09 2.85033e-08 
-1.19166e-08 0.00379551 -0.0743865 0.0705905 1.19166e-08 4.62944e-08 
-1.72665e-08 0.0235256 -0.0792544 0.0557278 1.72665e-08 6.6695e-08 
-2.33454e-08 0.0466728 -0.084891 0.0382164 2.33454e-08 8.98789e-08 
-2.86605e-08 0.101623 -0.185655 0.0840289 2.86605e-08 1.1157e-07 
-9.24123e-09 0.101115 -0.18705 0.0859336 9.24123e-09 3.73631e-08 
1.78262e-08 0.0982559 -0.188063 0.0898058 -1.78262e-08 -6.60459e-08 
5.35982e-08 0.0926732 -0.188618 0.0959443 -5.35982e-08 -2.0269e-07 
9.77218e-08 0.0698316 -0.150783 0.0809528 -9.77218e-08 -3.71755e-07 
1.49346e-07 0.0575923 -0.149769 0.0921791 -1.49346e-07 -5.68904e-07 
2.08297e-07 0.0474648 -0.149327 0.101866 -2.08297e-07 -8.02904e-07 
2.70832e-07 0.0520423 -0.152218 0.100179 -2.70832e-07 -1.08177e-06 
3.4246e-07 0.0575768 -0.155442 0.097866 -3.4246e-07 -1.40317e-06 
4.23866e-07 0.064147 -0.15902 0.0948722 -4.23866e-07 -1.77037e-06 
5.15761e-07 0.0718345 -0.162977 0.09114 -5.15761e-07 -2.18673e-06 
3.80273e-07 0.0804156 -0.174658 0.0942395 -3.80273e-07 -1.64725e-06 
-2.14583e-07 0.0809831 -0.177581 0.0965982 2.14583e-07 8.26366e-07 
-9.20977e-07 0.0812956 -0.180634 0.0993433 9.20977e-07 3.7648e-06 
-1.74209e-06 0.0770819 -0.172807 0.0957344 1.74209e-06 7.18158e-06 
-2.36615e-06 0.0771635 -0.176032 0.098881 2.36615e-06 9.78105e-06 
-1.07071e-06 0.0780965 -0.174976 0.0968837 1.07071e-06 4.4054e-06 
4.35467e-07 0.0811893 -0.179307 0.0981109 -4.35467e-07 -1.84442e-06 
2.16199e-06 0.0844971 -0.183906 0.0993912 -2.16199e-06 -9.00824e-06 
3.05293e-06 0.0839605 -0.179283 0.0952997 -3.05293e-06 -1.27008e-05 
1.621e-06 0.0864892 -0.184234 0.0977371 -1.621e-06 -6.74636e-06 
-1.18372e-08 0.0849271 -0.178927 0.0940089 1.18372e-08 4.38011e-08 
-1.83411e-06 0.0874639 -0.184156 0.0967188 1.83411e-06 7.6214e-06 
-1.86543e-06 0.0905578 -0.190062 0.0995238 1.86543e-06 7.81457e-06 
-1.31032e-06 0.0893663 -0.185181 0.0958181 1.31032e-06 5.59386e-06 
-6.92781e-07 0.0926763 -0.191509 0.0988189 6.92781e-07 3.12132e-06 
-2.03322e-07 0.0907804 -0.185111 0.0943107 2.03322e-07 1.09883e-06 
8.68865e-08 0.0944181 -0.192422 0.097994 -8.68865e-08 -2.04595e-07 
4.33483e-07 0.0354968 -0.0482093 0.0127139 -4.33483e-07 -1.76433e-06 
7.62591e-07 0.0362286 -0.0505704 0.0143494 -7.62591e-07 -3.29842e-06 
1.1792e-06 -0.0432299 0.139864 -0.0966334 -1.1792e-06 -5.34359e-06 
1.46292e-06 -0.0465701 0.144884 -0.0983182 -1.46292e-06 -6.76397e-06 
1.68009e-06 -0.0478809 0.145131 -0.0972588 -1.68009e-06 -7.85804e-06 
4.37553e-07 -0.0503344 0.148539 -0.098205 -4.37553e-07 -2.09406e-06 
-5.92784e-07 -0.0530974 0.152699 -0.0995957 5.92784e-07 2.68649e-06 
-1.42675e-06 -0.0511403 0.145795 -0.0946432 1.42675e-06 6.55667e-06 
-1.63659e-06 -0.0545977 0.1517 -0.0970904 1.63659e-06 7.55351e-06 
-1.03234e-06 -0.052049 0.143466 -0.0914132 1.03234e-06 4.80485e-06 
-5.27963e-07 -0.0559606 0.150594 -0.0946351 5.27963e-07 2.50951e-06 
-1.08453e-07 -0.0598212 0.157664 -0.0978499 1.08453e-07 5.98645e-07 
1.84576e-07 -0.0627246 0.162724 -0.100008 -1.84576e-07 -7.49639e-07 
2.37122e-07 -0.0624328 0.160947 -0.0985186 -2.37122e-07 -1.04481e-06 
2.75353e-07 -0.0629943 0.161059 -0.0980663 -2.75353e-07 -1.26422e-06 
2.95804e-07 -0.051004 0.132145 -0.0811398 -2.95804e-07 -1.39156e-06 
3.14331e-07 -0.0523059 0.134071 -0.081761 -3.14331e-07 -1.50407e-06 
2.94082e-07 -0.0564675 0.142233 -0.085761 -2.94082e-07 -1.42088e-06 
2.05146e-07 -0.0658522 0.161763 -0.0959081 -2.05146e-07 -9.93684e-07 
1.32364e-07 -0.0546883 0.134524 -0.0798343 -1.32364e-07 -6.43664e-07 
7.31631e-08 -0.0610845 0.147776 -0.0866913 -7.31631e-08 -3.59207e-07 
2.39874e-08 -0.0665783 0.159089 -0.0925113 -2.39874e-08 -1.22808e-07 
-1.60093e-08 -0.0712418 0.168619 -0.0973792 1.60093e-08 6.95837e-08 
-4.05614e-08 -0.0711973 0.167971 -0.0967756 4.05614e-08 1.89145e-07 
-3.85691e-08 -0.059886 0.142942 -0.083057 3.85691e-08 1.847e-07 
-3.62317e-08 -0.051558 0.12439 -0.0728327 3.62317e-08 1.77479e-07 
-3.36018e-08 -0.045901 0.11164 -0.0657393 3.36018e-08 1.67848e-07 
-3.07299e-08 -0.0426158 0.104045 -0.0614285 3.07299e-08 1.56157e-07 
-2.82934e-08 -0.0220546 0.0573411 -0.0352859 2.82934e-08 1.46176e-07 
-2.60082e-08 -0.0209612 0.054624 -0.033662 2.60082e-08 1.36256e-07 
-2.35956e-08 -0.0212023 0.0548083 -0.033605 2.35956e-08 1.25217e-07 
-1.71552e-08 -0.0280064 0.0692292 -0.0412218 1.71552e-08 9.21737e-08 
-1.01172e-09 -0.0490405 0.114508 -0.0654667 1.01172e-09 6.719e-09 
1.14319e-08 -0.0658163 0.150565 -0.0847488 -1.14319e-08 -5.92023e-08 
2.05842e-08 -0.0787892 0.17839 -0.0996005 -2.05842e-08 -1.07746e-07 
2.59055e-08 -0.0363565 0.0825981 -0.0462417 -2.59055e-08 -1.35375e-07 
3.36531e-08 -0.0458635 0.10312 -0.057257 -3.36531e-08 -1.76333e-07 
4.0496e-08 -0.0543475 0.121425 -0.0670778 -4.0496e-08 -2.12515e-07 
4.6474e-08 -0.0618531 0.137609 -0.0757566 -4.6474e-08 -2.44134e-07 
5.16268e-08 -0.0684242 0.151768 -0.0833445 -5.16268e-08 -2.71396e-07 
5.59928e-08 -0.0741038 0.163995 -0.089892 -5.59928e-08 -2.94507e-07 
5.96102e-08 -0.0789343 0.174382 -0.0954486 -5.96102e-08 -3.13666e-07 
6.25161e-08 -0.0829573 0.183019 -0.100063 -6.25161e-08 -3.29071e-07 
4.85138e-08 -0.0564707 0.12555 -0.0690802 -4.85138e-08 -2.5543e-07 
3.38258e-08 -0.0291717 0.066321 -0.0371499 -3.38258e-08 -1.78171e-07 
2.05733e-08 -0.00492137 0.0136974 -0.00877653 -2.05733e-08 -1.08464e-07 
8.68744e-09 0.0164314 -0.0326477 0.0162159 -8.68744e-09 -4.59456e-08 
-1.89941e-09 0.0350347 -0.0730349 0.0380001 1.89941e-09 9.73896e-09 
-1.12534e-08 0.0510333 -0.107778 0.056745 1.12534e-08 5.89377e-08 
-1.94391e-08 0.0645691 -0.137185 0.072616 1.94391e-08 1.01991e-07 
-2.652e-08 0.075781 -0.161556 0.0857751 2.652e-08 1.39232e-07 
-3.2558e-08 0.0848046 -0.181185 0.0963804 3.2558e-08 1.70987e-07 
-3.79223e-08 0.0899313 -0.192304 0.102373 3.79223e-08 1.99176e-07 
-4.1907e-08 0.0944486 -0.202171 0.107723 4.1907e-08 2.20129e-07 
-4.49891e-08 0.097095 -0.207984 0.11089 4.49891e-08 2.36334e-07 
-4.72305e-08 0.0980068 -0.210038 0.112032 4.72305e-08 2.48116e-07 
-4.86918e-08 0.0973166 -0.208619 0.111303 4.86918e-08 2.55795e-07 
-4.94318e-08 0.0951534 -0.204007 0.108855 4.94318e-08 2.5968e-07 
-4.37593e-08 0.0771428 -0.165104 0.0879612 4.37593e-08 2.29826e-07 
-3.77296e-08 0.05854 -0.124913 0.0663733 3.77296e-08 1.98092e-07 
-3.22169e-08 0.0415323 -0.0881684 0.0466365 3.22169e-08 1.6908e-07 
-2.71904e-08 0.0260247 -0.054665 0.0286406 2.71904e-08 1.42627e-07 
-2.26204e-08 0.0119253 -0.0242038 0.0122788 2.26204e-08 1.18576e-07 
-1.84779e-08 -0.000855016 0.00340753 -0.0025523 1.84779e-08 9.6775e-08 
-1.51872e-08 -0.00656287 0.0156193 -0.00905622 1.51872e-08 7.94931e-08 
-1.1966e-08 -0.0165011 0.0370903 -0.0205891 1.1966e-08 6.25403e-08 
-9.06123e-09 -0.0254627 0.0564515 -0.0309887 9.06123e-09 4.72534e-08 
-6.4516e-09 -0.0335138 0.0738457 -0.0403318 6.4516e-09 3.35195e-08 
-4.11638e-09 -0.0407184 0.0894109 -0.0486924 4.11638e-09 2.12298e-08 
-2.03561e-09 -0.047138 0.10328 -0.0561421 2.03561e-09 1.02791e-08 
-1.90098e-10 -0.0528317 0.115581 -0.0627494 1.90098e-10 5.66661e-10 
1.43859e-09 -0.0578565 0.126437 -0.0685805 -1.43859e-09 -8.00473e-09 
2.86813e-09 -0.0622669 0.135965 -0.0736986 -2.86813e-09 -1.55281e-08 
4.11548e-09 -0.0661152 0.14428 -0.0781644 -4.11548e-09 -2.20926e-08 
5.19681e-09 -0.0694513 0.151487 -0.0820358 -5.19681e-09 -2.77834e-08 
6.12754e-09 -0.0723228 0.157691 -0.085368 -6.12754e-09 -3.26816e-08 
6.92236e-09 -0.0747749 0.162989 -0.0882137 -6.92236e-09 -3.68646e-08 
7.59519e-09 -0.0768507 0.167473 -0.0906226 -7.59519e-09 -4.04055e-08 
8.1592e-09 -0.0785908 0.171233 -0.0926419 -8.1592e-09 -4.33738e-08 
8.62681e-09 -0.0800334 0.174349 -0.094316 -8.62681e-09 -4.58347e-08 
9.00969e-09 -0.0812147 0.176901 -0.0956868 -9.00969e-09 -4.78497e-08 
9.31874e-09 -0.0821682 0.178961 -0.0967933 -9.31874e-09 -4.94762e-08 
9.56413e-09 -0.0829252 0.180597 -0.0976718 -9.56413e-09 -5.07676e-08 
9.75527e-09 -0.0835149 0.181871 -0.0983562 -9.75527e-09 -5.17736e-08 
9.90081e-09 -0.083964 0.182841 -0.0988772 -9.90081e-09 -5.25395e-08 
1.00087e-08 -0.0842967 0.18356 -0.0992634 -1.00087e-08 -5.31071e-08 
1.0086e-08 -0.0845352 0.184075 -0.0995401 -1.0086e-08 -5.35139e-08 
1.01391e-08 -0.0846992 0.18443 -0.0997304 -1.01391e-08 -5.37936e-08 
1.01738e-08 -0.0848061 0.18466 -0.0998545 -1.01738e-08 -5.3976e-08 
1.01948e-08 -0.084871 0.184801 -0.0999298 -1.01948e-08 -5.40868e-08 
1.02064e-08 -0.0849067 0.184878 -0.0999713 -1.02064e-08 -5.41477e-08 
1.02119e-08 -0.0849236 0.184914 -0.0999909 -1.02119e-08 -5.41765e-08 
1.02139e-08 -0.0849299 0.184928 -0.0999982 -1.02139e-08 -5.41873e-08 
1.02144e-08 -0.0849314 0.184931 -0.0999999 -1.02144e-08 -5.41897e-08 
1.02144e-08 -0.0849315 0.184931 -0.1 -1.02144e-08 -5.41899e-08 
