0 0 0 0 0 0 
-1.0855e-07 -0.000108507 0.000228807 -0.0001203 1.0855e-07 -2.05408e-11 
-4.34201e-07 -0.000434027 0.000915228 -0.000481201 4.34201e-07 -8.21629e-11 
-9.7695e-07 -0.000976559 0.00205926 -0.0010827 9.7695e-07 -1.84864e-10 
-1.73679e-06 -0.00173609 0.00366087 -0.00192478 1.73679e-06 -3.28636e-10 
-2.71369e-06 -0.0027126 0.00572002 -0.00300742 2.71369e-06 -5.13457e-10 
-3.90759e-06 -0.00390602 0.00823658 -0.00433056 3.90759e-06 -7.39282e-10 
-5.31841e-06 -0.00531627 0.0112103 -0.00589407 5.31841e-06 -1.00603e-09 
-6.94597e-06 -0.00694318 0.014641 -0.00769779 6.94597e-06 -1.31356e-09 
-8.79005e-06 -0.00878649 0.0185279 -0.00974144 8.79005e-06 -1.66168e-09 
-1.08503e-05 -0.0108459 0.0228705 -0.0120246 1.08503e-05 -2.05008e-09 
-1.31261e-05 -0.0131208 0.0276675 -0.0145467 1.31261e-05 -2.47836e-09 
-1.5617e-05 -0.0156105 0.0329176 -0.017307 1.5617e-05 -2.94595e-09 
-1.8322e-05 -0.0183143 0.0386189 -0.0203046 1.8322e-05 -3.45211e-09 
-2.12399e-05 -0.0212309 0.0447689 -0.023538 2.12399e-05 -3.99592e-09 
-2.43695e-05 -0.0243589 0.0513647 -0.0270058 2.43695e-05 -4.57618e-09 
-2.77088e-05 -0.0276966 0.0584024 -0.0307059 2.77088e-05 -5.19143e-09 
-3.12558e-05 -0.0312417 0.0658775 -0.0346359 3.12558e-05 -5.83987e-09 
-3.50079e-05 -0.0349916 0.0737844 -0.0387928 3.50079e-05 -6.51935e-09 
-3.89621e-05 -0.0389433 0.0821165 -0.0431732 3.89621e-05 -7.2273e-09 
-4.31146e-05 -0.043093 0.090866 -0.047773 4.31146e-05 -7.96067e-09 
-4.74612e-05 -0.0474364 0.100024 -0.0525872 4.74612e-05 -8.7159e-09 
-5.1997e-05 -0.0519686 0.109579 -0.0576104 5.1997e-05 -9.48885e-09 
-5.67163e-05 -0.0566837 0.11952 -0.0628359 5.67163e-05 -1.02747e-08 
-6.16126e-05 -0.061575 0.129831 -0.0682565 6.16126e-05 -1.10681e-08 
-6.66783e-05 -0.0666352 0.140499 -0.0738635 6.66783e-05 -1.18628e-08 
-7.19051e-05 -0.0718555 0.151503 -0.0796475 7.19051e-05 -1.26516e-08 
-7.72834e-05 -0.0772264 0.162824 -0.0855976 7.72834e-05 -1.34267e-08 
-8.28026e-05 -0.082737 0.174439 -0.0917018 8.28026e-05 -1.41791e-08 
-8.84507e-05 -0.0883753 0.186322 -0.0979464 8.84507e-05 -1.48988e-08 
-9.42145e-05 -0.0941278 0.198444 -0.104316 9.42145e-05 -1.55747e-08 
-0.000100079 -0.0999796 0.210775 -0.110795 0.000100079 -1.61946e-08 
-0.000106029 -0.105914 0.223278 -0.117364 0.000106029 -1.67447e-08 
-0.000112045 -0.111913 0.235916 -0.124002 0.000112045 -1.72101e-08 
-0.000118108 -0.117957 0.248646 -0.130689 0.000118108 -1.75744e-08 
-0.000124197 -0.124024 0.261421 -0.137398 0.000124197 -1.78195e-08 
-0.000130288 -0.130089 0.274192 -0.144103 0.000130288 -1.79257e-08 
-0.000136355 -0.136128 0.286903 -0.150775 0.000136355 -1.78715e-08 
-0.00014237 -0.142111 0.299494 -0.157383 0.00014237 -1.76337e-08 
-0.000148304 -0.148008 0.3119 -0.163892 0.000148304 -1.71869e-08 
-0.00015407 -0.153734 0.323941 -0.170208 0.00015407 -1.65111e-08 
-0.000159597 -0.159216 0.335464 -0.176249 0.000159597 -1.55927e-08 
-0.000164863 -0.164433 0.346425 -0.181992 0.000164863 -1.44142e-08 
-0.000169848 -0.169363 0.356776 -0.187414 0.000169848 -1.29578e-08 
-0.000174528 -0.173984 0.366472 -0.192488 0.000174528 -1.12049e-08 
-0.000178881 -0.178273 0.375461 -0.197189 0.000178881 -9.1365e-09 
-0.000182884 -0.182205 0.383695 -0.20149 0.000182884 -6.73284e-09 
-0.000186512 -0.185757 0.391121 -0.205364 0.000186512 -3.97358e-09 
-0.000189741 -0.188903 0.397684 -0.208782 0.000189741 -8.37751e-10 
-0.000192546 -0.191619 0.403337 -0.211718 0.000192546 2.69028e-09 
-0.000194933 -0.19391 0.408088 -0.214177 0.000194933 6.57426e-09 
-0.000196918 -0.195796 0.411979 -0.216183 0.000196918 1.0749e-08 
-0.000198521 -0.197296 0.415055 -0.217759 0.000198521 1.51461e-08 
-0.000199762 -0.198432 0.417362 -0.21893 0.000199762 1.96942e-08 
-0.000200662 -0.199228 0.418951 -0.219723 0.000200662 2.43184e-08 
-0.000201244 -0.199707 0.419872 -0.220165 0.000201244 2.89411e-08 
-0.000201531 -0.199894 0.420181 -0.220287 0.000201531 3.3481e-08 
-0.000201548 -0.199816 0.419935 -0.22012 0.000201548 3.78537e-08 
-0.000201323 -0.199503 0.4192 -0.219697 0.000201323 4.19503e-08 
-0.000200893 -0.198994 0.418061 -0.219066 0.000200893 4.56475e-08 
-0.000200293 -0.198327 0.416596 -0.218269 0.000200293 4.88752e-08 
-0.000199559 -0.197537 0.414883 -0.217346 0.000199559 5.15692e-08 
-0.000198722 -0.196659 0.412994 -0.216335 0.000198722 5.36696e-08 
-0.000197814 -0.195723 0.410997 -0.215274 0.000197814 5.51212e-08 
-0.000196863 -0.19476 0.408956 -0.214196 0.000196863 5.58731e-08 
-0.000195897 -0.193799 0.406932 -0.213133 0.000195897 5.58784e-08 
-0.000194942 -0.192865 0.404981 -0.212116 0.000194942 5.50946e-08 
-0.000194022 -0.191984 0.403157 -0.211173 0.000194022 5.34829e-08 
-0.00019316 -0.191179 0.401509 -0.21033 0.00019316 5.10084e-08 
-0.000192376 -0.190472 0.400083 -0.209611 0.000192376 4.764e-08 
-0.00019169 -0.189883 0.398922 -0.209039 0.00019169 4.33503e-08 
-0.00019112 -0.18943 0.398066 -0.208636 0.00019112 3.81153e-08 
-0.000190684 -0.18913 0.397551 -0.208421 0.000190684 3.19145e-08 
-0.000190396 -0.188999 0.397411 -0.208411 0.000190396 2.47306e-08 
-0.000190271 -0.189053 0.397675 -0.208623 0.000190271 1.65496e-08 
-0.000190321 -0.189302 0.398373 -0.20907 0.000190321 7.36061e-09 
-0.000190559 -0.18976 0.399528 -0.209767 0.000190559 -2.84385e-09 
-0.000190981 -0.190428 0.401142 -0.210714 0.000190981 -1.40275e-08 
-0.000191564 -0.191292 0.403182 -0.21189 0.000191564 -2.60803e-08 
-0.000192283 -0.192334 0.405611 -0.213276 0.000192283 -3.88899e-08 
-0.000193114 -0.193542 0.408393 -0.214851 0.000193114 -5.23498e-08 
-0.000194034 -0.194899 0.411496 -0.216596 0.000194034 -6.63597e-08 
-0.000195023 -0.196393 0.414887 -0.218494 0.000195023 -8.08247e-08 
-0.000196061 -0.198011 0.418538 -0.220527 0.000196061 -9.56557e-08 
-0.00019713 -0.199739 0.422418 -0.222679 0.00019713 -1.10769e-07 
-0.000198213 -0.201567 0.426501 -0.224934 0.000198213 -1.26085e-07 
-0.000199294 -0.203483 0.430762 -0.227279 0.000199294 -1.41531e-07 
-0.000200359 -0.205476 0.435176 -0.229699 0.000200359 -1.57038e-07 
-0.000201395 -0.207537 0.43972 -0.232183 0.000201395 -1.72542e-07 
-0.000202389 -0.209656 0.444372 -0.234716 0.000202389 -1.87983e-07 
-0.00020333 -0.211823 0.449112 -0.237289 0.00020333 -2.03306e-07 
-0.000204208 -0.214031 0.453921 -0.23989 0.000204208 -2.18461e-07 
-0.000205014 -0.216271 0.458782 -0.24251 0.000205014 -2.334e-07 
-0.00020574 -0.218537 0.463676 -0.245139 0.00020574 -2.4808e-07 
-0.000206378 -0.220819 0.468589 -0.247769 0.000206378 -2.62464e-07 
-0.000206922 -0.223113 0.473505 -0.250391 0.000206922 -2.76514e-07 
-0.000207367 -0.225412 0.478411 -0.252999 0.000207367 -2.902e-07 
-0.000207708 -0.22771 0.483295 -0.255585 0.000207708 -3.03493e-07 
-0.000207941 -0.230002 0.488145 -0.258142 0.000207941 -3.16368e-07 
-0.000208063 -0.232283 0.492949 -0.260666 0.000208063 -3.28803e-07 
-0.000208071 -0.234548 0.497699 -0.263151 0.000208071 -3.40778e-07 
-0.000207964 -0.236801 0.502403 -0.265601 0.000207964 -3.52323e-07 
-0.000207714 -0.239231 0.507449 -0.268218 0.000207714 -3.64349e-07 
-0.000207267 -0.241913 0.512988 -0.271075 0.000207267 -3.77109e-07 
-0.000206563 -0.244846 0.519006 -0.27416 0.000206563 -3.90429e-07 
-0.000205528 -0.248026 0.525481 -0.277455 0.000205528 -4.04094e-07 
-0.000204077 -0.251445 0.532382 -0.280937 0.000204077 -4.17845e-07 
-0.00020211 -0.255092 0.539668 -0.284576 0.00020211 -4.31371e-07 
-0.00019951 -0.25895 0.547284 -0.288334 0.00019951 -4.44302e-07 
-0.000196143 -0.262997 0.555161 -0.292164 0.000196143 -4.56203e-07 
-0.000191852 -0.267205 0.563213 -0.296008 0.000191852 -4.66565e-07 
-0.000186471 -0.27154 0.57134 -0.2998 0.000186471 -4.74823e-07 
-0.0001799 -0.275981 0.579479 -0.303497 0.0001799 -4.80593e-07 
-0.000172102 -0.280521 0.587597 -0.307076 0.000172102 -4.8364e-07 
-0.000163062 -0.28515 0.595668 -0.310518 0.000163062 -4.83773e-07 
-0.000152792 -0.289865 0.603672 -0.313807 0.000152792 -4.80847e-07 
-0.000141334 -0.294663 0.611596 -0.316933 0.000141334 -4.74772e-07 
-0.000128765 -0.299543 0.619438 -0.319895 0.000128765 -4.65526e-07 
-0.000115336 -0.30446 0.627129 -0.322669 0.000115336 -4.53291e-07 
-0.000101318 -0.309386 0.634642 -0.325256 0.000101318 -4.38385e-07 
-8.6907e-05 -0.314335 0.64202 -0.327685 8.6907e-05 -4.21112e-07 
-7.23271e-05 -0.319324 0.649316 -0.329992 7.23271e-05 -4.01828e-07 
-5.78292e-05 -0.32437 0.656586 -0.332216 5.78292e-05 -3.80946e-07 
-4.36932e-05 -0.329494 0.663898 -0.334403 4.36932e-05 -3.58936e-07 
-3.0229e-05 -0.33472 0.671327 -0.336606 3.0229e-05 -3.36328e-07 
-1.77779e-05 -0.340074 0.678957 -0.338883 1.77779e-05 -3.13717e-07 
-6.71449e-06 -0.345585 0.686884 -0.341299 6.71449e-06 -2.91764e-07 
2.55514e-06 -0.351284 0.695208 -0.343924 -2.55514e-06 -2.71197e-07 
9.68588e-06 -0.357078 0.703819 -0.346741 -9.68588e-06 -2.5276e-07 
1.47929e-05 -0.362845 0.712504 -0.349659 -1.47929e-05 -2.36479e-07 
1.81528e-05 -0.368545 0.721166 -0.352621 -1.81528e-05 -2.22036e-07 
2.0024e-05 -0.37414 0.729716 -0.355576 -2.0024e-05 -2.09134e-07 
2.06473e-05 -0.379596 0.738074 -0.358478 -2.06473e-05 -1.97498e-07 
2.02465e-05 -0.384884 0.746167 -0.361283 -2.02465e-05 -1.86873e-07 
1.9029e-05 -0.389976 0.753927 -0.363951 -1.9029e-05 -1.77024e-07 
1.71865e-05 -0.394846 0.761294 -0.366448 -1.71865e-05 -1.67736e-07 
1.48955e-05 -0.399473 0.768216 -0.368743 -1.48955e-05 -1.58811e-07 
1.2317e-05 -0.403839 0.774647 -0.370808 -1.2317e-05 -1.50067e-07 
9.56579e-06 -0.407975 0.780613 -0.372638 -9.56579e-06 -1.41234e-07 
6.76088e-06 -0.411879 0.786089 -0.37421 -6.76088e-06 -1.32099e-07 
4.03607e-06 -0.415524 0.791013 -0.375489 -4.03607e-06 -1.22496e-07 
1.52606e-06 -0.418882 0.795322 -0.37644 -1.52606e-06 -1.1226e-07 
-6.34136e-07 -0.421927 0.798952 -0.377026 6.34136e-07 -1.01225e-07 
-2.36517e-06 -0.424646 0.801877 -0.377231 2.36517e-06 -8.93722e-08 
-3.69087e-06 -0.427058 0.804133 -0.377076 3.69087e-06 -7.69551e-08 
-4.64632e-06 -0.429181 0.805766 -0.376585 4.64632e-06 -6.42577e-08 
-5.26684e-06 -0.431037 0.806821 -0.375783 5.26684e-06 -5.15662e-08 
-5.588e-06 -0.432647 0.807342 -0.374695 5.588e-06 -3.91683e-08 
-5.64557e-06 -0.434032 0.807378 -0.373346 5.64557e-06 -2.73536e-08 
-5.47559e-06 -0.435212 0.806972 -0.37176 5.47559e-06 -1.64138e-08 
-5.11431e-06 -0.436208 0.806172 -0.369964 5.11431e-06 -6.64217e-09 
-4.59825e-06 -0.437042 0.805025 -0.367982 4.59825e-06 1.66595e-09 
-3.96414e-06 -0.437736 0.803577 -0.365841 3.96414e-06 8.21345e-09 
-3.24895e-06 -0.43831 0.801876 -0.363566 3.24895e-06 1.27013e-08 
-2.4899e-06 -0.438787 0.79997 -0.361183 2.4899e-06 1.48286e-08 
-1.72444e-06 -0.439188 0.797907 -0.358719 1.72444e-06 1.42926e-08 
-9.90271e-07 -0.439535 0.795734 -0.356199 9.90271e-07 1.07885e-08 
-3.25322e-07 -0.439851 0.793502 -0.35365 3.25322e-07 4.00972e-09 
2.33714e-07 -0.440158 0.791257 -0.351099 -2.33714e-07 -6.3275e-09 
6.75818e-07 -0.440477 0.78904 -0.348564 -6.75818e-07 -2.01181e-08 
1.00984e-06 -0.44083 0.786891 -0.346061 -1.00984e-06 -3.69125e-08 
1.24467e-06 -0.44124 0.784853 -0.343613 -1.24467e-06 -5.62241e-08 
1.38944e-06 -0.441728 0.782969 -0.341242 -1.38944e-06 -7.75521e-08 
1.45362e-06 -0.442317 0.781287 -0.33897 -1.45362e-06 -1.00381e-07 
1.4469e-06 -0.44303 0.779852 -0.336821 -1.4469e-06 -1.24181e-07 
1.37932e-06 -0.443893 0.778712 -0.334819 -1.37932e-06 -1.48407e-07 
1.26117e-06 -0.444929 0.777918 -0.332988 -1.26117e-06 -1.72499e-07 
1.10305e-06 -0.446164 0.777518 -0.331354 -1.10305e-06 -1.95883e-07 
9.15866e-07 -0.447624 0.777566 -0.329942 -9.15866e-07 -2.17968e-07 
7.09954e-07 -0.449343 0.778118 -0.328775 -7.09954e-07 -2.38226e-07 
4.95642e-07 -0.451363 0.779242 -0.327878 -4.95642e-07 -2.5609e-07 
2.85251e-07 -0.453723 0.781013 -0.32729 -2.85251e-07 -2.70813e-07 
9.21602e-08 -0.456462 0.783511 -0.32705 -9.21602e-08 -2.81588e-07 
-6.97649e-08 -0.459619 0.786816 -0.327197 6.97649e-08 -2.87604e-07 
-1.95141e-07 -0.463201 0.790939 -0.327738 1.95141e-07 -2.88774e-07 
-2.86004e-07 -0.467183 0.795828 -0.328645 2.86004e-07 -2.85654e-07 
-3.44875e-07 -0.471537 0.801426 -0.329889 3.44875e-07 -2.78875e-07 
-3.74563e-07 -0.476232 0.807669 -0.331437 3.74563e-07 -2.69128e-07 
-3.78176e-07 -0.481234 0.814486 -0.333253 3.78176e-07 -2.57164e-07 
-3.59133e-07 -0.486505 0.8218 -0.335295 3.59133e-07 -2.43803e-07 
-3.21173e-07 -0.492004 0.829525 -0.337521 3.21173e-07 -2.29927e-07 
-2.68365e-07 -0.497686 0.83757 -0.339884 2.68365e-07 -2.1649e-07 
-2.05119e-07 -0.503504 0.845835 -0.342331 2.05119e-07 -2.04514e-07 
-1.36195e-07 -0.509404 0.854214 -0.344809 1.36195e-07 -1.95095e-07 
-6.67176e-08 -0.515333 0.862591 -0.347258 6.67176e-08 -1.89405e-07 
-2.18259e-09 -0.521229 0.870843 -0.349614 2.18259e-09 -1.88692e-07 
5.21514e-08 -0.52706 0.878886 -0.351826 -5.21514e-08 -1.94179e-07 
9.90729e-08 -0.533548 0.887674 -0.354125 -9.90729e-08 -2.07527e-07 
1.3548e-07 -0.540961 0.897508 -0.356547 -1.3548e-07 -2.30245e-07 
1.55553e-07 -0.549222 0.908222 -0.359 -1.55553e-07 -2.6144e-07 
1.5545e-07 -0.558288 0.919712 -0.361424 -1.5545e-07 -2.96711e-07 
1.34545e-07 -0.568163 0.93197 -0.363807 -1.34545e-07 -3.26708e-07 
9.7718e-08 -0.578688 0.944845 -0.366157 -9.7718e-08 -3.35678e-07 
5.53214e-08 -0.589826 0.958406 -0.36858 -5.53214e-08 -3.04355e-07 
1.58642e-08 -0.601662 0.972813 -0.371151 -1.58642e-08 -2.29458e-07 
-1.58282e-08 -0.61412 0.987928 -0.373808 1.58282e-08 -1.32174e-07 
-3.41359e-08 -0.626975 1.00341 -0.376439 3.41359e-08 -4.33948e-08 
-3.32042e-08 -0.640134 1.01908 -0.378947 3.32042e-08 4.71997e-10 
-7.74967e-09 -0.653514 1.03475 -0.381236 7.74967e-09 -3.69027e-08 
3.69362e-08 -0.667097 1.05038 -0.383282 -3.69362e-08 -1.45113e-07 
8.88105e-08 -0.680901 1.066 -0.385098 -8.88105e-08 -2.85085e-07 
1.33244e-07 -0.694825 1.08152 -0.386693 -1.33244e-07 -4.09327e-07 
1.54807e-07 -0.70863 1.0967 -0.388073 -1.54807e-07 -4.67894e-07 
1.45382e-07 -0.722322 1.11156 -0.389238 -1.45382e-07 -4.39399e-07 
1.016e-07 -0.735782 1.12594 -0.39016 -1.016e-07 -3.20996e-07 
2.14463e-08 -0.748926 1.13975 -0.390821 -2.14463e-08 -1.13096e-07 
-1.00103e-07 -0.762215 1.15344 -0.391224 1.00103e-07 1.92207e-07 
-3.04876e-07 -0.781614 1.17302 -0.391411 3.04876e-07 6.96179e-07 
-4.37665e-07 -0.806434 1.19774 -0.391302 4.37665e-07 1.01903e-06 
-3.30858e-07 -0.824379 1.21551 -0.391132 3.30858e-07 7.58558e-07 
-2.13338e-07 -0.835462 1.22623 -0.390764 2.13338e-07 4.72596e-07 
-1.1797e-07 -0.844629 1.23479 -0.390159 1.1797e-07 2.40658e-07 
-5.52364e-08 -0.852283 1.24166 -0.389375 5.52364e-08 8.81491e-08 
-2.40047e-08 -0.858404 1.24694 -0.388533 2.40047e-08 1.22688e-08 
-1.48277e-08 -0.862957 1.25073 -0.38777 1.48277e-08 -9.9832e-09 
-1.54646e-08 -0.866371 1.25351 -0.387134 1.54646e-08 -8.37643e-09 
-2.13918e-08 -0.869877 1.25632 -0.386441 2.13918e-08 6.10942e-09 
-3.18929e-08 -0.873535 1.25923 -0.385696 3.18929e-08 3.17386e-08 
-4.59698e-08 -0.877335 1.26225 -0.384916 4.59698e-08 6.60915e-08 
-6.22611e-08 -0.881266 1.26539 -0.384128 6.22611e-08 1.05865e-07 
-7.90017e-08 -0.885314 1.26868 -0.383363 7.90017e-08 1.46777e-07 
-9.39823e-08 -0.889461 1.27212 -0.382658 9.39823e-08 1.83465e-07 
-1.04507e-07 -0.893686 1.27575 -0.38206 1.04507e-07 2.09386e-07 
-1.07348e-07 -0.897965 1.27959 -0.381622 1.07348e-07 2.16706e-07 
-9.88098e-08 -0.902242 1.28365 -0.381405 9.88098e-08 1.96451e-07 
-7.55146e-08 -0.906398 1.28787 -0.381471 7.55146e-08 1.40406e-07 
-3.42688e-08 -0.910408 1.29227 -0.381867 3.42688e-08 4.08168e-08 
2.77341e-08 -0.914251 1.29689 -0.382637 -2.77341e-08 -1.09135e-07 
1.08769e-07 -0.917931 1.30171 -0.383777 -1.08769e-07 -3.05274e-07 
2.04323e-07 -0.921458 1.30672 -0.38526 -2.04323e-07 -5.3666e-07 
3.09794e-07 -0.924845 1.3119 -0.387055 -3.09794e-07 -7.92134e-07 
4.20523e-07 -0.928106 1.31724 -0.389131 -4.20523e-07 -1.06041e-06 
5.31802e-07 -0.931254 1.32271 -0.391458 -5.31802e-07 -1.33006e-06 
6.38865e-07 -0.934302 1.32831 -0.394004 -6.38865e-07 -1.58955e-06 
7.36894e-07 -0.937263 1.334 -0.396737 -7.36894e-07 -1.82719e-06 
8.21018e-07 -0.94015 1.33978 -0.399626 -8.21018e-07 -2.03117e-06 
8.8631e-07 -0.942979 1.34562 -0.402638 -8.8631e-07 -2.18955e-06 
9.27787e-07 -0.945762 1.3515 -0.40574 -9.27787e-07 -2.29025e-06 
9.40483e-07 -0.948513 1.35741 -0.408899 -9.40483e-07 -2.32123e-06 
9.23015e-07 -0.95124 1.3633 -0.412059 -9.23015e-07 -2.27914e-06 
8.80892e-07 -0.953888 1.36896 -0.415077 -8.80892e-07 -2.17729e-06 
8.20493e-07 -0.956462 1.37435 -0.41789 -8.20493e-07 -2.03113e-06 
7.47264e-07 -0.958978 1.37944 -0.420467 -7.47264e-07 -1.85385e-06 
6.65815e-07 -0.961447 1.38423 -0.422785 -6.65815e-07 -1.6566e-06 
5.7999e-07 -0.963877 1.38871 -0.424832 -5.7999e-07 -1.44871e-06 
4.92947e-07 -0.966272 1.39287 -0.4266 -4.92947e-07 -1.23781e-06 
4.07222e-07 -0.968633 1.39672 -0.428092 -4.07222e-07 -1.03006e-06 
3.24797e-07 -0.970958 1.40027 -0.429312 -3.24797e-07 -8.30252e-07 
2.45897e-07 -0.97328 1.40357 -0.430289 -2.45897e-07 -6.38937e-07 
1.63126e-07 -0.975878 1.40698 -0.431099 -1.63126e-07 -4.38167e-07 
7.71663e-08 -0.97884 1.41051 -0.431675 -7.71663e-08 -2.29569e-07 
-8.52557e-09 -0.982214 1.41412 -0.431906 8.52557e-09 -2.14895e-08 
-8.97061e-08 -0.986051 1.41772 -0.431672 8.97061e-08 1.75822e-07 
-1.6373e-07 -0.990369 1.4213 -0.430934 1.6373e-07 3.55962e-07 
-2.28764e-07 -0.995158 1.42487 -0.429707 2.28764e-07 5.14476e-07 
-2.83125e-07 -1.00039 1.42844 -0.428047 2.83125e-07 6.47259e-07 
-3.25017e-07 -1.00598 1.43205 -0.426074 3.25017e-07 7.49905e-07 
-3.51938e-07 -1.01139 1.43549 -0.424106 3.51938e-07 8.16207e-07 
-3.66158e-07 -1.01646 1.43879 -0.422333 3.66158e-07 8.51602e-07 
-3.70424e-07 -1.02114 1.44201 -0.420866 3.70424e-07 8.62713e-07 
-3.67075e-07 -1.02541 1.44518 -0.41977 3.67075e-07 8.55195e-07 
-3.58089e-07 -1.02925 1.44832 -0.419077 3.58089e-07 8.33838e-07 
-3.45124e-07 -1.03265 1.45144 -0.41879 3.45124e-07 8.02663e-07 
-3.29569e-07 -1.03565 1.45453 -0.418878 3.29569e-07 7.65053e-07 
-3.12522e-07 -1.03829 1.45754 -0.419252 3.12522e-07 7.23707e-07 
-2.94336e-07 -1.04068 1.46053 -0.419844 2.94336e-07 6.79511e-07 
-2.7553e-07 -1.04287 1.46347 -0.4206 2.7553e-07 6.33749e-07 
-2.56587e-07 -1.04487 1.46634 -0.421474 2.56587e-07 5.87609e-07 
-2.379e-07 -1.0467 1.46912 -0.422426 2.379e-07 5.42056e-07 
-2.1978e-07 -1.04837 1.47179 -0.423422 2.1978e-07 4.97861e-07 
-2.02469e-07 -1.04991 1.47434 -0.424434 2.02469e-07 4.5562e-07 
-1.8615e-07 -1.05131 1.47675 -0.42544 1.8615e-07 4.15783e-07 
-1.70951e-07 -1.05259 1.47901 -0.42642 1.70951e-07 3.78669e-07 
-1.56958e-07 -1.05376 1.48112 -0.427358 1.56958e-07 3.44493e-07 
-1.44221e-07 -1.05482 1.48306 -0.428243 1.44221e-07 3.13378e-07 
-1.32762e-07 -1.05577 1.48484 -0.429065 1.32762e-07 2.85378e-07 
-1.22577e-07 -1.05663 1.48645 -0.429817 1.22577e-07 2.6049e-07 
-1.1365e-07 -1.05738 1.48788 -0.430494 1.1365e-07 2.38671e-07 
-1.0595e-07 -1.05804 1.48913 -0.431091 1.0595e-07 2.19849e-07 
-9.94396e-08 -1.05861 1.49021 -0.431607 9.94396e-08 2.03936e-07 
-9.40812e-08 -1.05908 1.49112 -0.432039 9.40812e-08 1.90836e-07 
-8.98362e-08 -1.05945 1.49184 -0.432387 8.98362e-08 1.80458e-07 
-8.66704e-08 -1.05974 1.49239 -0.432649 8.66704e-08 1.72718e-07 
-8.4556e-08 -1.05993 1.49276 -0.432826 8.4556e-08 1.67549e-07 
-8.34731e-08 -1.06003 1.49294 -0.432917 8.34731e-08 1.64901e-07 
-8.30256e-08 -1.06007 1.49302 -0.432954 8.30256e-08 1.63807e-07 
-8.02426e-08 -1.06032 1.49351 -0.43319 8.02426e-08 1.57002e-07 
-7.45808e-08 -1.06085 1.49452 -0.433677 7.45808e-08 1.43159e-07 
-6.62289e-08 -1.06164 1.49606 -0.434414 6.62289e-08 1.22736e-07 
-5.55078e-08 -1.06271 1.49811 -0.435398 5.55078e-08 9.65176e-08 
-4.29136e-08 -1.06405 1.50067 -0.436619 4.29136e-08 6.57158e-08 
-2.9175e-08 -1.06567 1.50373 -0.438058 2.9175e-08 3.21121e-08 
-1.53255e-08 -1.06759 1.50727 -0.439683 1.53255e-08 -1.76479e-09 
-2.63746e-09 -1.06982 1.51127 -0.441447 2.63746e-09 -3.28009e-08 
7.87293e-09 -1.07238 1.5157 -0.443318 -7.87293e-09 -5.85102e-08 
1.53746e-08 -1.07527 1.52054 -0.445268 -1.53746e-08 -7.68595e-08 
1.92293e-08 -1.07851 1.52578 -0.447277 -1.92293e-08 -8.62881e-08 
1.90828e-08 -1.08209 1.53142 -0.449331 -1.90828e-08 -8.59289e-08 
1.49479e-08 -1.08602 1.53746 -0.451436 -1.49479e-08 -7.58141e-08 
7.31228e-09 -1.09032 1.54392 -0.453606 -7.31228e-09 -5.71365e-08 
-2.68784e-09 -1.09495 1.55082 -0.45587 2.68784e-09 -3.26758e-08 
-1.3119e-08 -1.09989 1.55817 -0.458282 1.3119e-08 -7.1621e-09 
-2.13035e-08 -1.10511 1.56602 -0.460914 2.13035e-08 1.28543e-08 
-2.59933e-08 -1.11059 1.57439 -0.463797 2.59933e-08 2.4321e-08 
-2.72875e-08 -1.11634 1.58325 -0.466913 2.72875e-08 2.74819e-08 
-2.55532e-08 -1.12236 1.59259 -0.470237 2.55532e-08 2.32376e-08 
-2.14461e-08 -1.12867 1.6024 -0.473735 2.14461e-08 1.31948e-08 
-1.58399e-08 -1.13542 1.61285 -0.477429 1.58399e-08 -5.0509e-10 
-1.00737e-08 -1.14272 1.62402 -0.481301 1.00737e-08 -1.4584e-08 
-6.05243e-09 -1.15055 1.63589 -0.485332 6.05243e-09 -2.43942e-08 
-6.46594e-09 -1.15901 1.64857 -0.489566 6.46594e-09 -2.33782e-08 
-1.5253e-08 -1.16812 1.66216 -0.494041 1.5253e-08 -1.93424e-09 
-3.43961e-08 -1.17789 1.67666 -0.498768 3.43961e-08 4.47657e-08 
-4.83235e-08 -1.18831 1.69203 -0.503728 4.83235e-08 7.87374e-08 
-2.86178e-08 -1.19939 1.70828 -0.508895 2.86178e-08 3.0666e-08 
5.61668e-08 -1.21127 1.72555 -0.51428 -5.61668e-08 -1.7615e-07 
1.68567e-07 -1.22387 1.74368 -0.519815 -1.68567e-07 -4.50326e-07 
2.14569e-07 -1.23667 1.76193 -0.525258 -2.14569e-07 -5.62535e-07 
1.41341e-07 -1.24951 1.78004 -0.530537 -1.41341e-07 -3.83911e-07 
2.67611e-08 -1.26218 1.79775 -0.535571 -2.67611e-08 -1.04419e-07 
-3.70755e-08 -1.27468 1.81504 -0.540359 3.70755e-08 5.12957e-08 
-3.41836e-08 -1.287 1.8319 -0.544901 3.41836e-08 4.42409e-08 
-1.67564e-08 -1.29912 1.84832 -0.549197 1.67564e-08 1.73049e-09 
-2.72058e-08 -1.31104 1.86429 -0.553249 2.72058e-08 2.7219e-08 
-4.45118e-08 -1.32272 1.87978 -0.557059 4.45118e-08 6.94329e-08 
-2.29156e-08 -1.33415 1.89479 -0.560637 2.29156e-08 1.67535e-08 
6.35593e-08 -1.34526 1.90923 -0.563972 -6.35593e-08 -1.94184e-07 
1.67679e-07 -1.35603 1.92309 -0.56706 -1.67679e-07 -4.48161e-07 
2.27809e-07 -1.36649 1.93639 -0.569896 -2.27809e-07 -5.94833e-07 
2.0121e-07 -1.37663 1.94911 -0.572481 -2.0121e-07 -5.29947e-07 
1.16799e-07 -1.38634 1.96118 -0.57484 -1.16799e-07 -3.24042e-07 
2.99853e-08 -1.39559 1.97261 -0.577022 -2.99853e-08 -1.12281e-07 
-1.81066e-08 -1.40444 1.98354 -0.579097 1.81066e-08 5.02262e-09 
-5.92123e-09 -1.41311 1.99422 -0.581112 5.92123e-09 -2.47121e-08 
5.29701e-08 -1.42164 2.0046 -0.582965 -5.29701e-08 -1.68373e-07 
1.40217e-07 -1.43009 2.01464 -0.58455 -1.40217e-07 -3.8119e-07 
2.3949e-07 -1.43851 2.02428 -0.585773 -2.3949e-07 -6.23324e-07 
3.35655e-07 -1.44686 2.03349 -0.586633 -3.35655e-07 -8.5786e-07 
4.11625e-07 -1.45455 2.04194 -0.587381 -4.11625e-07 -1.04314e-06 
4.60203e-07 -1.46137 2.04962 -0.58825 -4.60203e-07 -1.16162e-06 
4.80906e-07 -1.46726 2.0566 -0.589345 -4.80906e-07 -1.21214e-06 
4.76974e-07 -1.47225 2.06293 -0.590678 -4.76974e-07 -1.20259e-06 
4.53649e-07 -1.47646 2.06865 -0.592192 -4.53649e-07 -1.14577e-06 
4.20051e-07 -1.47998 2.07364 -0.593656 -4.20051e-07 -1.06388e-06 
3.84472e-07 -1.48293 2.07781 -0.594878 -3.84472e-07 -9.77157e-07 
3.52124e-07 -1.48532 2.08112 -0.595795 -3.52124e-07 -8.98296e-07 
3.26043e-07 -1.48716 2.08358 -0.596418 -3.26043e-07 -8.34708e-07 
3.07845e-07 -1.48843 2.08522 -0.596793 -3.07845e-07 -7.90335e-07 
2.9829e-07 -1.48909 2.08606 -0.596971 -2.9829e-07 -7.67034e-07 
2.96745e-07 -1.48919 2.08619 -0.596999 -2.96745e-07 -7.63267e-07 
2.95852e-07 -1.48925 2.08627 -0.597014 -2.95852e-07 -7.6109e-07 
2.93998e-07 -1.48938 2.08643 -0.597047 -2.93998e-07 -7.56568e-07 
2.91178e-07 -1.48958 2.08667 -0.597095 -2.91178e-07 -7.4969e-07 
2.87385e-07 -1.48984 2.087 -0.597158 -2.87385e-07 -7.40442e-07 
2.82614e-07 -1.49017 2.0874 -0.597233 -2.82614e-07 -7.28807e-07 
2.76856e-07 -1.49057 2.08789 -0.59732 -2.76856e-07 -7.14765e-07 
2.70106e-07 -1.49104 2.08846 -0.597416 -2.70106e-07 -6.98303e-07 
2.62359e-07 -1.49158 2.0891 -0.597516 -2.62359e-07 -6.79408e-07 
2.53615e-07 -1.4922 2.08982 -0.597617 -2.53615e-07 -6.58082e-07 
2.43879e-07 -1.49289 2.09061 -0.597715 -2.43879e-07 -6.34335e-07 
2.33164e-07 -1.49367 2.09147 -0.597804 -2.33164e-07 -6.08201e-07 
2.21494e-07 -1.49452 2.0924 -0.597876 -2.21494e-07 -5.79733e-07 
2.08903e-07 -1.49546 2.09339 -0.597925 -2.08903e-07 -5.49016e-07 
1.95441e-07 -1.4965 2.09444 -0.59794 -1.95441e-07 -5.16174e-07 
1.81177e-07 -1.49763 2.09554 -0.597911 -1.81177e-07 -4.8137e-07 
1.66199e-07 -1.49886 2.09668 -0.597825 -1.66199e-07 -4.44821e-07 
1.50621e-07 -1.5002 2.09787 -0.597669 -1.50621e-07 -4.06802e-07 
1.34585e-07 -1.50166 2.09909 -0.597426 -1.34585e-07 -3.67658e-07 
1.18262e-07 -1.50325 2.10033 -0.597077 -1.18262e-07 -3.27809e-07 
1.01864e-07 -1.50497 2.10157 -0.596601 -1.01864e-07 -2.87764e-07 
8.56372e-08 -1.50685 2.10282 -0.595974 -8.56372e-08 -2.48128e-07 
6.98767e-08 -1.50889 2.10406 -0.595171 -6.98767e-08 -2.09615e-07 
5.49094e-08 -1.5111 2.10526 -0.594161 -5.49094e-08 -1.73021e-07 
4.09469e-08 -1.5135 2.10643 -0.592926 -4.09469e-08 -1.38863e-07 
2.81119e-08 -1.5161 2.10755 -0.591454 -2.81119e-08 -1.07438e-07 
1.65118e-08 -1.51889 2.10862 -0.589736 -1.65118e-08 -7.90087e-08 
6.23826e-09 -1.52188 2.10964 -0.587765 -6.23826e-09 -5.37991e-08 
-2.63612e-09 -1.52507 2.1106 -0.585537 2.63612e-09 -3.19873e-08 
-1.00597e-08 -1.52846 2.11151 -0.583049 1.00597e-08 -1.37002e-08 
-1.60047e-08 -1.53205 2.11236 -0.580303 1.60047e-08 9.927e-10 
-2.04699e-08 -1.53584 2.11315 -0.577306 2.04699e-08 1.20861e-08 
-2.3483e-08 -1.53982 2.11388 -0.574065 2.3483e-08 1.96456e-08 
-2.51044e-08 -1.54398 2.11458 -0.570596 2.51044e-08 2.38147e-08 
-2.54293e-08 -1.54832 2.11523 -0.566916 2.54293e-08 2.4822e-08 
-2.45912e-08 -1.55281 2.11586 -0.563049 2.45912e-08 2.29887e-08 
-2.27651e-08 -1.55745 2.11647 -0.559025 2.27651e-08 1.87364e-08 
-2.01526e-08 -1.56224 2.11709 -0.554852 2.01526e-08 1.25519e-08 
-1.69365e-08 -1.56728 2.11775 -0.550469 1.69365e-08 4.87755e-09 
-1.3438e-08 -1.57255 2.11848 -0.545923 1.3438e-08 -3.5141e-09 
-9.92125e-09 -1.57803 2.11929 -0.541256 9.92125e-09 -1.19848e-08 
-6.4727e-09 -1.58372 2.12019 -0.536472 6.4727e-09 -2.03202e-08 
-3.1803e-09 -1.58961 2.12117 -0.531568 3.1803e-09 -2.82985e-08 
-1.48682e-10 -1.5957 2.12223 -0.526533 1.48682e-10 -3.56535e-08 
2.49876e-09 -1.602 2.12335 -0.521352 -2.49876e-09 -4.20697e-08 
4.6006e-09 -1.60845 2.12451 -0.516058 -4.6006e-09 -4.71347e-08 
6.00996e-09 -1.61503 2.12568 -0.510652 -6.00996e-09 -5.04687e-08 
6.58675e-09 -1.62174 2.12684 -0.505096 -6.58675e-09 -5.17049e-08 
6.17727e-09 -1.62862 2.12797 -0.499348 -6.17727e-09 -5.04401e-08 
4.63686e-09 -1.63568 2.12904 -0.493361 -4.63686e-09 -4.62934e-08 
2.08145e-09 -1.64293 2.13004 -0.487118 -2.08145e-09 -3.95581e-08 
-1.17201e-09 -1.65036 2.13098 -0.480627 1.17201e-09 -3.10473e-08 
-4.75504e-09 -1.65796 2.13186 -0.473895 4.75504e-09 -2.17065e-08 
-8.24748e-09 -1.66574 2.13267 -0.466932 8.24748e-09 -1.26132e-08 
-1.11747e-08 -1.67367 2.13342 -0.45975 1.11747e-08 -4.98492e-09 
-1.30046e-08 -1.68175 2.13411 -0.452364 1.30046e-08 -1.86025e-10 
-1.31412e-08 -1.69 2.13476 -0.444757 1.31412e-08 2.55365e-10 
-1.10403e-08 -1.69844 2.13536 -0.436922 1.10403e-08 -5.05551e-09 
-6.94226e-09 -1.70706 2.13592 -0.428856 6.94226e-09 -1.54963e-08 
-1.4463e-09 -1.71586 2.13641 -0.420553 1.4463e-09 -2.95216e-08 
4.73702e-09 -1.72484 2.13685 -0.412006 -4.73702e-09 -4.52995e-08 
1.07689e-08 -1.73397 2.13721 -0.403231 -1.07689e-08 -6.06676e-08 
1.57144e-08 -1.74326 2.13748 -0.394222 -1.57144e-08 -7.32159e-08 
1.85412e-08 -1.75269 2.13766 -0.38497 -1.85412e-08 -8.0283e-08 
1.87353e-08 -1.76227 2.13774 -0.375468 -1.87353e-08 -8.05479e-08 
1.68147e-08 -1.77199 2.13771 -0.365715 -1.68147e-08 -7.53555e-08 
1.34739e-08 -1.78186 2.13757 -0.355711 -1.34739e-08 -6.65085e-08 
9.49548e-09 -1.79185 2.13731 -0.345458 -9.49548e-09 -5.60376e-08 
5.75404e-09 -1.80197 2.13693 -0.334957 -5.75404e-09 -4.62118e-08 
3.19258e-09 -1.81222 2.13643 -0.324209 -3.19258e-09 -3.94773e-08 
2.12116e-09 -1.82258 2.13579 -0.313213 -2.12116e-09 -3.66233e-08 
2.07465e-09 -1.83305 2.13502 -0.301967 -2.07465e-09 -3.64102e-08 
2.49336e-09 -1.84363 2.1341 -0.290472 -2.49336e-09 -3.73489e-08 
2.75684e-09 -1.8543 2.13303 -0.278727 -2.75684e-09 -3.7789e-08 
2.18303e-09 -1.86507 2.1318 -0.266731 -2.18303e-09 -3.59165e-08 
3.51319e-10 -1.87593 2.13041 -0.254484 -3.51319e-10 -3.06183e-08 
-2.40022e-09 -1.88686 2.12885 -0.241986 2.40022e-09 -2.28118e-08 
-5.57897e-09 -1.89787 2.12711 -0.229238 5.57897e-09 -1.38293e-08 
-8.64385e-09 -1.90894 2.12518 -0.216242 8.64385e-09 -5.13412e-09 
-1.10067e-08 -1.92007 2.12306 -0.202997 1.10067e-08 1.6827e-09 
-1.22882e-08 -1.93125 2.12075 -0.189502 1.22882e-08 5.57827e-09 
-1.25439e-08 -1.94247 2.11823 -0.17576 1.25439e-08 6.65453e-09 
-1.18858e-08 -1.95374 2.11551 -0.16177 1.18858e-08 5.15878e-09 
-1.04387e-08 -1.96503 2.11256 -0.147531 1.04387e-08 1.3675e-09 
-8.36054e-09 -1.97634 2.10939 -0.133045 8.36054e-09 -4.34382e-09 
-6.01232e-09 -1.98767 2.10598 -0.118312 6.01232e-09 -1.09288e-08 
-3.89109e-09 -1.999 2.10233 -0.103331 3.89109e-09 -1.6896e-08 
-2.53968e-09 -2.01033 2.09844 -0.0881039 2.53968e-09 -2.06165e-08 
-2.51853e-09 -2.02153 2.09433 -0.0728082 2.51853e-09 -2.04105e-08 
-3.80788e-09 -2.03245 2.09007 -0.0576224 3.80788e-09 -1.63261e-08 
-5.77646e-09 -2.04311 2.08566 -0.0425525 5.77646e-09 -1.02322e-08 
-7.78376e-09 -2.05345 2.08113 -0.0276801 7.78376e-09 -4.0268e-09 
-9.24193e-09 -2.06344 2.0765 -0.0130522 9.24193e-09 5.48619e-10 
-9.83484e-09 -2.0731 2.07178 0.00132761 9.83484e-09 2.55747e-09 
-9.78953e-09 -2.08244 2.06698 0.0154618 9.78953e-09 2.67095e-09 
-9.38916e-09 -2.09146 2.06211 0.0293498 9.38916e-09 1.72632e-09 
-8.89006e-09 -2.10016 2.05717 0.0429891 8.89006e-09 4.81474e-10 
-8.51572e-09 -2.10857 2.05219 0.056379 8.51572e-09 -4.02659e-10 
-8.33149e-09 -2.11667 2.04715 0.0695191 8.33149e-09 -7.32655e-10 
-8.2775e-09 -2.12449 2.04208 0.0824088 8.2775e-09 -6.85165e-10 
-8.29553e-09 -2.13203 2.03698 0.0950489 8.29553e-09 -4.3197e-10 
-8.33325e-09 -2.1393 2.03186 0.107441 8.33325e-09 -1.27413e-10 
-8.34507e-09 -2.14631 2.02672 0.119586 8.34507e-09 9.39962e-11 
-8.31634e-09 -2.15306 2.02158 0.131481 8.31634e-09 1.89205e-10 
-8.25916e-09 -2.15956 2.01643 0.143129 8.25916e-09 1.9426e-10 
-8.18546e-09 -2.16582 2.01129 0.15453 8.18546e-09 1.44643e-10 
-8.10592e-09 -2.17183 2.00615 0.165682 8.10592e-09 7.21087e-11 
-8.03002e-09 -2.17761 2.00103 0.176583 8.03002e-09 4.88329e-12 
-7.9648e-09 -2.18316 1.99593 0.187234 7.9648e-09 -3.60418e-11 
-7.90975e-09 -2.18849 1.99085 0.197639 7.90975e-09 -5.20331e-11 
-7.86228e-09 -2.19362 1.98581 0.207804 7.86228e-09 -5.06547e-11 
-7.82006e-09 -2.19855 1.98082 0.217732 7.82006e-09 -3.86481e-11 
-7.78105e-09 -2.2033 1.97587 0.227423 7.78105e-09 -2.19809e-11 
-7.74346e-09 -2.20786 1.97098 0.236879 7.74346e-09 -5.86395e-12 
-7.70578e-09 -2.21226 1.96616 0.246103 7.70578e-09 5.36939e-12 
-7.66764e-09 -2.21649 1.96141 0.255088 7.66764e-09 1.07969e-11 
-7.62946e-09 -2.22055 1.95671 0.26384 7.62946e-09 1.20139e-11 
-7.59159e-09 -2.22443 1.95206 0.27237 7.59159e-09 1.04781e-11 
-7.5544e-09 -2.22814 1.94747 0.280669 7.5544e-09 7.46319e-12 
-7.51823e-09 -2.23166 1.94293 0.288728 7.51823e-09 4.08712e-12 
-7.48338e-09 -2.23499 1.93844 0.296543 7.48338e-09 1.32104e-12 
-7.45009e-09 -2.23812 1.93401 0.304107 7.45009e-09 -2.06133e-15 
-7.41849e-09 -2.24107 1.92965 0.311424 7.41849e-09 5.61672e-13 
-7.38839e-09 -2.24387 1.92535 0.318518 7.38839e-09 2.42149e-12 
-7.35955e-09 -2.24655 1.92114 0.325418 7.35955e-09 4.84243e-12 
-7.33178e-09 -2.24915 1.91701 0.332146 7.33178e-09 7.19443e-12 
-7.3049e-09 -2.2517 1.91298 0.338722 7.3049e-09 8.94531e-12 
-7.27881e-09 -2.25421 1.90906 0.34515 7.27881e-09 9.65392e-12 
-7.25344e-09 -2.25669 1.90526 0.351429 7.25344e-09 8.97527e-12 
-7.22869e-09 -2.25916 1.90159 0.357568 7.22869e-09 6.65493e-12 
-7.2045e-09 -2.26163 1.89806 0.363572 7.2045e-09 2.51725e-12 
-7.18082e-09 -2.2641 1.89466 0.369443 7.18082e-09 -3.5115e-12 
-7.15776e-09 -2.26654 1.89139 0.375152 7.15776e-09 -1.09057e-11 
-7.13556e-09 -2.2689 1.88824 0.380656 7.13556e-09 -1.87653e-11 
-7.11439e-09 -2.27113 1.88521 0.385918 7.11439e-09 -2.63572e-11 
-7.09438e-09 -2.2732 1.88229 0.390912 7.09438e-09 -3.3116e-11 
-7.07564e-09 -2.2751 1.87948 0.395618 7.07564e-09 -3.8626e-11 
-7.05822e-09 -2.2768 1.87678 0.400021 7.05822e-09 -4.26037e-11 
-7.04216e-09 -2.2783 1.87419 0.404115 7.04216e-09 -4.48822e-11 
-7.02747e-09 -2.2796 1.87171 0.407897 7.02747e-09 -4.53955e-11 
-7.01412e-09 -2.2807 1.86934 0.411369 7.01412e-09 -4.41635e-11 
-7.00209e-09 -2.28162 1.86708 0.414537 7.00209e-09 -4.12787e-11 
-6.99132e-09 -2.28235 1.86494 0.41741 6.99132e-09 -3.68928e-11 
-6.98176e-09 -2.28292 1.86292 0.419998 6.98176e-09 -3.12044e-11 
-6.97334e-09 -2.28335 1.86103 0.422313 6.97334e-09 -2.44478e-11 
-6.96578e-09 -2.28365 1.85922 0.424428 6.96578e-09 -1.66464e-11 
-6.95779e-09 -2.28388 1.85717 0.426706 6.95779e-09 -6.16824e-12 
-6.94938e-09 -2.28397 1.8548 0.429169 6.94938e-09 8.08363e-12 
-6.9407e-09 -2.28387 1.8521 0.431772 6.9407e-09 2.66606e-11 
-6.93173e-09 -2.28354 1.84906 0.434476 6.93173e-09 4.94188e-11 
-6.92231e-09 -2.28292 1.84568 0.437248 6.92231e-09 7.56254e-11 
-6.91205e-09 -2.28199 1.84193 0.44006 6.91205e-09 1.03802e-10 
-6.90036e-09 -2.28071 1.83781 0.442894 6.90036e-09 1.31537e-10 
-6.88633e-09 -2.27907 1.83333 0.445743 6.88633e-09 1.55285e-10 
-6.86869e-09 -2.27709 1.82847 0.448615 6.86869e-09 1.70145e-10 
-6.84604e-09 -2.27482 1.82331 0.451506 6.84604e-09 1.69739e-10 
-6.81691e-09 -2.27235 1.81793 0.454422 6.81691e-09 1.47062e-10 
-6.77927e-09 -2.26978 1.81235 0.457432 6.77927e-09 9.43465e-11 
-6.73081e-09 -2.26721 1.8066 0.460618 6.73081e-09 2.62102e-12 
-6.67016e-09 -2.26475 1.80068 0.464063 6.67016e-09 -1.3328e-10 
-6.60189e-09 -2.26239 1.79462 0.467776 6.60189e-09 -2.9607e-10 
-6.53321e-09 -2.26013 1.78839 0.471742 6.53321e-09 -4.58218e-10 
-6.47275e-09 -2.25794 1.782 0.475941 6.47275e-09 -5.86886e-10 
-6.43061e-09 -2.25577 1.77542 0.480348 6.43061e-09 -6.43519e-10 
-6.41852e-09 -2.2536 1.76867 0.484931 6.41852e-09 -5.83439e-10 
-6.44991e-09 -2.25136 1.76171 0.489654 6.44991e-09 -3.55416e-10 
-6.5411e-09 -2.24899 1.75447 0.494515 6.5411e-09 1.03817e-10 
-6.69741e-09 -2.24637 1.74678 0.499588 6.69741e-09 8.16905e-10 
-6.8753e-09 -2.2435 1.73862 0.504877 6.8753e-09 1.61765e-09 
-7.00665e-09 -2.24038 1.72999 0.510392 7.00665e-09 2.24571e-09 
-7.00158e-09 -2.23703 1.72089 0.516141 7.00158e-09 2.35767e-09 
-6.74965e-09 -2.23351 1.71141 0.522101 6.74965e-09 1.53067e-09 
-6.12111e-09 -2.22984 1.70155 0.528292 6.12111e-09 -7.31236e-10 
-4.9693e-09 -2.22605 1.69131 0.534737 4.9693e-09 -5.01747e-09 
-3.13598e-09 -2.22213 1.68069 0.541433 3.13598e-09 -1.20271e-08 
-4.41268e-10 -2.21806 1.66969 0.548374 4.41268e-10 -2.25674e-08 
3.31926e-09 -2.21383 1.65828 0.555553 -3.31926e-09 -3.75604e-08 
8.3638e-09 -2.20942 1.64646 0.562964 -8.3638e-09 -5.79983e-08 
1.42832e-08 -2.20481 1.6342 0.570612 -1.42832e-08 -8.22358e-08 
1.96409e-08 -2.2 1.6215 0.578502 -1.96409e-08 -1.04303e-07 
2.26617e-08 -2.19498 1.60835 0.586637 -2.26617e-08 -1.16815e-07 
2.12892e-08 -2.18977 1.59476 0.595012 -2.12892e-08 -1.11215e-07 
1.45649e-08 -2.18437 1.58074 0.603634 -1.45649e-08 -8.35041e-08 
5.19548e-09 -2.17877 1.56627 0.612503 -5.19548e-09 -4.4912e-08 
-3.03511e-09 -2.17297 1.55135 0.621618 3.03511e-09 -1.11394e-08 
-5.83671e-09 -2.16695 1.53597 0.630981 5.83671e-09 1.30346e-11 
-1.4401e-09 -2.16072 1.52014 0.640584 1.4401e-09 -1.87839e-08 
6.98319e-09 -2.15428 1.50385 0.650433 -6.98319e-09 -5.43394e-08 
1.53416e-08 -2.14762 1.48709 0.660524 -1.53416e-08 -8.96392e-08 
1.95575e-08 -2.14074 1.46988 0.670857 -1.95575e-08 -1.0771e-07 
1.9117e-08 -2.13363 1.4522 0.681434 -1.9117e-08 -1.06273e-07 
1.54011e-08 -2.12631 1.43405 0.692252 -1.54011e-08 -9.0849e-08 
9.94492e-09 -2.11875 1.41543 0.703314 -9.94492e-09 -6.75912e-08 
3.95556e-09 -2.11096 1.39635 0.714614 -3.95556e-09 -4.14948e-08 
-1.79909e-09 -2.10295 1.37682 0.726135 1.79909e-09 -1.59866e-08 
-6.48272e-09 -2.09484 1.35712 0.737718 6.48272e-09 5.16647e-09 
-9.22985e-09 -2.08664 1.33732 0.74932 9.22985e-09 1.79141e-08 
-9.05321e-09 -2.07851 1.31778 0.760738 9.05321e-09 1.74189e-08 
-5.21988e-09 -2.0705 1.29859 0.771909 5.21988e-09 2.05092e-11 
2.20234e-09 -2.06261 1.27978 0.782833 -2.20234e-09 -3.41534e-08 
1.07671e-08 -2.05485 1.26134 0.793512 -1.07671e-08 -7.37888e-08 
1.78881e-08 -2.04722 1.24327 0.803945 -1.78881e-08 -1.06885e-07 
2.14889e-08 -2.03971 1.22557 0.814139 -2.14889e-08 -1.23806e-07 
2.11167e-08 -2.03234 1.20825 0.824091 -2.11167e-08 -1.22388e-07 
1.81336e-08 -2.02511 1.19131 0.833805 -1.81336e-08 -1.08821e-07 
1.3808e-08 -2.01802 1.17474 0.843282 -1.3808e-08 -8.88757e-08 
9.1931e-09 -2.01108 1.15857 0.852513 -9.1931e-09 -6.73513e-08 
4.97966e-09 -2.0043 1.1428 0.861494 -4.97966e-09 -4.74384e-08 
1.35825e-09 -1.99767 1.12744 0.870228 -1.35825e-09 -3.01315e-08 
-1.57507e-09 -1.9912 1.11249 0.878716 1.57507e-09 -1.59818e-08 
-3.76245e-09 -1.98487 1.09789 0.886985 3.76245e-09 -5.34057e-09 
-5.16399e-09 -1.97867 1.08362 0.895048 5.16399e-09 1.54158e-09 
-5.84185e-09 -1.97262 1.06972 0.902896 5.84185e-09 4.92973e-09 
-6.00176e-09 -1.96672 1.05621 0.910512 6.00176e-09 5.80935e-09 
-5.82694e-09 -1.96096 1.04304 0.917921 5.82694e-09 5.06128e-09 
-5.46644e-09 -1.95536 1.03025 0.925114 5.46644e-09 3.40179e-09 
-5.04382e-09 -1.94993 1.01785 0.932074 5.04382e-09 1.42493e-09 
-4.65946e-09 -1.94467 1.00588 0.93879 4.65946e-09 -3.86452e-10 
-4.37065e-09 -1.93959 0.99432 0.945267 4.37065e-09 -1.75232e-09 
-4.17855e-09 -1.93466 0.983122 0.951534 4.17855e-09 -2.65529e-09 
-4.0773e-09 -1.92986 0.972238 0.957618 4.0773e-09 -3.11341e-09 
-4.06032e-09 -1.92517 0.961634 0.963537 4.06032e-09 -3.15078e-09 
-4.12048e-09 -1.92059 0.951286 0.969305 4.12048e-09 -2.79628e-09 
-4.25156e-09 -1.91607 0.941103 0.974971 4.25156e-09 -2.07559e-09 
-4.44787e-09 -1.91161 0.931059 0.980554 4.44787e-09 -1.01322e-09 
-4.70327e-09 -1.9072 0.921152 0.986051 4.70327e-09 3.62629e-10 
-4.99943e-09 -1.90287 0.911427 0.991441 4.99943e-09 1.95741e-09 
-5.29891e-09 -1.89865 0.901987 0.996668 5.29891e-09 3.57314e-09 
-5.57038e-09 -1.89461 0.892923 1.00168 5.57038e-09 5.04394e-09 
-5.79394e-09 -1.89069 0.884166 1.00653 5.79394e-09 6.2648e-09 
-5.95269e-09 -1.88687 0.875616 1.01125 5.95269e-09 7.14698e-09 
-6.02718e-09 -1.88316 0.867324 1.01584 6.02718e-09 7.58767e-09 
-6.00024e-09 -1.87959 0.859337 1.02025 6.00024e-09 7.49605e-09 
-5.85685e-09 -1.87617 0.851694 1.02448 5.85685e-09 6.79273e-09 
-5.58407e-09 -1.87293 0.844432 1.02849 5.58407e-09 5.40925e-09 
-5.17095e-09 -1.86987 0.837581 1.03229 5.17095e-09 3.28758e-09 
-4.60839e-09 -1.867 0.831167 1.03584 4.60839e-09 3.79605e-10 
-3.89459e-09 -1.86434 0.82519 1.03915 3.89459e-09 -3.32449e-09 
-3.05875e-09 -1.86182 0.81953 1.04229 3.05875e-09 -7.67115e-09 
-2.13772e-09 -1.85937 0.814037 1.04533 2.13772e-09 -1.24665e-08 
-1.16478e-09 -1.85694 0.808581 1.04836 1.16478e-09 -1.75355e-08 
-1.69776e-10 -1.85446 0.803043 1.05142 1.69776e-10 -2.27212e-08 
8.20723e-10 -1.8519 0.797324 1.05458 -8.20723e-10 -2.78838e-08 
1.78323e-09 -1.84921 0.791335 1.05787 -1.78323e-09 -3.28999e-08 
2.69718e-09 -1.84636 0.785003 1.06135 -2.69718e-09 -3.76612e-08 
3.54481e-09 -1.84332 0.778266 1.06505 -3.54481e-09 -4.20742e-08 
4.31079e-09 -1.84006 0.771078 1.06898 -4.31079e-09 -4.60585e-08 
4.98189e-09 -1.83658 0.763407 1.07318 -4.98189e-09 -4.95445e-08 
5.54802e-09 -1.83287 0.755229 1.07764 -5.54802e-09 -5.24791e-08 
6.00143e-09 -1.82891 0.746531 1.08238 -6.00143e-09 -5.48215e-08 
6.33649e-09 -1.82471 0.737306 1.0874 -6.33649e-09 -5.65423e-08 
6.54952e-09 -1.82026 0.727558 1.0927 -6.54952e-09 -5.76219e-08 
6.64055e-09 -1.81558 0.71731 1.09827 -6.64055e-09 -5.80607e-08 
6.62167e-09 -1.8107 0.706646 1.10405 -6.62167e-09 -5.79222e-08 
6.508e-09 -1.80568 0.695669 1.11001 -6.508e-09 -5.72861e-08 
6.31339e-09 -1.80055 0.684469 1.11608 -6.31339e-09 -5.62251e-08 
6.05046e-09 -1.79536 0.673131 1.12223 -6.05046e-09 -5.48058e-08 
5.73067e-09 -1.79013 0.661733 1.1284 -5.73067e-09 -5.30884e-08 
5.3644e-09 -1.78491 0.650341 1.13457 -5.3644e-09 -5.11276e-08 
4.96024e-09 -1.77971 0.638997 1.14071 -4.96024e-09 -4.89684e-08 
4.52598e-09 -1.77455 0.627746 1.1468 -4.52598e-09 -4.6652e-08 
4.06892e-09 -1.76945 0.616637 1.15282 -4.06892e-09 -4.42167e-08 
3.59561e-09 -1.76444 0.605712 1.15873 -3.59561e-09 -4.16969e-08 
3.11192e-09 -1.75953 0.595011 1.16452 -3.11192e-09 -3.91236e-08 
2.62308e-09 -1.75474 0.584569 1.17017 -2.62308e-09 -3.65243e-08 
2.13371e-09 -1.75008 0.574416 1.17566 -2.13371e-09 -3.39233e-08 
1.64791e-09 -1.74556 0.564581 1.18098 -1.64791e-09 -3.13421e-08 
1.16927e-09 -1.74121 0.555087 1.18612 -1.16927e-09 -2.87997e-08 
7.0092e-10 -1.73701 0.545954 1.19106 -7.0092e-10 -2.63126e-08 
2.45581e-10 -1.73299 0.537202 1.19579 -2.45581e-10 -2.3895e-08 
-1.94411e-10 -1.72916 0.528844 1.20031 1.94411e-10 -2.15593e-08 
-6.17058e-10 -1.72551 0.520896 1.20461 6.17058e-10 -1.9316e-08 
-1.02067e-09 -1.72205 0.513368 1.20868 1.02067e-09 -1.71739e-08 
-1.40383e-09 -1.71879 0.506269 1.21252 1.40383e-09 -1.51406e-08 
-1.76535e-09 -1.71573 0.499608 1.21612 1.76535e-09 -1.32221e-08 
-2.10429e-09 -1.71288 0.49339 1.21949 2.10429e-09 -1.14237e-08 
-2.41985e-09 -1.71023 0.487622 1.22261 2.41985e-09 -9.74938e-09 
-2.71142e-09 -1.70779 0.482307 1.22548 2.71142e-09 -8.20236e-09 
-2.97853e-09 -1.70555 0.477448 1.22811 2.97853e-09 -6.78522e-09 
-3.2208e-09 -1.70353 0.473047 1.23049 3.2208e-09 -5.49987e-09 
-3.43796e-09 -1.70172 0.469107 1.23262 3.43796e-09 -4.34776e-09 
-3.62982e-09 -1.70013 0.46563 1.2345 3.62982e-09 -3.3299e-09 
-3.79623e-09 -1.69874 0.462614 1.23613 3.79623e-09 -2.447e-09 
-3.93712e-09 -1.69757 0.460063 1.23751 3.93712e-09 -1.69954e-09 
-4.05244e-09 -1.69661 0.457975 1.23864 4.05244e-09 -1.08778e-09 
-4.14214e-09 -1.69587 0.456351 1.23952 4.14214e-09 -6.11899e-10 
-4.20621e-09 -1.69533 0.45519 1.24014 4.20621e-09 -2.71957e-10 
-4.24466e-09 -1.69501 0.454494 1.24052 4.24466e-09 -6.79867e-11 
-4.25748e-09 -1.69491 0.454262 1.24064 4.25748e-09 3.55271e-15 
