-0 -0 0 -0 0 -0 
-4.33393e-06 -0.0043322 0.00913525 -0.00480305 4.33393e-06 -8.20102e-10 
-8.66785e-06 -0.00866438 0.0182705 -0.00960608 8.66785e-06 -1.64019e-09 
-1.30017e-05 -0.0129965 0.0274055 -0.014409 1.30017e-05 -2.46019e-09 
-1.73352e-05 -0.0173282 0.0365397 -0.0192115 1.73352e-05 -3.27992e-09 
-2.16679e-05 -0.0216592 0.0456724 -0.0240132 2.16679e-05 -4.09902e-09 
-2.59992e-05 -0.0259887 0.0548019 -0.0288133 2.59992e-05 -4.91689e-09 
-3.03279e-05 -0.0303156 0.0639261 -0.0336104 3.03279e-05 -5.73267e-09 
-3.46527e-05 -0.0346386 0.0730417 -0.0384031 3.46527e-05 -6.54514e-09 
-3.89716e-05 -0.0389556 0.0821447 -0.0431891 3.89716e-05 -7.35267e-09 
-4.32821e-05 -0.043264 0.0912296 -0.0479656 4.32821e-05 -8.15318e-09 
-4.75812e-05 -0.0475608 0.10029 -0.052729 4.75812e-05 -8.94407e-09 
-5.18649e-05 -0.0518421 0.109317 -0.057475 5.18649e-05 -9.72217e-09 
-5.61288e-05 -0.0561033 0.118302 -0.0621985 5.61288e-05 -1.04837e-08 
-6.03675e-05 -0.060339 0.127232 -0.0668933 6.03675e-05 -1.12241e-08 
-6.45747e-05 -0.0645427 0.136095 -0.0715525 6.45747e-05 -1.19382e-08 
-6.87432e-05 -0.0687073 0.144875 -0.0761676 6.87432e-05 -1.26199e-08 
-7.28648e-05 -0.0728242 0.153554 -0.0807295 7.28648e-05 -1.32624e-08 
-7.69301e-05 -0.0768841 0.162112 -0.0852274 7.69301e-05 -1.38578e-08 
-8.09286e-05 -0.0808763 0.170526 -0.0896494 8.09286e-05 -1.43973e-08 
-8.48486e-05 -0.0847888 0.178771 -0.0939822 8.48486e-05 -1.4871e-08 
-8.86769e-05 -0.0886085 0.186819 -0.0982109 8.86769e-05 -1.52681e-08 
-9.23991e-05 -0.0923206 0.19464 -0.102319 9.23991e-05 -1.55765e-08 
-9.59994e-05 -0.0959092 0.202198 -0.106289 9.59994e-05 -1.57829e-08 
-9.94605e-05 -0.0993566 0.209457 -0.110101 9.94605e-05 -1.58727e-08 
-0.000102763 -0.102644 0.216376 -0.113732 0.000102763 -1.58302e-08 
-0.000105887 -0.105749 0.22291 -0.117161 0.000105887 -1.5638e-08 
-0.00010881 -0.108651 0.229012 -0.120361 0.00010881 -1.52775e-08 
-0.000111507 -0.111324 0.234629 -0.123305 0.000111507 -1.47286e-08 
-0.000113953 -0.113743 0.239707 -0.125964 0.000113953 -1.39694e-08 
-0.00011612 -0.115878 0.244184 -0.128306 0.00011612 -1.29767e-08 
-0.000117979 -0.117701 0.247997 -0.130296 0.000117979 -1.17256e-08 
-0.000119496 -0.119178 0.251078 -0.1319 0.000119496 -1.01892e-08 
-0.000120638 -0.120274 0.253352 -0.133077 0.000120638 -8.33906e-09 
-0.000121369 -0.120954 0.254742 -0.133788 0.000121369 -6.14491e-09 
-0.00012165 -0.121178 0.255165 -0.133987 0.00012165 -3.5745e-09 
-0.00012144 -0.120905 0.254534 -0.133629 0.00012144 -5.93659e-10 
-0.000120697 -0.12009 0.252756 -0.132665 0.000120697 2.83381e-09 
-0.000119374 -0.118688 0.249731 -0.131043 0.000119374 6.74616e-09 
-0.000117378 -0.116605 0.245262 -0.128657 0.000117378 1.11794e-08 
-0.000112792 -0.111938 0.235351 -0.123413 0.000112792 1.58556e-08 
-0.0001078 -0.10686 0.224566 -0.117706 0.0001078 2.08717e-08 
-0.000102387 -0.101355 0.212878 -0.111523 0.000102387 2.62395e-08 
-9.65408e-05 -0.0954102 0.200256 -0.104846 9.65408e-05 3.19706e-08 
-9.02455e-05 -0.0890106 0.18667 -0.0976591 9.02455e-05 3.8077e-08 
-8.34871e-05 -0.0821416 0.172088 -0.0899465 8.34871e-05 4.45708e-08 
-7.62509e-05 -0.0747882 0.156479 -0.0816911 7.62509e-05 5.14644e-08 
-6.85217e-05 -0.0669351 0.139811 -0.0728758 6.85217e-05 5.87703e-08 
-6.02844e-05 -0.0585669 0.12205 -0.0634833 6.02844e-05 6.65013e-08 
-5.1769e-05 -0.0499228 0.103709 -0.0537865 5.1769e-05 7.41925e-08 
-4.35747e-05 -0.041625 0.0861204 -0.0444954 4.35747e-05 8.06598e-08 
-3.57497e-05 -0.0337237 0.0693912 -0.0356675 3.57497e-05 8.57921e-08 
-2.8316e-05 -0.0262424 0.0535721 -0.0273297 2.8316e-05 8.95281e-08 
-2.12963e-05 -0.0192048 0.0387143 -0.0195095 2.12963e-05 9.18056e-08 
-1.47134e-05 -0.0126352 0.0248703 -0.012235 1.47134e-05 9.25612e-08 
-8.59081e-06 -0.00655833 0.012093 -0.00553469 8.59081e-06 9.17302e-08 
-2.95235e-06 -0.000999288 0.000436775 0.000562521 2.95235e-06 8.92472e-08 
2.17775e-06 0.00401634 -0.0100434 0.00602706 -2.17775e-06 8.50454e-08 
6.66194e-06 0.0083281 -0.0189895 0.0106614 -6.66194e-06 7.80434e-08 
1.03975e-05 0.0118577 -0.0262574 0.0143997 -1.03975e-05 6.93423e-08 
1.34277e-05 0.0146562 -0.0319614 0.0173051 -1.34277e-05 5.93123e-08 
1.57893e-05 0.0167623 -0.0361844 0.0194222 -1.57893e-05 4.80452e-08 
1.75181e-05 0.0182135 -0.0390076 0.0207941 -1.75181e-05 3.56309e-08 
1.86493e-05 0.0190466 -0.0405099 0.0214632 -1.86493e-05 2.21565e-08 
1.92168e-05 0.0192976 -0.0407682 0.0214707 -1.92168e-05 7.70704e-09 
1.92539e-05 0.0190011 -0.0398576 0.0208565 -1.92539e-05 -7.6348e-09 
1.87931e-05 0.0181913 -0.0378511 0.0196598 -1.87931e-05 -2.37887e-08 
1.78659e-05 0.0169012 -0.0348198 0.0179186 -1.78659e-05 -4.06765e-08 
1.65029e-05 0.015163 -0.0308329 0.0156699 -1.65029e-05 -5.82224e-08 
1.4734e-05 0.013008 -0.0259577 0.0129497 -1.4734e-05 -7.63527e-08 
1.25882e-05 0.0104667 -0.0202597 0.009793 -1.25882e-05 -9.4996e-08 
1.00937e-05 0.00756861 -0.0138023 0.00623371 -1.00937e-05 -1.14083e-07 
7.27792e-06 0.00434252 -0.00664741 0.00230488 -7.27792e-06 -1.33546e-07 
4.16747e-06 0.00081631 0.00114514 -0.00196146 -4.16747e-06 -1.53321e-07 
7.88131e-07 -0.00298297 0.00951718 -0.00653422 -7.88131e-07 -1.73345e-07 
-2.83506e-06 -0.00702909 0.0184124 -0.0113833 2.83506e-06 -1.93556e-07 
-6.65053e-06 -0.0112771 0.0277321 -0.016455 6.65053e-06 -2.13804e-07 
-1.0123e-05 -0.0153371 0.0366004 -0.0212633 1.0123e-05 -2.32316e-07 
-1.30767e-05 -0.019076 0.0447199 -0.025644 1.30767e-05 -2.48524e-07 
-1.55418e-05 -0.022508 0.0521252 -0.0296172 1.55418e-05 -2.62549e-07 
-1.75476e-05 -0.0256469 0.0588496 -0.0332027 1.75476e-05 -2.74512e-07 
-1.91227e-05 -0.0285062 0.0649258 -0.0364196 1.91227e-05 -2.84525e-07 
-2.02945e-05 -0.0310991 0.0703856 -0.0392865 2.02945e-05 -2.92703e-07 
-2.10898e-05 -0.0334381 0.0752596 -0.0418215 2.10898e-05 -2.99154e-07 
-2.15346e-05 -0.0355358 0.0795777 -0.044042 2.15346e-05 -3.03982e-07 
-2.16538e-05 -0.037404 0.0833691 -0.0459651 2.16538e-05 -3.07289e-07 
-2.14719e-05 -0.0390545 0.0866618 -0.0476074 2.14719e-05 -3.09175e-07 
-2.10121e-05 -0.0404985 0.0894832 -0.0489847 2.10121e-05 -3.09736e-07 
-2.02972e-05 -0.041747 0.0918596 -0.0501126 2.02972e-05 -3.09063e-07 
-1.9349e-05 -0.0428107 0.0938168 -0.0510061 1.9349e-05 -3.07246e-07 
-1.81887e-05 -0.0436998 0.0953795 -0.0516797 1.81887e-05 -3.04372e-07 
-1.68365e-05 -0.0444243 0.0965717 -0.0521474 1.68365e-05 -3.00523e-07 
-1.53121e-05 -0.0449938 0.0974166 -0.0524228 1.53121e-05 -2.9578e-07 
-1.36343e-05 -0.0454177 0.0979367 -0.052519 1.36343e-05 -2.90221e-07 
-1.18213e-05 -0.0457049 0.0981535 -0.0524487 1.18213e-05 -2.8392e-07 
-9.89035e-06 -0.0458642 0.0980881 -0.0522239 9.89035e-06 -2.76949e-07 
-7.85823e-06 -0.0459039 0.0977604 -0.0518565 7.85823e-06 -2.69377e-07 
-5.74092e-06 -0.0458322 0.0971899 -0.0513577 5.74092e-06 -2.61271e-07 
-3.55373e-06 -0.0456568 0.0963952 -0.0507384 3.55373e-06 -2.52693e-07 
-1.3113e-06 -0.0453853 0.0953944 -0.0500091 1.3113e-06 -2.43704e-07 
9.72397e-07 -0.0450248 0.0942046 -0.0491798 -9.72397e-07 -2.34364e-07 
3.39671e-06 -0.0459802 0.0957518 -0.0497716 -3.39671e-06 -2.31743e-07 
6.77158e-06 -0.0510205 0.105689 -0.0546688 -6.77158e-06 -2.47929e-07 
1.12669e-05 -0.0560539 0.115411 -0.0593571 -1.12669e-05 -2.60966e-07 
1.70959e-05 -0.0610329 0.124781 -0.0637483 -1.70959e-05 -2.70133e-07 
2.4501e-05 -0.0658972 0.133633 -0.0677362 -2.4501e-05 -2.74592e-07 
3.37561e-05 -0.0705732 0.141768 -0.0711948 -3.37561e-05 -2.73381e-07 
4.51691e-05 -0.0749723 0.148949 -0.0739765 -4.51691e-05 -2.65406e-07 
5.90844e-05 -0.0789904 0.154901 -0.0759108 -5.90844e-05 -2.49425e-07 
7.58855e-05 -0.0825065 0.159309 -0.0768027 -7.58855e-05 -2.24046e-07 
9.59973e-05 -0.0853817 0.161813 -0.0764311 -9.59973e-05 -1.87713e-07 
0.000119133 -0.087635 0.162473 -0.0748384 -0.000119133 -1.40865e-07 
0.000143328 -0.0896691 0.162371 -0.0727022 -0.000143328 -8.8723e-08 
0.000168058 -0.0915399 0.161673 -0.0701333 -0.000168058 -3.23094e-08 
0.000192829 -0.093286 0.160504 -0.0672182 -0.000192829 2.74934e-08 
0.000217073 -0.0949526 0.159011 -0.0640587 -0.000217073 8.96498e-08 
0.000240147 -0.0965918 0.157364 -0.0607723 -0.000240147 1.52964e-07 
0.000260988 -0.0981366 0.155556 -0.0574196 -0.000260988 2.15791e-07 
0.000274573 -0.0982045 0.151623 -0.0534179 -0.000274573 2.71831e-07 
0.000284465 -0.0985239 0.148483 -0.0499592 -0.000284465 3.22295e-07 
0.000290158 -0.0991387 0.146283 -0.0471437 -0.000290158 3.66167e-07 
0.000291119 -0.100095 0.145172 -0.0450771 -0.000291119 4.02373e-07 
0.000286785 -0.101441 0.145312 -0.0438706 -0.000286785 4.29787e-07 
0.000276571 -0.103228 0.14687 -0.0436412 -0.000276571 4.47222e-07 
0.000259861 -0.10551 0.150022 -0.0445116 -0.000259861 4.53433e-07 
0.000236009 -0.108342 0.154952 -0.0466103 -0.000236009 4.47118e-07 
0.000204344 -0.111783 0.161855 -0.0500718 -0.000204344 4.26912e-07 
0.000164484 -0.115653 0.170483 -0.0548302 -0.000164484 3.91802e-07 
0.000121198 -0.115537 0.172969 -0.057432 -0.000121198 3.45434e-07 
8.36216e-05 -0.114581 0.17345 -0.0588694 -8.36216e-05 3.05649e-07 
5.13835e-05 -0.112852 0.172086 -0.0592337 -5.13835e-05 2.71997e-07 
2.41261e-05 -0.110418 0.169031 -0.058613 -2.41261e-05 2.44048e-07 
1.50392e-06 -0.107342 0.164434 -0.0570921 -1.50392e-06 2.21384e-07 
-1.68159e-05 -0.103686 0.158439 -0.0547525 1.68159e-05 2.03604e-07 
-3.11544e-05 -0.0995083 0.151181 -0.0516729 3.11544e-05 1.9032e-07 
-4.18203e-05 -0.094866 0.142794 -0.0479285 4.18203e-05 1.8116e-07 
-4.91111e-05 -0.0898133 0.133405 -0.0435917 4.91111e-05 1.75767e-07 
-5.34985e-05 -0.0846938 0.123559 -0.0388648 5.34985e-05 1.744e-07 
-5.59012e-05 -0.0803349 0.114412 -0.0340768 5.59012e-05 1.78797e-07 
-5.5641e-05 -0.0754358 0.104018 -0.0285818 5.5641e-05 1.86477e-07 
-5.27003e-05 -0.0699931 0.0923682 -0.0223752 5.27003e-05 1.97462e-07 
-4.7062e-05 -0.0640032 0.0794557 -0.0154526 4.7062e-05 2.11774e-07 
-3.88344e-05 -0.057498 0.0653518 -0.00785388 3.88344e-05 2.29102e-07 
-3.03941e-05 -0.0511434 0.0515627 -0.000419381 3.03941e-05 2.43191e-07 
-2.26519e-05 -0.0451954 0.0386676 0.00652779 2.26519e-05 2.51626e-07 
-1.56125e-05 -0.0396568 0.0266725 0.0129844 1.56125e-05 2.54371e-07 
-9.28052e-06 -0.0345304 0.0155834 0.018947 9.28052e-06 2.51388e-07 
-3.66071e-06 -0.029819 0.00540649 0.0244125 3.66071e-06 2.42642e-07 
1.24227e-06 -0.0255252 -0.00385228 0.0293775 -1.24227e-06 2.28094e-07 
5.42369e-06 -0.0216519 -0.0121868 0.0338386 -5.42369e-06 2.07708e-07 
8.87883e-06 -0.0182018 -0.0195909 0.0377927 -8.87883e-06 1.81446e-07 
1.1603e-05 -0.0151777 -0.0260586 0.0412362 -1.1603e-05 1.49271e-07 
1.35913e-05 -0.0125824 -0.0315836 0.044166 -1.35913e-05 1.11146e-07 
1.48392e-05 -0.0104187 -0.0361598 0.0465786 -1.48392e-05 6.70327e-08 
1.53417e-05 -0.00868944 -0.0397812 0.0484706 -1.53417e-05 1.68934e-08 
1.50942e-05 -0.00739741 -0.0424414 0.0498388 -1.50942e-05 -3.93094e-08 
1.40918e-05 -0.00654544 -0.0441342 0.0506797 -1.40918e-05 -1.01614e-07 
1.23297e-05 -0.00613634 -0.0448536 0.0509899 -1.23297e-05 -1.70057e-07 
9.96209e-06 -0.00616949 -0.0446359 0.0508053 -9.96209e-06 -2.42149e-07 
7.71777e-06 -0.00664191 -0.0437162 0.0503581 -7.71777e-06 -3.06876e-07 
5.6479e-06 -0.00754198 -0.0419438 0.0494858 -5.6479e-06 -3.62031e-07 
3.75802e-06 -0.00888134 -0.0392955 0.0481768 -3.75802e-06 -4.0733e-07 
2.05373e-06 -0.0106718 -0.0357478 0.0464195 -2.05373e-06 -4.42486e-07 
5.4069e-07 -0.0129252 -0.0312771 0.0442022 -5.4069e-07 -4.67208e-07 
-7.75366e-07 -0.0156536 -0.0258595 0.041513 7.75366e-07 -4.81202e-07 
-1.88865e-06 -0.0188692 -0.0194707 0.0383398 1.88865e-06 -4.84171e-07 
-2.79329e-06 -0.0225843 -0.0120863 0.0346705 2.79329e-06 -4.75815e-07 
-3.48337e-06 -0.0268114 -0.00368147 0.0304928 3.48337e-06 -4.5583e-07 
-3.95288e-06 -0.031563 0.00576869 0.0257943 3.95288e-06 -4.23908e-07 
-4.23367e-06 -0.037203 0.0164801 0.0207229 4.23367e-06 -3.82913e-07 
-4.28187e-06 -0.0435931 0.0286447 0.0149484 4.28187e-06 -3.27847e-07 
-4.07359e-06 -0.0507523 0.0423483 0.00840396 4.07359e-06 -2.57271e-07 
-3.58757e-06 -0.0587272 0.0576842 0.00104306 3.58757e-06 -1.70074e-07 
-2.86269e-06 -0.0673351 0.0742806 -0.00694551 2.86269e-06 -7.00834e-08 
-2.15046e-06 -0.0755838 0.0901288 -0.014545 2.15046e-06 2.1455e-08 
-1.4857e-06 -0.0833032 0.104883 -0.0215797 1.4857e-06 1.00997e-07 
-8.74096e-07 -0.0904324 0.118418 -0.0279855 8.74096e-07 1.67359e-07 
-3.21533e-07 -0.0969087 0.130605 -0.0336964 3.21533e-07 2.19317e-07 
1.65909e-07 -0.102667 0.141311 -0.038644 -1.65909e-07 2.55605e-07 
5.81946e-07 -0.10764 0.150398 -0.0427576 -5.81946e-07 2.74918e-07 
9.20087e-07 -0.111759 0.157724 -0.0459642 -9.20087e-07 2.75909e-07 
1.17363e-06 -0.114952 0.163141 -0.0481886 -1.17363e-06 2.57186e-07 
1.33568e-06 -0.117146 0.166499 -0.0493533 -1.33568e-06 2.17319e-07 
1.39909e-06 -0.118263 0.167641 -0.049378 -1.39909e-06 1.5483e-07 
1.35655e-06 -0.118227 0.166408 -0.0481805 -1.35655e-06 6.82001e-08 
1.20048e-06 -0.116956 0.162632 -0.0456759 -1.20048e-06 -4.41341e-08 
9.97422e-07 -0.119721 0.163716 -0.0439943 -9.97422e-07 -1.79335e-07 
8.5326e-07 -0.139031 0.186493 -0.0474625 -8.5326e-07 -3.58443e-07 
5.80582e-07 -0.156652 0.205577 -0.048925 -5.80582e-07 -5.46032e-07 
2.0765e-07 -0.173031 0.221844 -0.0488134 -2.0765e-07 -6.85271e-07 
-2.14291e-07 -0.188952 0.236866 -0.0479143 2.14291e-07 -6.92403e-07 
-6.06281e-07 -0.205105 0.252414 -0.0473087 6.06281e-07 -4.51857e-07 
-8.29831e-07 -0.215631 0.262691 -0.0470599 8.29831e-07 1.57691e-07 
-8.32719e-07 -0.229378 0.279338 -0.0499595 8.32719e-07 1.11074e-06 
-7.27732e-07 -0.24305 0.295555 -0.0525054 7.27732e-07 1.80742e-06 
-5.17548e-07 -0.253077 0.30617 -0.053094 5.17548e-07 1.96891e-06 
-1.94121e-07 -0.25993 0.311545 -0.0516156 1.94121e-07 1.45513e-06 
2.53451e-07 -0.265123 0.313288 -0.048165 -2.53451e-07 1.54203e-07 
7.36394e-07 -0.269084 0.312316 -0.0432314 -7.36394e-07 -1.57044e-06 
1.0076e-06 -0.273296 0.311779 -0.0384836 -1.0076e-06 -2.61964e-06 
1.01592e-06 -0.277908 0.312008 -0.0341008 -1.01592e-06 -2.81388e-06 
7.03252e-07 -0.27676 0.306339 -0.0295791 -7.03252e-07 -1.96771e-06 
1.34902e-07 -0.27445 0.299925 -0.0254744 -1.34902e-07 -3.16896e-07 
-5.23399e-07 -0.271879 0.29284 -0.0209608 5.23399e-07 1.46621e-06 
-1.23117e-06 -0.265511 0.281337 -0.0158251 1.23117e-06 3.25936e-06 
-1.97424e-06 -0.259316 0.269827 -0.0105107 1.97424e-06 5.0381e-06 
-3.20311e-06 -0.308055 0.314398 -0.00634311 3.20311e-06 7.95466e-06 
-4.49997e-06 -0.465319 0.465693 -0.000375134 4.49997e-06 1.09995e-05 
3.83008e-07 -0.443686 0.441029 0.00265642 -3.83008e-07 -9.57355e-07 
2.66649e-06 -0.274679 0.269232 0.00544744 -2.66649e-06 -6.49112e-06 
2.16826e-06 -0.198088 0.188362 0.00972711 -2.16826e-06 -5.27435e-06 
1.59464e-06 -0.167918 0.153714 0.0142051 -1.59464e-06 -3.87739e-06 
9.16248e-07 -0.137588 0.120908 0.0166806 -9.16248e-07 -2.22686e-06 
3.63411e-07 -0.106676 0.090189 0.0164874 -3.63411e-07 -8.82349e-07 
5.07801e-08 -0.0749742 0.0615275 0.0134467 -5.07801e-08 -1.2232e-07 
-6.76961e-08 -0.0684097 0.0552256 0.0131841 6.76961e-08 1.65891e-07 
-1.6673e-07 -0.071529 0.0571157 0.0144133 1.6673e-07 4.07077e-07 
-2.49222e-07 -0.0744805 0.0591794 0.0153009 2.49222e-07 6.08162e-07 
-3.08292e-07 -0.0772189 0.0614767 0.0157421 3.08292e-07 7.52439e-07 
-3.36287e-07 -0.0796946 0.0640739 0.0156205 3.36287e-07 8.21326e-07 
-3.24753e-07 -0.0818528 0.0670444 0.0148082 3.24753e-07 7.94291e-07 
-2.64401e-07 -0.0836335 0.0704684 0.0131649 2.64401e-07 6.48774e-07 
-1.45074e-07 -0.0849716 0.0744337 0.0105377 1.45074e-07 3.60113e-07 
4.42801e-08 -0.0857963 0.0790356 0.00676051 -4.42801e-08 -9.85324e-08 
3.07198e-07 -0.0843094 0.0826494 0.00165983 -3.07198e-07 -7.35967e-07 
6.33511e-07 -0.0815718 0.0860241 -0.00445246 -6.33511e-07 -1.52746e-06 
1.02401e-06 -0.0784348 0.0899469 -0.0115122 -1.02401e-06 -2.47484e-06 
1.44239e-06 -0.0750503 0.0942097 -0.0191594 -1.44239e-06 -3.49003e-06 
1.77784e-06 -0.0718853 0.0981738 -0.0262884 -1.77784e-06 -4.3042e-06 
2.02191e-06 -0.0689741 0.101792 -0.0328181 -2.02191e-06 -4.89688e-06 
2.17356e-06 -0.0663198 0.105061 -0.0387413 -2.17356e-06 -5.26549e-06 
2.23171e-06 -0.0639253 0.107976 -0.0440506 -2.23171e-06 -5.40746e-06 
2.19529e-06 -0.0617939 0.110533 -0.0487389 -2.19529e-06 -5.3202e-06 
2.06323e-06 -0.0599287 0.112728 -0.0527989 -2.06323e-06 -5.00108e-06 
1.83445e-06 -0.0583327 0.114556 -0.056223 -1.83445e-06 -4.4475e-06 
1.50786e-06 -0.0570092 0.116013 -0.059004 -1.50786e-06 -3.65682e-06 
1.08237e-06 -0.0559612 0.117096 -0.0611344 -1.08237e-06 -2.62639e-06 
5.56881e-07 -0.0551921 0.117799 -0.0626068 -5.56881e-07 -1.35357e-06 
-5.81308e-08 -0.0547191 0.118104 -0.0633848 5.81308e-08 1.36296e-07 
-6.17731e-07 -0.0537272 0.11573 -0.0620028 6.17731e-07 1.49226e-06 
-1.04291e-06 -0.0520576 0.110379 -0.0583209 1.04291e-06 2.5229e-06 
-1.35047e-06 -0.0507549 0.104648 -0.0538933 1.35047e-06 3.26877e-06 
-1.55792e-06 -0.0497251 0.0986507 -0.0489255 1.55792e-06 3.77224e-06 
-1.68123e-06 -0.0488837 0.0924854 -0.0436016 1.68123e-06 4.07195e-06 
-1.73488e-06 -0.0481553 0.086241 -0.0380858 1.73488e-06 4.20295e-06 
-1.73194e-06 -0.0474731 0.0799957 -0.0325226 1.73194e-06 4.19683e-06 
-1.68411e-06 -0.0467792 0.0738173 -0.0270382 1.68411e-06 4.08194e-06 
-1.6018e-06 -0.0460231 0.0677641 -0.0217411 1.6018e-06 3.88346e-06 
-1.60293e-06 -0.0484964 0.066372 -0.0178756 1.60293e-06 3.88735e-06 
-1.6938e-06 -0.0553433 0.0695199 -0.0141767 1.6938e-06 4.10929e-06 
-1.72677e-06 -0.0630626 0.0715186 -0.00845615 1.72677e-06 4.19149e-06 
-1.67891e-06 -0.07184 0.0721352 -0.000295256 1.67891e-06 4.0785e-06 
-1.55545e-06 -0.0814031 0.0717084 0.00969459 1.55545e-06 3.78278e-06 
-1.39387e-06 -0.0909562 0.0712289 0.0197271 1.39387e-06 3.39454e-06 
-1.19703e-06 -0.100175 0.0711022 0.0290725 1.19703e-06 2.9205e-06 
-9.68428e-07 -0.108678 0.0718062 0.0368712 9.68428e-07 2.36881e-06 
-6.84666e-07 -0.111042 0.0707454 0.0402966 6.84666e-07 1.68144e-06 
-4.00791e-07 -0.104822 0.0670483 0.0377735 4.00791e-07 9.91308e-07 
-1.76087e-07 -0.0974738 0.0648475 0.0326261 1.76087e-07 4.43831e-07 
-1.99551e-09 -0.0893908 0.0636422 0.0257484 1.99551e-09 1.85614e-08 
1.29138e-07 -0.0809093 0.0630033 0.0179058 -1.29138e-07 -3.02801e-07 
2.24118e-07 -0.0723123 0.0625692 0.009743 -2.24118e-07 -5.36537e-07 
2.8895e-07 -0.063833 0.0620416 0.00179133 -2.8895e-07 -6.97031e-07 
3.28014e-07 -0.0559216 0.0608468 -0.00492534 -3.28014e-07 -7.94526e-07 
3.53159e-07 -0.0500297 0.0598543 -0.00982473 -3.53159e-07 -8.57488e-07 
3.71001e-07 -0.045639 0.05926 -0.0136211 -3.71001e-07 -9.02252e-07 
3.78231e-07 -0.041702 0.0581148 -0.0164128 -3.78231e-07 -9.20885e-07 
3.76765e-07 -0.0381543 0.0564991 -0.0183448 -3.76765e-07 -9.18097e-07 
3.68304e-07 -0.0349381 0.0544851 -0.019547 -3.68304e-07 -8.98068e-07 
3.54344e-07 -0.0320016 0.0521372 -0.0201356 -3.54344e-07 -8.64473e-07 
3.36186e-07 -0.0292989 0.0495126 -0.0202136 -3.36186e-07 -8.20515e-07 
3.14953e-07 -0.0267895 0.0466613 -0.0198718 -3.14953e-07 -7.68952e-07 
2.91596e-07 -0.0244379 0.0436271 -0.0191892 -2.91596e-07 -7.12123e-07 
2.66908e-07 -0.0222134 0.0404478 -0.0182343 -2.66908e-07 -6.51983e-07 
2.41538e-07 -0.0200897 0.0371554 -0.0170657 -2.41538e-07 -5.90124e-07 
2.15998e-07 -0.0180445 0.0337771 -0.0157326 -2.15998e-07 -5.27809e-07 
1.90678e-07 -0.0160591 0.0303351 -0.014276 -1.90678e-07 -4.65999e-07 
1.65856e-07 -0.0141183 0.0268476 -0.0127293 -1.65856e-07 -4.0538e-07 
1.4171e-07 -0.0122098 0.0233289 -0.0111191 -1.4171e-07 -3.46395e-07 
1.18331e-07 -0.010324 0.01979 -0.00946601 -1.18331e-07 -2.89269e-07 
9.57334e-08 -0.00845336 0.0162389 -0.00778551 -9.57334e-08 -2.3404e-07 
7.38656e-08 -0.0065926 0.0126812 -0.00608861 -7.38656e-08 -1.80588e-07 
5.26239e-08 -0.00473784 0.00912055 -0.00438271 -5.26239e-08 -1.2866e-07 
3.1863e-08 -0.00288648 0.0055589 -0.00267241 -3.1863e-08 -7.79035e-08 
1.14077e-08 -0.00103682 0.00199711 -0.000960283 -1.14077e-08 -2.78915e-08 
2.61029e-08 -0.00237572 0.00457637 -0.00220065 -2.61029e-08 -6.38213e-08 
8.47318e-08 -0.00778069 0.0149929 -0.0072122 -8.47318e-08 -2.07174e-07 
1.407e-07 -0.0131797 0.025401 -0.0122212 -1.407e-07 -3.44039e-07 
1.91701e-07 -0.0185825 0.0357772 -0.0171947 -1.91701e-07 -4.6878e-07 
2.34713e-07 -0.0240199 0.0460712 -0.0220512 -2.34713e-07 -5.74014e-07 
2.65717e-07 -0.029553 0.0561943 -0.0266413 -2.65717e-07 -6.49897e-07 
2.79395e-07 -0.0352813 0.0660089 -0.0307275 -2.79395e-07 -6.83405e-07 
2.68863e-07 -0.0413517 0.0753174 -0.0339655 -2.68863e-07 -6.57668e-07 
2.34554e-07 -0.0477531 0.0841243 -0.0363709 -2.34554e-07 -5.73739e-07 
1.82287e-07 -0.0543634 0.0925764 -0.0382128 -1.82287e-07 -4.45885e-07 
1.15067e-07 -0.0611422 0.100717 -0.0395742 -1.15067e-07 -2.81456e-07 
3.76235e-08 -0.0680277 0.108616 -0.0405883 -3.76235e-08 -9.20182e-08 
-4.34355e-08 -0.0749702 0.116435 -0.0414642 4.34355e-08 1.0626e-07 
-1.20088e-07 -0.0821593 0.124758 -0.042598 1.20088e-07 2.93753e-07 
-1.81036e-07 -0.0891184 0.133242 -0.0441229 1.81036e-07 4.42828e-07 
-2.11843e-07 -0.0956623 0.142117 -0.0464548 2.11843e-07 5.18166e-07 
-1.95079e-07 -0.101568 0.151665 -0.050097 1.95079e-07 4.77127e-07 
-1.2867e-07 -0.10682 0.161898 -0.055078 1.2867e-07 3.14648e-07 
-5.89493e-08 -0.112058 0.171997 -0.0599397 5.89493e-08 1.44092e-07 
6.07085e-09 -0.117406 0.181797 -0.0643916 -6.07085e-09 -1.4926e-08 
6.09959e-08 -0.12296 0.191177 -0.068218 -6.09959e-08 -1.49198e-07 
1.00197e-07 -0.129598 0.201195 -0.0715971 -1.00197e-07 -2.44938e-07 
1.18919e-07 -0.140214 0.215874 -0.075661 -1.18919e-07 -2.90484e-07 
1.05125e-07 -0.151062 0.229951 -0.0788886 -1.05125e-07 -2.56569e-07 
4.66999e-08 -0.162031 0.24422 -0.0821881 -4.66999e-08 -1.13839e-07 
-7.63742e-08 -0.175425 0.262305 -0.0868789 7.63742e-08 1.86495e-07 
-2.92374e-07 -0.188521 0.280351 -0.0918297 2.92374e-07 7.13346e-07 
-4.08512e-07 -0.201425 0.298221 -0.0967969 4.08512e-07 9.96503e-07 
-5.37048e-08 -0.214416 0.315561 -0.101146 5.37048e-08 1.3094e-07 
9.74232e-07 -0.228906 0.334255 -0.105349 -9.74232e-07 -2.3765e-06 
2.24098e-06 -0.245388 0.354935 -0.109547 -2.24098e-06 -5.46639e-06 
1.90725e-06 -0.254247 0.364133 -0.109885 -1.90725e-06 -4.6523e-06 
-3.76073e-07 -0.256861 0.364294 -0.107432 3.76073e-07 9.17365e-07 
-2.20431e-06 -0.254655 0.357604 -0.102948 2.20431e-06 5.37693e-06 
-2.05385e-06 -0.251344 0.349401 -0.0980568 2.05385e-06 5.00992e-06 
-4.46747e-07 -0.247707 0.340818 -0.0931115 4.46747e-07 1.08973e-06 
3.78106e-07 -0.244015 0.332235 -0.0882217 -3.78106e-07 -9.22321e-07 
1.51754e-07 -0.24 0.32331 -0.0833104 -1.51754e-07 -3.70183e-07 
-4.38989e-07 -0.23567 0.314126 -0.0784563 4.38989e-07 1.07081e-06 
-9.89916e-08 -0.2308 0.304521 -0.0737215 9.89916e-08 2.41463e-07 
1.08948e-06 -0.225038 0.294049 -0.069011 -1.08948e-06 -2.65757e-06 
2.12852e-06 -0.218392 0.282528 -0.0641359 -2.12852e-06 -5.19205e-06 
1.82372e-06 -0.211921 0.271056 -0.0591349 -1.82372e-06 -4.44855e-06 
4.12538e-07 -0.205584 0.259657 -0.0540734 -4.12538e-07 -1.00625e-06 
-1.31522e-06 -0.198584 0.2478 -0.0492157 1.31522e-06 3.20826e-06 
-1.8696e-06 -0.189331 0.234484 -0.0451526 1.8696e-06 4.5605e-06 
-1.4595e-06 -0.179652 0.221773 -0.04212 1.4595e-06 3.56007e-06 
-3.55564e-07 -0.174719 0.215761 -0.0410421 3.55564e-07 8.67126e-07 
7.73968e-07 -0.171439 0.210428 -0.0389882 -7.73968e-07 -1.88815e-06 
1.51628e-06 -0.169336 0.203983 -0.0346461 -1.51628e-06 -3.69872e-06 
1.9128e-06 -0.16826 0.196572 -0.0283117 -1.9128e-06 -4.66564e-06 
2.00281e-06 -0.168065 0.188333 -0.0202682 -2.00281e-06 -4.88479e-06 
1.7615e-06 -0.161793 0.176872 -0.015079 -1.7615e-06 -4.29599e-06 
1.25265e-06 -0.145138 0.160711 -0.0155724 -1.25265e-06 -3.05509e-06 
6.85763e-07 -0.126844 0.146299 -0.0194552 -6.85763e-07 -1.67283e-06 
1.52509e-07 -0.108134 0.132387 -0.0242529 -1.52509e-07 -3.72652e-07 
-2.93903e-07 -0.0916388 0.120477 -0.0288381 2.93903e-07 7.15749e-07 
-6.01764e-07 -0.0767075 0.107322 -0.0306146 6.01764e-07 1.46641e-06 
-7.12317e-07 -0.0643855 0.0915796 -0.0271945 7.12317e-07 1.73618e-06 
-6.91169e-07 -0.0532593 0.0746636 -0.0214046 6.91169e-07 1.68489e-06 
-5.90497e-07 -0.0423271 0.0575745 -0.0152476 5.90497e-07 1.43965e-06 
-4.45596e-07 -0.0310529 0.0408457 -0.00979295 4.45596e-07 1.08648e-06 
-2.78571e-07 -0.0192644 0.0246451 -0.00538079 2.78571e-07 6.79278e-07 
-1.02032e-07 -0.00705152 0.00887802 -0.00182654 1.02032e-07 2.48809e-07 
-8.24402e-09 -0.000569811 0.000715489 -0.000145682 8.24402e-09 2.01035e-08 
-2.74099e-08 -0.00189468 0.00237538 -0.000480709 2.74099e-08 6.68406e-08 
-4.6642e-08 -0.00322485 0.00402987 -0.000805041 4.6642e-08 1.1374e-07 
-6.59798e-08 -0.00456422 0.005675 -0.00111081 6.59798e-08 1.60899e-07 
-8.54515e-08 -0.00591698 0.0073065 -0.00138956 8.54515e-08 2.08386e-07 
-1.0507e-07 -0.00728776 0.00891968 -0.00163196 1.0507e-07 2.56234e-07 
-1.24829e-07 -0.00868173 0.0105093 -0.0018276 1.24829e-07 3.04427e-07 
-1.44697e-07 -0.0101047 0.0120694 -0.00196472 1.44697e-07 3.5289e-07 
-1.64613e-07 -0.0115634 0.0135933 -0.00202995 1.64613e-07 4.01477e-07 
-1.84485e-07 -0.0130653 0.0150734 -0.0020081 1.84485e-07 4.49961e-07 
-2.0418e-07 -0.0146191 0.0165009 -0.00188186 2.0418e-07 4.98023e-07 
-2.23526e-07 -0.0162345 0.017866 -0.0016316 2.23526e-07 5.45241e-07 
-2.42303e-07 -0.0179225 0.0191576 -0.00123511 2.42303e-07 5.91079e-07 
-2.60237e-07 -0.0196957 0.020363 -0.000667331 2.60237e-07 6.34877e-07 
-2.77003e-07 -0.0215681 0.0214681 9.98855e-05 2.77003e-07 6.75837e-07 
-2.92211e-07 -0.0235554 0.0224572 0.00109801 2.92211e-07 7.13016e-07 
-3.0541e-07 -0.0256749 0.0233127 0.00236209 3.0541e-07 7.45312e-07 
-3.16078e-07 -0.0279461 0.024015 0.00393101 3.16078e-07 7.71457e-07 
-3.23619e-07 -0.0303905 0.0245427 0.00584772 3.23619e-07 7.89999e-07 
-3.2736e-07 -0.0330315 0.0248719 0.0081595 3.2736e-07 7.99301e-07 
-3.26545e-07 -0.0358951 0.0249768 0.0109182 3.26545e-07 7.97519e-07 
-3.20329e-07 -0.0390094 0.0248288 0.0141805 3.20329e-07 7.82602e-07 
-3.07777e-07 -0.0424054 0.0243971 0.0180082 3.07777e-07 7.52271e-07 
-2.89194e-07 -0.0460637 0.0236986 0.022365 2.89194e-07 7.07263e-07 
-2.67859e-07 -0.0498469 0.0228641 0.0269828 2.67859e-07 6.5555e-07 
-2.44229e-07 -0.0537274 0.0219184 0.031809 2.44229e-07 5.9824e-07 
-2.18604e-07 -0.0576825 0.0208816 0.0368009 2.18604e-07 5.3606e-07 
-1.91332e-07 -0.0616861 0.0197767 0.0419095 1.91332e-07 4.6985e-07 
-1.6281e-07 -0.0657091 0.0186299 0.0470793 1.6281e-07 4.00574e-07 
-1.33488e-07 -0.0697186 0.0174704 0.0522484 1.33488e-07 3.29315e-07 
-1.03865e-07 -0.0736784 0.0163308 0.0573477 1.03865e-07 2.57288e-07 
-7.4499e-08 -0.0775482 0.0152471 0.0623013 7.4499e-08 1.85839e-07 
-4.60027e-08 -0.0812843 0.014259 0.0670254 4.60027e-08 1.16454e-07 
-1.90477e-08 -0.0848387 0.0134097 0.0714292 1.90477e-08 5.07577e-08 
5.6336e-09 -0.0881594 0.0127462 0.0754134 -5.6336e-09 -9.47494e-09 
2.72465e-08 -0.0911902 0.0123194 0.0788711 -2.72465e-08 -6.23199e-08 
4.49321e-08 -0.0938706 0.0121842 0.0816867 -4.49321e-08 -1.05697e-07 
5.90105e-08 -0.0981144 0.0126559 0.0854588 -5.90105e-08 -1.40333e-07 
6.8294e-08 -0.103094 0.0137483 0.0893459 -6.8294e-08 -1.63425e-07 
7.03748e-08 -0.107384 0.0153938 0.091991 -7.03748e-08 -1.69175e-07 
6.97897e-08 -0.111466 0.0171408 0.0943251 -6.97897e-08 -1.68418e-07 
6.76032e-08 -0.115507 0.018826 0.0966811 -6.76032e-08 -1.63641e-07 
6.35001e-08 -0.119561 0.020394 0.0991668 -6.35001e-08 -1.54011e-07 
5.71302e-08 -0.123688 0.021782 0.101906 -5.71302e-08 -1.38598e-07 
4.80037e-08 -0.127677 0.0228687 0.104809 -4.80037e-08 -1.16126e-07 
3.54907e-08 -0.129976 0.0232845 0.106692 -3.54907e-08 -8.49952e-08 
2.03128e-08 -0.132597 0.0233204 0.109277 -2.03128e-08 -4.68963e-08 
2.20485e-09 -0.135595 0.0229224 0.112672 -2.20485e-09 -1.11882e-09 
-1.91128e-08 -0.139027 0.0220336 0.116993 1.91128e-08 5.30858e-08 
-4.18412e-08 -0.142812 0.0207271 0.122084 4.18412e-08 1.11079e-07 
-5.91231e-08 -0.14652 0.0193961 0.127124 5.91231e-08 1.55108e-07 
-6.95477e-08 -0.150102 0.0180841 0.132018 6.95477e-08 1.81545e-07 
-7.21098e-08 -0.153538 0.0168064 0.136731 7.21098e-08 1.87812e-07 
-6.57495e-08 -0.156805 0.015579 0.141225 6.57495e-08 1.71194e-07 
-4.93507e-08 -0.159881 0.014419 0.145461 4.93507e-08 1.28831e-07 
-2.17498e-08 -0.162817 0.0133505 0.149466 2.17498e-08 5.77406e-08 
1.86442e-08 -0.166628 0.0124643 0.154163 -1.86442e-08 -4.61457e-08 
6.36922e-08 -0.170268 0.0115747 0.158693 -6.36922e-08 -1.61911e-07 
9.7933e-08 -0.173892 0.0105318 0.16336 -9.7933e-08 -2.49805e-07 
1.19141e-07 -0.177505 0.00932278 0.168182 -1.19141e-07 -3.04092e-07 
1.24883e-07 -0.180842 0.00792398 0.172918 -1.24883e-07 -3.18506e-07 
1.12847e-07 -0.183808 0.00633153 0.177477 -1.12847e-07 -2.87093e-07 
8.1144e-08 -0.186786 0.00455524 0.182231 -8.1144e-08 -2.04981e-07 
2.91866e-08 -0.189777 0.00258886 0.187188 -2.91866e-08 -7.06636e-08 
-1.94021e-08 -0.1927 0.000501776 0.192199 1.94021e-08 5.48135e-08 
-5.49718e-08 -0.195522 -0.00168047 0.197202 5.49718e-08 1.46504e-07 
-7.58095e-08 -0.198234 -0.00395729 0.202191 7.58095e-08 1.99965e-07 
-8.0121e-08 -0.200828 -0.00632796 0.207156 8.0121e-08 2.10545e-07 
-6.60326e-08 -0.203308 -0.00879218 0.2121 6.60326e-08 1.73386e-07 
-3.50494e-08 -0.205685 -0.0113546 0.217039 3.50494e-08 9.24641e-08 
-9.39498e-09 -0.207956 -0.0140419 0.221998 9.39498e-09 2.59211e-08 
5.67681e-09 -0.210123 -0.0168616 0.226985 -5.67681e-09 -1.24614e-08 
8.97637e-09 -0.212157 -0.0198139 0.231971 -8.97637e-09 -1.95263e-08 
-7.28641e-10 -0.214064 -0.0229014 0.236965 7.28641e-10 7.9974e-09 
-2.43414e-08 -0.215852 -0.0261276 0.24198 2.43414e-08 7.24996e-08 
-4.73074e-08 -0.217508 -0.0294836 0.246993 4.73074e-08 1.35023e-07 
-6.09109e-08 -0.219024 -0.0329649 0.25199 6.09109e-08 1.72226e-07 
-6.42028e-08 -0.220391 -0.0365726 0.256965 6.42028e-08 1.8154e-07 
-5.61969e-08 -0.221603 -0.0403076 0.261911 5.61969e-08 1.60298e-07 
-3.65036e-08 -0.222717 -0.044184 0.266901 3.65036e-08 1.07406e-07 
-1.49912e-08 -0.223672 -0.048193 0.271865 1.49912e-08 4.88518e-08 
4.40917e-09 -0.224461 -0.052335 0.276796 -4.40917e-09 -5.058e-09 
2.14495e-08 -0.225146 -0.0566287 0.281775 -2.14495e-08 -5.37433e-08 
3.58689e-08 -0.225662 -0.0610641 0.286726 -3.58689e-08 -9.65995e-08 
4.5756e-08 -0.225991 -0.0656376 0.291628 -4.5756e-08 -1.27456e-07 
4.63426e-08 -0.226221 -0.070376 0.296597 -4.63426e-08 -1.30484e-07 
3.65431e-08 -0.226268 -0.07526 0.301528 -3.65431e-08 -1.02343e-07 
1.54548e-08 -0.226106 -0.0802856 0.306391 -1.54548e-08 -4.03228e-08 
-1.45938e-08 -0.220753 -0.08351 0.304264 1.45938e-08 4.85486e-08 
-3.46749e-08 -0.215423 -0.0866017 0.302025 3.46749e-08 1.07978e-07 
-4.17764e-08 -0.209856 -0.0894491 0.299305 4.17764e-08 1.28966e-07 
-3.64257e-08 -0.202955 -0.0915116 0.294467 3.64257e-08 1.13043e-07 
-2.02341e-08 -0.196181 -0.0933668 0.289547 2.02341e-08 6.50172e-08 
-4.47699e-09 -0.189561 -0.095033 0.284594 4.47699e-09 1.82597e-08 
5.34482e-09 -0.183159 -0.0965516 0.27971 -5.34482e-09 -1.09464e-08 
9.78759e-09 -0.176884 -0.0978855 0.27477 -9.78759e-09 -2.42478e-08 
9.3722e-09 -0.170743 -0.099042 0.269785 -9.3722e-09 -2.31843e-08 
5.39568e-09 -0.164766 -0.100042 0.264808 -5.39568e-09 -1.15889e-08 
2.17396e-09 -0.158945 -0.10087 0.259815 -2.17396e-09 -2.21839e-09 
1.75274e-10 -0.153282 -0.10153 0.254812 -1.75274e-10 3.54308e-09 
-7.2107e-10 -0.147807 -0.102051 0.249859 7.2107e-10 6.05283e-09 
-6.29487e-10 -0.142489 -0.102422 0.244911 6.29487e-10 5.64802e-09 
2.03582e-10 -0.137308 -0.102644 0.239952 -2.03582e-10 3.05655e-09 
8.99278e-10 -0.132243 -0.102748 0.23499 -8.99278e-10 8.76245e-10 
1.3439e-09 -0.127309 -0.10276 0.230069 -1.3439e-09 -5.56496e-10 
1.56309e-09 -0.122464 -0.102648 0.225112 -1.56309e-09 -1.3189e-09 
1.58122e-09 -0.11771 -0.102415 0.220125 -1.58122e-09 -1.48321e-09 
1.42147e-09 -0.113052 -0.102063 0.215115 -1.42147e-09 -1.1181e-09 
1.19125e-09 -0.108564 -0.101582 0.210146 -1.19125e-09 -5.4154e-10 
1.01509e-09 -0.104338 -0.100957 0.205296 -1.01509e-09 -1.22085e-10 
8.88078e-10 -0.100356 -0.100196 0.200552 -8.88078e-10 1.54707e-10 
8.04435e-10 -0.0965607 -0.0992668 0.195828 -8.04435e-10 3.04791e-10 
7.58973e-10 -0.0929319 -0.098167 0.191099 -7.58973e-10 3.43335e-10 
7.47034e-10 -0.0894952 -0.0969465 0.186442 -7.47034e-10 2.85224e-10 
7.58254e-10 -0.0861711 -0.0956237 0.181794 -7.58254e-10 1.61224e-10 
7.62568e-10 -0.0826579 -0.0942611 0.176919 -7.62568e-10 6.10773e-11 
7.60506e-10 -0.0792826 -0.0932491 0.172531 -7.60506e-10 -7.68823e-12 
7.50455e-10 -0.0757632 -0.0922361 0.167999 -7.50455e-10 -4.93951e-11 
7.33207e-10 -0.0721108 -0.0911901 0.163301 -7.33207e-10 -6.72603e-11 
7.09716e-10 -0.0683581 -0.0901066 0.158464 -7.09716e-10 -6.43028e-11 
6.80881e-10 -0.0645355 -0.0889812 0.153516 -6.80881e-10 -4.33659e-11 
6.47546e-10 -0.0606717 -0.0878103 0.148482 -6.47546e-10 -7.1256e-12 
6.1507e-10 -0.0572434 -0.0865027 0.143746 -6.1507e-10 2.68173e-11 
5.8756e-10 -0.0546069 -0.084991 0.139598 -5.8756e-10 4.4994e-11 
5.64387e-10 -0.052655 -0.0832976 0.135953 -5.64387e-10 4.95694e-11 
5.44963e-10 -0.0512878 -0.0814435 0.132732 -5.44963e-10 4.2567e-11 
5.28738e-10 -0.0504119 -0.0794485 0.129861 -5.28738e-10 2.58728e-11 
5.13308e-10 -0.0497556 -0.0770476 0.126804 -5.13308e-10 1.28421e-12 
4.99963e-10 -0.0493994 -0.0745306 0.12393 -4.99963e-10 -2.92237e-11 
4.88281e-10 -0.0492675 -0.0719246 0.121192 -4.88281e-10 -6.39989e-11 
4.7782e-10 -0.0492858 -0.0692459 0.118532 -4.7782e-10 -1.01545e-10 
4.67286e-10 -0.0491887 -0.0665483 0.115737 -4.67286e-10 -1.37178e-10 
4.52379e-10 -0.0480415 -0.064016 0.112058 -4.52379e-10 -1.54989e-10 
4.33441e-10 -0.0459376 -0.0616327 0.107571 -4.33441e-10 -1.56375e-10 
4.11383e-10 -0.043096 -0.0593571 0.102453 -4.11383e-10 -1.44862e-10 
3.87025e-10 -0.0397128 -0.0571527 0.0968658 -3.87025e-10 -1.23611e-10 
3.61092e-10 -0.0359621 -0.0549871 0.0909494 -3.61092e-10 -9.54385e-11 
3.34224e-10 -0.031997 -0.052832 0.0848292 -3.34224e-10 -6.28241e-11 
3.06977e-10 -0.0279507 -0.0506631 0.078614 -3.06977e-10 -2.79332e-11 
2.79828e-10 -0.0239374 -0.0484596 0.0723973 -2.79828e-10 7.36981e-12 
2.53179e-10 -0.0200535 -0.0462045 0.0662582 -2.53179e-10 4.15054e-11 
2.27364e-10 -0.0163782 -0.0438838 0.0602621 -2.27364e-10 7.31625e-11 
2.02648e-10 -0.0129749 -0.0414867 0.0544617 -2.02648e-10 1.01283e-10 
1.79235e-10 -0.00989213 -0.0390054 0.0488976 -1.79235e-10 1.25046e-10 
1.57271e-10 -0.00716441 -0.0364347 0.0435992 -1.57271e-10 1.43852e-10 
1.535e-10 -0.00534985 -0.0379532 0.0433032 -1.535e-10 1.77561e-10 
1.64545e-10 -0.00338251 -0.0441059 0.0474884 -1.64545e-10 2.43746e-10 
1.70754e-10 -0.000149085 -0.0505435 0.0506926 -1.70754e-10 3.27272e-10 
1.75815e-10 0.00413665 -0.0572239 0.0530872 -1.75815e-10 4.13955e-10 
1.82706e-10 0.00936323 -0.0641253 0.0547621 -1.82706e-10 4.92297e-10 
1.9484e-10 0.0154051 -0.0712227 0.0558175 -1.9484e-10 5.49158e-10 
2.16561e-10 0.0220727 -0.0784769 0.0564041 -2.16561e-10 5.67841e-10 
2.53231e-10 0.0291068 -0.0858341 0.0567271 -2.53231e-10 5.27769e-10 
3.11319e-10 0.0361727 -0.0932238 0.057051 -3.11319e-10 4.04152e-10 
3.98482e-10 0.0428539 -0.100558 0.0577043 -3.98482e-10 1.67665e-10 
5.10658e-10 0.0475243 -0.105289 0.0577646 -5.10658e-10 -2.0645e-10 
6.5917e-10 0.050555 -0.109448 0.0588931 -6.5917e-10 -7.24736e-10 
8.5108e-10 0.051679 -0.113215 0.0615358 -8.5108e-10 -1.40979e-09 
1.09291e-09 0.0504851 -0.116501 0.0660159 -1.09291e-09 -2.28653e-09 
1.30858e-09 0.0480573 -0.119543 0.0714855 -1.30858e-09 -3.06449e-09 
1.39324e-09 0.0459818 -0.122685 0.0767029 -1.39324e-09 -3.3435e-09 
1.32011e-09 0.0443825 -0.125955 0.0815725 -1.32011e-09 -3.02125e-09 
1.06036e-09 0.0433926 -0.129384 0.085991 -1.06036e-09 -1.98774e-09 
5.83057e-10 0.0431556 -0.133003 0.0898474 -5.83057e-10 -1.24852e-10 
-1.44934e-10 0.0438261 -0.136848 0.093022 1.44934e-10 2.6939e-09 
-1.15898e-09 0.0455696 -0.140956 0.0953864 1.15898e-09 6.60356e-09 
-2.54975e-09 0.0497335 -0.148887 0.0991536 2.54975e-09 1.20037e-08 
-3.52886e-09 0.0548205 -0.158224 0.103403 3.52886e-09 1.58477e-08 
-3.34793e-09 0.0598246 -0.167621 0.107796 3.34793e-09 1.52595e-08 
-1.5976e-09 0.0646189 -0.177058 0.112438 1.5976e-09 8.67599e-09 
2.16878e-09 0.0687095 -0.185572 0.116862 -2.16878e-09 -5.62154e-09 
8.32048e-09 0.0719131 -0.193102 0.121189 -8.32048e-09 -2.90425e-08 
1.72723e-08 0.0744611 -0.200575 0.126114 -1.72723e-08 -6.32121e-08 
2.92363e-08 0.0769496 -0.208126 0.131177 -2.92363e-08 -1.10246e-07 
4.45579e-08 0.079691 -0.215831 0.13614 -4.45579e-08 -1.72301e-07 
6.37094e-08 0.0827353 -0.223705 0.14097 -6.37094e-08 -2.5159e-07 
8.71987e-08 0.0861364 -0.231769 0.145632 -8.71987e-08 -3.50489e-07 
1.13387e-07 0.0900257 -0.240314 0.150288 -1.13387e-07 -4.6231e-07 
1.17985e-07 0.0940692 -0.249136 0.155067 -1.17985e-07 -4.8474e-07 
9.0026e-08 0.0981349 -0.258108 0.159973 -9.0026e-08 -3.71759e-07 
2.37315e-08 0.102045 -0.266808 0.164763 -2.37315e-08 -9.92862e-08 
-8.53253e-08 0.1059 -0.275542 0.169643 8.53253e-08 3.5116e-07 
-1.7235e-07 0.10983 -0.284444 0.174615 1.7235e-07 7.10394e-07 
-1.89155e-07 0.113819 -0.293316 0.179498 1.89155e-07 7.78243e-07 
-1.25043e-07 0.117968 -0.302412 0.184445 1.25043e-07 5.10346e-07 
2.28618e-08 0.122186 -0.311491 0.189305 -2.28618e-08 -1.05192e-07 
1.40722e-07 0.126454 -0.320595 0.194139 -1.40722e-07 -5.95578e-07 
1.81966e-07 0.130824 -0.329883 0.199057 -1.81966e-07 -7.67372e-07 
1.36537e-07 0.135142 -0.338976 0.203833 -1.36537e-07 -5.78733e-07 
3.34421e-08 0.139598 -0.348345 0.208748 -3.34421e-08 -1.49085e-07 
-4.63869e-08 0.14403 -0.35756 0.213531 4.63869e-08 1.87918e-07 
-9.68149e-08 0.148589 -0.366993 0.218405 9.68149e-08 4.07239e-07 
-1.16846e-07 0.153151 -0.376343 0.223192 1.16846e-07 5.04095e-07 
-1.1986e-07 0.157789 -0.385797 0.228008 1.1986e-07 5.26936e-07 
-1.0681e-07 0.161132 -0.392027 0.230894 1.0681e-07 4.77611e-07 
-7.75496e-08 0.162927 -0.394499 0.231572 7.75496e-08 3.54753e-07 
-2.85267e-08 0.163367 -0.393732 0.230365 2.85267e-08 1.36543e-07 
3.79473e-08 0.161118 -0.386602 0.225484 -3.79473e-08 -1.68168e-07 
1.16906e-07 0.158713 -0.379245 0.220531 -1.16906e-07 -5.35573e-07 
1.69049e-07 0.156255 -0.371893 0.215637 -1.69049e-07 -7.80681e-07 
1.64306e-07 0.153665 -0.364351 0.210685 -1.64306e-07 -7.61881e-07 
1.13046e-07 0.151116 -0.35702 0.205904 -1.13046e-07 -5.27229e-07 
2.82797e-08 0.148475 -0.349587 0.201112 -2.82797e-08 -1.36867e-07 
-3.809e-08 0.14569 -0.341927 0.196237 3.809e-08 1.70501e-07 
-7.68012e-08 0.142984 -0.334561 0.191577 7.68012e-08 3.52029e-07 
-9.24018e-08 0.140084 -0.32684 0.186756 9.24018e-08 4.28339e-07 
-8.9205e-08 0.136997 -0.318776 0.18178 8.9205e-08 4.18923e-07 
-7.85801e-08 0.133866 -0.310678 0.176812 7.85801e-08 3.73646e-07 
-6.56876e-08 0.130727 -0.30262 0.171892 6.56876e-08 3.15512e-07 
-5.12501e-08 0.127647 -0.294757 0.167109 5.12501e-08 2.4833e-07 
-3.59277e-08 0.125062 -0.288094 0.163032 3.59277e-08 1.75588e-07 
-2.01224e-08 0.122381 -0.281269 0.158888 2.01224e-08 9.95015e-08 
-7.68376e-09 0.119312 -0.273642 0.154331 7.68376e-09 3.93378e-08 
6.90775e-10 0.116327 -0.266302 0.149975 -6.90775e-10 -1.29179e-09 
5.79487e-09 0.113423 -0.259223 0.1458 -5.79487e-09 -2.6201e-08 
8.18811e-09 0.110222 -0.251529 0.141307 -8.18811e-09 -3.80818e-08 
8.35134e-09 0.106767 -0.243314 0.136547 -8.35134e-09 -3.92395e-08 
6.76558e-09 0.10312 -0.234713 0.131593 -6.76558e-09 -3.1973e-08 
4.78208e-09 0.0998504 -0.226954 0.127104 -4.78208e-09 -2.25971e-08 
2.90724e-09 0.0970709 -0.220284 0.123213 -2.90724e-09 -1.35149e-08 
1.15704e-09 0.0946404 -0.214395 0.119755 -1.15704e-09 -4.85631e-09 
-4.55165e-10 0.0924326 -0.209013 0.116581 4.55165e-10 3.26681e-09 
-1.92679e-09 0.0906821 -0.204677 0.113995 1.92679e-09 1.0806e-08 
-3.28745e-09 0.0896107 -0.201885 0.112275 3.28745e-09 1.78851e-08 
-4.53033e-09 0.0885598 -0.199156 0.110596 4.53033e-09 2.44384e-08 
-5.62547e-09 0.0874335 -0.196279 0.108846 5.62547e-09 3.02844e-08 
-6.06417e-09 0.085485 -0.191637 0.106152 6.06417e-09 3.26751e-08 
-5.7886e-09 0.0825914 -0.184961 0.10237 5.7886e-09 3.12836e-08 
-4.9738e-09 0.0789546 -0.176689 0.097735 4.9738e-09 2.70339e-08 
-3.88456e-09 0.0773105 -0.172928 0.0956174 3.88456e-09 2.13536e-08 
-2.38895e-09 0.0752468 -0.168267 0.09302 2.38895e-09 1.35259e-08 
-5.28075e-10 0.0727327 -0.162634 0.089901 5.28075e-10 3.76709e-09 
1.65376e-09 0.0698182 -0.156137 0.0863188 -1.65376e-09 -7.68905e-09 
4.11422e-09 0.0665514 -0.148881 0.0823294 -4.11422e-09 -2.06191e-08 
6.81293e-09 0.0629779 -0.140964 0.0779862 -6.81293e-09 -3.481e-08 
9.71144e-09 0.0591414 -0.132481 0.07334 -9.71144e-09 -5.00587e-08 
1.27732e-08 0.0550833 -0.123523 0.0684393 -1.27732e-08 -6.61724e-08 
1.55964e-08 0.0515155 -0.11563 0.0641147 -1.55964e-08 -8.10348e-08 
1.76526e-08 0.0493835 -0.110853 0.0614692 -1.76526e-08 -9.18627e-08 
1.90092e-08 0.048542 -0.108876 0.0603334 -1.90092e-08 -9.90112e-08 
1.97366e-08 0.0488421 -0.109376 0.0605334 -1.97366e-08 -1.02849e-07 
1.99013e-08 0.0501423 -0.112047 0.0619044 -1.99013e-08 -1.03728e-07 
1.95668e-08 0.0523086 -0.116599 0.0642898 -1.95668e-08 -1.01982e-07 
1.87934e-08 0.055214 -0.122756 0.0675415 -1.87934e-08 -9.79263e-08 
1.76378e-08 0.0587388 -0.130259 0.0715197 -1.76378e-08 -9.18609e-08 
1.61538e-08 0.0627697 -0.138862 0.0760924 -1.61538e-08 -8.40687e-08 
1.43821e-08 0.0671501 -0.148225 0.0810746 -1.43821e-08 -7.47635e-08 
1.23787e-08 0.0717763 -0.158123 0.0863462 -1.23787e-08 -6.42408e-08 
1.01986e-08 0.0765813 -0.168412 0.0918305 -1.01986e-08 -5.27888e-08 
7.88545e-09 0.081475 -0.178897 0.0974221 -7.88545e-09 -4.06372e-08 
5.47979e-09 0.0863736 -0.189397 0.103023 -5.47979e-09 -2.79994e-08 
3.01924e-09 0.0912002 -0.199745 0.108544 -3.01924e-09 -1.50733e-08 
6.67631e-10 0.0955584 -0.209082 0.113524 -6.67631e-10 -2.72088e-09 
-1.37117e-09 0.0989499 -0.216331 0.117381 1.37117e-09 7.98532e-09 
-3.121e-09 0.10145 -0.221654 0.120204 3.121e-09 1.71707e-08 
-4.60698e-09 0.103136 -0.225219 0.122083 4.60698e-09 2.49676e-08 
-5.85273e-09 0.104081 -0.227182 0.123101 5.85273e-09 3.15002e-08 
-6.88038e-09 0.104353 -0.227691 0.123339 6.88038e-09 3.68849e-08 
-7.71549e-09 0.10408 -0.227026 0.122946 7.71549e-09 4.12568e-08 
-8.39422e-09 0.103498 -0.225697 0.122198 8.39422e-09 4.4807e-08 
-8.9196e-09 0.102444 -0.223345 0.120902 8.9196e-09 4.75503e-08 
-9.30696e-09 0.100963 -0.220074 0.119111 9.30696e-09 4.95671e-08 
-9.57055e-09 0.0991 -0.215978 0.116878 9.57055e-09 5.09326e-08 
-9.72361e-09 0.0968963 -0.211144 0.114248 9.72361e-09 5.17164e-08 
-9.77842e-09 0.0943895 -0.205656 0.111267 9.77842e-09 5.19831e-08 
-9.74628e-09 0.0916145 -0.199589 0.107975 9.74628e-09 5.17922e-08 
-9.63761e-09 0.0886034 -0.193011 0.104408 9.63761e-09 5.11986e-08 
-9.46197e-09 0.0853856 -0.185987 0.100602 9.46197e-09 5.02525e-08 
-9.22807e-09 0.0819881 -0.178575 0.096587 9.22807e-09 4.89998e-08 
-8.94384e-09 0.0784353 -0.170827 0.0923919 8.94384e-09 4.74822e-08 
-8.61644e-09 0.0747493 -0.162792 0.0880423 8.61644e-09 4.57375e-08 
-8.25234e-09 0.0709501 -0.154511 0.0835614 8.25234e-09 4.37996e-08 
-7.85732e-09 0.0670555 -0.146025 0.0789697 7.85732e-09 4.1699e-08 
-7.43651e-09 0.0630813 -0.137367 0.0742857 7.43651e-09 3.94626e-08 
-6.99445e-09 0.0590416 -0.128567 0.0695256 6.99445e-09 3.71144e-08 
-6.5351e-09 0.0549485 -0.119652 0.0647036 6.5351e-09 3.46752e-08 
-6.0619e-09 0.0508127 -0.110645 0.059832 6.0619e-09 3.21631e-08 
-5.5778e-09 0.0466433 -0.101565 0.0549214 5.5778e-09 2.95937e-08 
-5.08531e-09 0.042448 -0.0924287 0.0499808 5.08531e-09 2.69801e-08 
-4.58651e-09 0.0382332 -0.0832507 0.0450175 4.58651e-09 2.43333e-08 
-4.08309e-09 0.0340042 -0.0740419 0.0400377 4.08309e-09 2.16622e-08 
-3.57643e-09 0.0297652 -0.0648115 0.0350464 3.57643e-09 1.89741e-08 
-3.0676e-09 0.0255194 -0.0555666 0.0300472 3.0676e-09 1.62744e-08 
-2.55738e-09 0.0212694 -0.0463125 0.0250431 2.55738e-09 1.35676e-08 
-2.04637e-09 0.017017 -0.0370531 0.0200361 2.04637e-09 1.08565e-08 
-1.53494e-09 0.0127632 -0.0277909 0.0150277 1.53494e-09 8.14324e-09 
-1.02334e-09 0.00850896 -0.0185276 0.0100186 1.02334e-09 5.42904e-09 
-5.11673e-10 0.00425449 -0.00926381 0.00500932 5.11673e-10 2.71455e-09 
-1.21846e-23 1.01313e-16 -2.20601e-16 1.19288e-16 1.21846e-23 6.4642e-23 
