-0.00906041 1.28764 -0.991721 -0.295926 0.00906041 4.14591e-05 
0.00280633 -0.0653696 0.144673 -0.0793039 -0.00280633 9.67761e-08 
-0.0670524 1.11739 -2.53978 1.42239 0.0670524 2.30662e-07 
1.0977 2.17097 -4.63019 2.45922 -1.0977 -6.16341e-06 
-0.471197 0.896706 -1.11554 0.218835 0.471197 -1.89392e-05 
-0.781299 1.46648 -2.96447 1.71045 0.782985 0.212612 
-0.069748 -0.875795 2.63886 -3.78052 0.0537533 -2.01745 
-0.0503868 0.506596 -1.46828 2.01081 0.0587044 1.04912 
0.00706391 -0.0233719 0.0652671 -0.0853588 -0.0074085 -0.0434635 
0.00738699 0.307094 -0.910401 1.27999 -0.00202215 0.676679 
0.00467698 0.710472 -2.18636 3.25671 0.0128009 1.78082 
0.00220999 -1.37818 3.4895 -3.58736 0.00857863 -1.47604 
-0.00390931 -0.675935 1.95729 -2.66541 0.0248209 -1.38405 
-0.00438571 1.26411 -3.12639 3.00214 0.0327479 1.13986 
0.00523954 0.398159 2.60061 -11.8621 -0.692595 -8.86331 
-0.0341177 -0.433624 -1.13929 6.91454 0.377364 5.34162 
0.050153 0.411143 1.21636 -7.0358 -0.401396 -5.4083 
-2.98879 0.08228 -0.178022 0.096786 2.98885 0.00104758 
-0.675128 -1.20602 2.34763 -1.14167 0.675128 1.49599e-05 
-0.181649 -1.31422 2.69943 -1.38521 0.181649 2.15684e-06 
