1.13194 1.5976 -0.119028 -1.47857 -1.13194 -1.0016e-06 
1.13073 1.65248 -0.194639 -1.45784 -1.13073 -1.29757e-08 
1.14108 1.37405 0.396168 -1.77022 -1.14108 -1.74499e-09 
1.1521 1.2309 0.615278 -1.84617 -1.1521 -1.78272e-08 
1.18132 1.03829 0.910304 -1.94859 -1.18132 2.26631e-09 
1.38116 0.634684 1.71376 -2.34835 -1.38116 9.44704e-05 
1.50045 0.577281 1.7867 -2.2895 -1.49986 0.0744814 
1.53142 0.412182 2.25615 -2.91744 -1.53339 -0.249104 
1.53433 0.387837 2.32645 -3.01331 -1.5367 -0.299015 
1.54311 0.369217 2.37677 -3.07627 -1.54573 -0.330282 
1.55872 0.695801 1.40327 -1.69834 -1.5555 0.400729 
1.57956 1.48989 -1.07052 2.04598 -1.55536 2.46535 
1.60357 1.16352 -0.737762 2.98314 -1.54606 3.4089 
1.62647 0.13273 1.54771 1.4612 -1.51537 3.14164 
1.66155 0.046836 1.64775 1.6197 -1.46415 3.31428 
1.70479 0.451925 1.98723 -2.24997 -1.69252 0.189179 
1.76057 0.4506 2.03234 -2.41132 -1.75592 0.071618 
2.2357 0.476081 2.01188 -2.48796 -2.2357 -6.24502e-07 
2.61923 0.953587 1.08571 -2.0393 -2.61923 -1.09344e-07 
2.68055 1.26353 0.454262 -1.71779 -2.68055 -1.13484e-07 
