-0 0 -0 -0 0 0 
0.000190179 -0.00426341 0.00972305 -0.00545965 -0.000190179 1.30205e-08 
0.0103579 -0.404439 0.825161 -0.420722 -0.0103579 7.72077e-09 
-0.02272 -0.35549 0.485518 -0.130028 0.02272 6.65237e-07 
0.0503899 -0.251595 0.530203 -0.278607 -0.0503899 9.87048e-07 
0.344389 -0.338922 0.643828 -0.291214 -0.34428 0.0136938 
0.0591123 0.0969335 -0.323113 0.512089 -0.0568456 0.285909 
0.00805051 -0.0750952 0.217354 -0.297183 -0.00927878 -0.154925 
0.00564782 -0.0408697 0.117635 -0.15977 -0.0063059 -0.0830047 
0.0126028 0.0537286 -0.165247 0.241833 -0.0115697 0.130314 
0.0192734 0.724587 -2.16136 3.06765 -0.00587376 1.63088 
0.0237927 0.590866 -2.07402 3.63194 0.0055802 2.14879 
0.0256825 -1.15643 2.50741 -1.49235 0.0172018 -0.141366 
0.0216713 -0.670563 1.41883 -0.758752 0.0476204 -0.0104884 
0.0489413 0.615527 -0.842378 -1.02251 -0.0729187 -1.24936 
0.0317163 0.139338 0.436786 -2.47813 -0.155051 -1.90201 
0.0893568 -0.048585 -0.0784285 0.5862 -0.0595349 0.459187 
0.854764 0.178047 -0.326208 0.148178 -0.854763 1.67974e-05 
0.179715 0.591629 -1.18884 0.597216 -0.179715 1.38491e-06 
2.43717e-16 1.76328e-15 -3.6218e-15 1.85852e-15 -2.43717e-16 -2.89381e-21 
