0 0 0 0 0 0 
-0.000694837 0.00544147 -0.0119044 0.00646297 0.000694837 -1.08884e-08 
-0.00275816 0.0217301 -0.0475288 0.0257987 0.00275816 -4.34724e-08 
-0.00599932 0.0485437 -0.106072 0.0575286 0.00599932 -9.70228e-08 
-0.00967688 0.0846294 -0.184421 0.0997915 0.00967688 -1.68704e-07 
-0.0118631 0.12673 -0.274478 0.147748 0.0118631 -2.51141e-07 
-0.00856706 0.168019 -0.359311 0.191292 0.00856706 -3.28912e-07 
0.0062983 0.195867 -0.408415 0.212548 -0.0062983 -3.74209e-07 
0.0298324 0.202853 -0.408027 0.205174 -0.0298324 -3.74365e-07 
0.0354029 0.195971 -0.389961 0.193989 -0.0354029 -3.57939e-07 
-0.00724447 0.189326 -0.40333 0.214004 0.00724447 -3.69255e-07 
-0.102729 0.191632 -0.469796 0.278164 0.102729 -4.24791e-07 
-0.206374 0.198456 -0.552352 0.353897 0.206374 -4.82199e-07 
-0.285984 0.205084 -0.620722 0.415638 0.285984 -5.11575e-07 
-0.331888 0.209463 -0.664025 0.454562 0.331888 -5.06471e-07 
-0.352476 0.211996 -0.691651 0.479654 0.352476 -4.44879e-07 
-0.321519 0.209228 -0.685499 0.476271 0.321519 -2.46321e-07 
-0.258786 0.197767 -0.649815 0.452048 0.258786 9.63354e-08 
-0.232126 0.186526 -0.634672 0.448145 0.232126 4.34775e-07 
-0.227835 0.190332 -0.655748 0.465417 0.227835 7.08961e-07 
-0.230655 0.217616 -0.716356 0.49874 0.230655 8.1967e-07 
-0.22933 0.237553 -0.759505 0.521952 0.22933 7.433e-07 
-0.221166 0.240246 -0.770735 0.530489 0.221166 5.48263e-07 
-0.203409 0.228838 -0.759704 0.530866 0.203409 1.91525e-07 
-0.189421 0.227228 -0.76826 0.541033 0.189421 -6.39973e-08 
-0.190286 0.252886 -0.825477 0.572591 0.190286 -1.08643e-07 
-0.196504 0.285334 -0.894374 0.60904 0.196504 -3.07329e-07 
-0.197191 0.304796 -0.938695 0.633899 0.197191 -5.80061e-07 
-0.187611 0.305785 -0.948565 0.64278 0.187611 -6.30401e-07 
-0.171071 0.294435 -0.938392 0.643956 0.171071 -4.86629e-07 
-0.168368 0.28932 -0.944639 0.655319 0.168368 -4.42139e-07 
-0.182079 0.306197 -0.99082 0.684622 0.182079 -6.3439e-07 
-0.153725 0.328376 -1.02731 0.698934 0.153725 -4.94395e-07 
-0.0773032 0.342765 -1.03216 0.689391 0.0773032 9.34003e-08 
-0.0170625 0.350038 -1.03217 0.682137 0.0170625 5.84159e-07 
0.0127894 0.353743 -1.04033 0.686589 -0.0127894 8.41412e-07 
0.00836928 0.356092 -1.08176 0.725663 -0.00836928 7.88491e-07 
-0.00362005 0.35774 -1.13996 0.782223 0.00362005 2.45718e-07 
0.00100681 0.353326 -1.19244 0.839113 -0.00100681 -2.32935e-07 
-0.000347049 0.362602 -1.24182 0.879223 0.000347049 7.54186e-07 
1.20804e-05 0.380482 -1.28305 0.902565 -1.20804e-05 2.40551e-06 
-5.95309e-07 0.403247 -1.34446 0.941215 5.95309e-07 3.5862e-06 
6.37948e-06 0.435932 -1.43539 0.999462 -6.37948e-06 -3.76444e-07 
3.43711e-07 0.476759 -1.55622 1.07946 -3.43711e-07 -2.80322e-08 
-2.50576e-07 0.522516 -1.70632 1.1838 2.50576e-07 3.83226e-07 
2.96696e-06 0.559241 -1.84913 1.28989 -2.96696e-06 -3.77426e-07 
4.12923e-05 0.581881 -1.96156 1.37968 -4.12923e-05 -1.59392e-08 
0.000720457 0.594528 -2.04351 1.44899 -0.000720457 -3.42689e-07 
-0.00127921 0.597414 -2.0985 1.50108 0.00127921 -9.07359e-08 
0.00967594 0.612142 -2.13219 1.52005 -0.00967594 6.23394e-07 
-0.0112668 0.588339 -2.15186 1.56352 0.0112668 5.40059e-07 
-0.0419409 0.553542 -2.16507 1.61153 0.0419409 1.86543e-07 
-0.0636124 0.529904 -2.17322 1.64331 0.0636124 -9.05105e-08 
-0.073026 0.520079 -2.17677 1.65669 0.073026 -2.15277e-07 
-0.0780682 0.514991 -2.17873 1.66374 0.0780682 -2.83147e-07 
-0.0970001 0.498299 -2.18722 1.68892 0.0970001 -5.46233e-07 
-0.105871 0.498923 -2.20127 1.70235 0.105871 -6.91011e-07 
-0.0934705 0.490814 -2.22766 1.73685 0.0934705 -4.92896e-07 
-0.0831907 0.433047 -2.26472 1.83167 0.0831907 -2.23592e-07 
-0.0799167 0.381765 -2.2871 1.90533 0.0799167 -4.02821e-08 
-0.0815318 0.358517 -2.28957 1.93106 0.0815318 4.53796e-08 
-0.0839676 0.349337 -2.27758 1.92824 0.0839676 6.37748e-08 
-0.0750936 0.32866 -2.26433 1.93567 0.0750936 3.40555e-09 
-0.03874 0.255777 -2.27369 2.01791 0.03874 -1.25488e-07 
-0.00155007 0.171464 -2.29139 2.11993 0.00155007 -2.60254e-07 
0.00790561 0.129033 -2.29432 2.16529 -0.00790561 -3.39115e-07 
0.00130721 0.102227 -2.28642 2.18419 -0.00130721 -3.51297e-07 
-0.00174838 0.0598308 -2.27764 2.21781 0.00174838 -2.15066e-07 
0.000544402 -0.00569353 -2.26716 2.27286 -0.000544402 -1.96762e-07 
-0.000111159 -0.0837751 -2.24548 2.32926 0.000111159 -9.25362e-08 
3.99628e-05 -0.142275 -2.23183 2.3741 -3.99628e-05 3.00018e-08 
2.05088e-05 -0.162895 -2.22489 2.38779 -2.05088e-05 1.59569e-08 
4.39663e-06 -0.173885 -2.21858 2.39247 -4.39663e-06 3.58784e-09 
-8.82313e-06 -0.197972 -2.18668 2.38465 8.82313e-06 -1.76942e-08 
2.91477e-06 -0.219836 -2.17751 2.39735 -2.91477e-06 -6.01013e-08 
2.92035e-07 -0.241272 -2.18973 2.431 -2.92035e-07 -9.36555e-08 
-7.69323e-07 -0.255838 -2.1804 2.43623 7.69323e-07 -6.69597e-08 
-4.63126e-07 -0.264696 -2.16514 2.42984 4.63126e-07 -3.8172e-08 
1.77054e-09 -0.273138 -2.14676 2.4199 -1.77054e-09 -2.10092e-08 
1.66646e-07 -0.290752 -2.11243 2.40318 -1.66646e-07 -4.94539e-08 
-3.50587e-08 -0.314705 -2.10814 2.42285 3.50587e-08 -9.22678e-08 
1.97957e-08 -0.334834 -2.11678 2.45161 -1.97957e-08 -9.8349e-08 
4.04818e-08 -0.346713 -2.10221 2.44892 -4.04818e-08 -1.06665e-07 
3.7056e-08 -0.353757 -2.08788 2.44164 -3.7056e-08 -1.09522e-07 
3.34733e-08 -0.356701 -2.08217 2.43887 -3.34733e-08 -1.08767e-07 
2.94779e-08 -0.359505 -2.07738 2.43689 -2.94779e-08 -1.0658e-07 
1.29258e-08 -0.371586 -2.06831 2.43989 -1.29258e-08 -7.96111e-08 
-7.54007e-09 -0.395771 -2.08146 2.47723 7.54007e-09 -3.50551e-09 
-1.1637e-08 -0.425811 -2.09431 2.52013 1.1637e-08 1.1902e-08 
3.17332e-09 -0.443082 -2.0775 2.52058 -3.17332e-09 -3.78929e-08 
1.51189e-08 -0.451188 -2.06017 2.51136 -1.51189e-08 -7.6112e-08 
2.8785e-08 -0.461709 -2.03702 2.49873 -2.8785e-08 -1.20642e-07 
3.10619e-08 -0.487087 -1.99197 2.47905 -3.10619e-08 -1.30507e-07 
1.59513e-08 -0.525541 -1.92037 2.44591 -1.59513e-08 -8.17899e-08 
3.95838e-09 -0.5792 -1.81959 2.39879 -3.95838e-09 -3.96325e-08 
-8.50858e-09 -0.647894 -1.68843 2.33632 8.50858e-09 8.47198e-09 
4.31844e-09 -0.731081 -1.52708 2.25816 -4.31844e-09 -4.20041e-08 
3.52339e-08 -0.828263 -1.33582 2.16408 -3.52339e-08 -1.82645e-07 
5.84954e-09 -0.930611 -1.13182 2.06243 -5.84954e-09 -5.10581e-08 
-4.23957e-09 -1.01853 -0.954811 1.97334 4.23957e-09 -2.07198e-09 
-4.30258e-09 -1.09167 -0.806456 1.89813 4.30258e-09 -1.11153e-09 
-5.39148e-09 -1.15098 -0.685499 1.83648 5.39148e-09 5.36208e-09 
-3.28391e-09 -1.19769 -0.589767 1.78746 3.28391e-09 -5.72494e-09 
4.55192e-09 -1.23351 -0.516086 1.74959 -4.55192e-09 -4.81272e-08 
1.07044e-08 -1.25597 -0.469819 1.72579 -1.07044e-08 -8.14688e-08 
1.28424e-08 -1.26353 -0.454262 1.71779 -1.28424e-08 -9.30577e-08 
