1.13194 1.5976 -0.119028 -1.47857 -1.13194 -1.0016e-06 
1.13186 1.61031 -0.128539 -1.48177 -1.13186 -5.86097e-07 
1.1321 1.62129 -0.124047 -1.49724 -1.1321 6.97623e-08 
1.13195 1.62326 -0.131262 -1.492 -1.13195 4.30498e-10 
1.13101 1.6454 -0.179735 -1.46567 -1.13101 -2.01441e-08 
1.13072 1.65261 -0.195033 -1.45757 -1.13072 -1.5651e-08 
1.13072 1.65268 -0.195118 -1.45757 -1.13072 -1.38254e-08 
1.13073 1.65226 -0.194152 -1.45811 -1.13073 -1.24122e-08 
1.13085 1.64955 -0.188178 -1.46137 -1.13085 -8.96523e-09 
1.13127 1.63958 -0.166508 -1.47307 -1.13127 -3.70849e-09 
1.13241 1.6122 -0.107446 -1.50475 -1.13241 1.24897e-09 
1.13471 1.55568 0.0138433 -1.56952 -1.13471 2.49198e-09 
1.13769 1.47813 0.178907 -1.65704 -1.13769 2.85389e-10 
1.14023 1.40389 0.334715 -1.7386 -1.14023 -1.79283e-09 
1.14166 1.34691 0.450773 -1.79768 -1.14166 -4.45459e-10 
1.14146 1.31052 0.516818 -1.82734 -1.14146 8.20694e-09 
1.1401 1.307 0.505408 -1.81241 -1.1401 1.79182e-08 
1.1426 1.32605 0.45011 -1.77616 -1.1426 -7.54201e-09 
1.15296 1.32941 0.443398 -1.77281 -1.15296 -8.9139e-08 
1.16038 1.3018 0.500685 -1.80248 -1.16038 -1.34938e-07 
1.15325 1.24283 0.598346 -1.84117 -1.15325 -4.04683e-08 
1.15737 1.20642 0.638591 -1.84501 -1.15737 8.51874e-09 
1.17053 1.19435 0.64067 -1.83502 -1.17053 -2.33276e-09 
1.17081 1.16978 0.686937 -1.85671 -1.17081 4.22856e-08 
1.1626 1.13489 0.762122 -1.89702 -1.1626 -5.45308e-09 
1.15422 1.09258 0.849163 -1.94174 -1.15422 -3.71663e-07 
1.16137 1.04447 0.947393 -1.99186 -1.16137 -8.50208e-08 
1.1768 1.02655 0.984241 -2.01079 -1.1768 -6.52108e-08 
1.20331 1.02774 0.98173 -2.00947 -1.20331 -2.15572e-07 
1.21051 1.01689 1.0039 -2.0208 -1.21051 -1.28003e-07 
1.21498 1.00248 1.03334 -2.03581 -1.21498 -4.9362e-08 
1.22979 0.951455 1.13734 -2.08879 -1.22979 -1.26325e-07 
1.25547 0.886227 1.2698 -2.15603 -1.25547 -3.85075e-08 
1.28202 0.839287 1.36464 -2.20393 -1.28202 -8.67934e-08 
1.27449 0.804832 1.43458 -2.23941 -1.27449 -7.63049e-08 
1.29202 0.800471 1.44141 -2.24188 -1.29202 1.5366e-09 
1.29487 0.79311 1.46268 -2.25579 -1.29487 -5.17782e-08 
1.30362 0.760253 1.51472 -2.27497 -1.30362 -1.04285e-07 
1.35114 0.731042 1.53718 -2.26822 -1.35114 -2.63969e-08 
1.38571 0.70385 1.5757 -2.27955 -1.38571 -1.88263e-09 
1.41205 0.671507 1.64298 -2.31449 -1.41205 -2.37092e-07 
1.47563 0.617073 1.74751 -2.36458 -1.47563 8.31254e-08 
1.59502 0.548788 1.87694 -2.42573 -1.59502 7.67253e-07 
1.761 0.49933 1.9691 -2.46843 -1.761 -3.14384e-09 
1.95372 0.482658 1.99982 -2.48247 -1.95372 -9.66865e-08 
2.15148 0.497564 1.97236 -2.46992 -2.15148 -1.07303e-07 
2.29559 0.526114 1.91937 -2.44549 -2.29559 -2.51927e-08 
2.38598 0.550737 1.87329 -2.42403 -2.38598 -7.71823e-08 
2.42727 0.579749 1.81855 -2.3983 -2.42727 -1.18002e-08 
2.46574 0.632158 1.71865 -2.35081 -2.46574 -4.31344e-08 
2.51708 0.713131 1.5621 -2.27523 -2.51708 -1.21362e-09 
2.57166 0.822961 1.34632 -2.16928 -2.57166 -3.97647e-08 
2.61194 0.930392 1.13226 -2.06265 -2.61194 -1.39988e-07 
2.63477 1.00838 0.975338 -1.98372 -2.63477 3.89562e-08 
2.64819 1.06473 0.861168 -1.9259 -2.64819 -2.01626e-07 
2.65647 1.10129 0.787018 -1.88831 -2.65647 -1.29687e-07 
2.66491 1.1524 0.682438 -1.83484 -2.66491 1.75218e-08 
2.67319 1.21049 0.5632 -1.77369 -2.67319 -3.09112e-08 
2.67869 1.25005 0.481944 -1.73199 -2.67869 -9.14364e-08 
2.68055 1.26353 0.454262 -1.71779 -2.68055 -1.13484e-07 
