-0 0 -0 -0 0 0 
-0.000861118 0.163025 -0.114058 -0.0489679 0.000861118 5.51747e-06 
0.00501794 -0.0967433 0.248849 -0.152106 -0.00501794 9.54084e-07 
-0.00629001 0.141631 -0.321857 0.180226 0.00629001 -4.05895e-07 
-0.00455497 0.110268 -0.23683 0.126562 0.00455497 5.01221e-09 
-0.000293613 0.00790994 -0.0156569 0.00774698 0.000293613 3.14433e-08 
2.45392e-05 -0.00050902 0.00123445 -0.00072543 -2.45392e-05 3.27218e-09 
0.000321182 -0.00733484 0.0164849 -0.00915003 -0.000321182 1.67349e-08 
0.00152415 -0.0360472 0.078832 -0.0427849 -0.00152415 3.12933e-08 
0.00478582 -0.114693 0.248266 -0.133573 -0.00478582 3.98697e-08 
0.0117799 -0.284855 0.613197 -0.328342 -0.0117799 2.38591e-08 
0.0201111 -0.504014 1.07813 -0.574119 -0.0201111 -6.49043e-09 
0.0201657 -0.548328 1.16051 -0.612184 -0.0201657 -1.93056e-08 
0.0145059 -0.47173 0.978902 -0.507172 -0.0145059 -5.886e-09 
0.00502485 -0.322359 0.635921 -0.313563 -0.00502485 2.85668e-08 
-0.00788715 -0.15476 0.219289 -0.0645293 0.00788715 8.65664e-08 
-0.00511939 0.0988575 -0.351949 0.253092 0.00511939 4.14629e-09 
0.0491639 0.104827 -0.267507 0.16268 -0.0491639 -4.15861e-07 
0.0832705 -0.0682525 0.17445 -0.106198 -0.0832705 -6.20759e-07 
-0.00820526 -0.332914 0.613117 -0.280203 0.00820526 2.18059e-07 
-0.050149 -0.410445 0.608371 -0.197926 0.050149 8.04141e-07 
0.0992176 -0.107421 0.000850737 0.10657 -0.0992176 -9.73766e-08 
0.0539255 -0.114527 0.146693 -0.0321655 -0.0539255 1.35356e-07 
-0.0332214 -0.201254 0.422946 -0.221692 0.0332214 2.5161e-07 
-0.0804141 -0.292805 0.62816 -0.335354 0.0804141 -1.66597e-06 
-0.0102095 -0.328681 0.661818 -0.333138 0.0102095 -1.09185e-06 
0.0871307 -0.262042 0.539325 -0.277283 -0.0871307 2.50854e-06 
0.187562 -0.00484123 0.00887536 -0.00403408 -0.187562 -2.72434e-06 
0.104986 -0.0753062 0.154085 -0.078778 -0.104986 8.04264e-07 
0.00703665 -0.0178283 0.0364107 -0.0185824 -0.00703665 1.17732e-07 
0.0636287 -0.243937 0.497888 -0.253951 -0.0636287 1.06102e-06 
0.156188 -0.409231 0.832581 -0.423352 -0.156188 -2.63523e-06 
0.168546 -0.423556 0.858764 -0.435209 -0.168546 1.62382e-06 
0.0723974 -0.257165 0.521123 -0.263957 -0.0723974 -8.18756e-07 
-0.0263281 -0.154193 0.305803 -0.151611 0.0263281 6.09371e-07 
0.185463 0.031262 -0.067127 0.035865 -0.185463 3.00581e-07 
-0.131571 -0.174044 0.409233 -0.235189 0.131571 -9.28472e-07 
0.308182 -0.243508 0.228717 0.0147911 -0.308182 3.86719e-07 
0.271381 -0.153263 0.119026 0.0342362 -0.271381 4.68401e-07 
0.0882037 -0.181745 0.434214 -0.252468 -0.0882037 -7.18623e-07 
0.320437 -0.292963 0.534516 -0.241555 -0.320437 -1.05206e-06 
0.629368 -0.464406 0.887681 -0.423275 -0.629368 3.41105e-06 
1.04151 -0.451064 0.846944 -0.395881 -1.04151 -2.9833e-05 
1.2594 -0.232213 0.429132 -0.196923 -1.2594 3.91429e-08 
1.41967 0.000240226 -0.00044367 0.000201835 -1.41967 -2.32218e-07 
1.21519 0.178918 -0.330435 0.151517 -1.21519 1.98333e-06 
0.802617 0.201818 -0.376344 0.174524 -0.802617 -7.40056e-07 
0.511335 0.143752 -0.270006 0.126256 -0.511335 1.55123e-07 
0.166845 0.280586 -0.53113 0.250543 -0.166845 5.81585e-07 
0.319183 0.462655 -0.88718 0.424522 -0.319183 -7.38311e-07 
0.381307 0.667779 -1.30083 0.633049 -0.381307 7.43928e-08 
0.36403 0.847006 -1.67694 0.82993 -0.36403 -5.391e-06 
0.208468 0.642273 -1.28735 0.645086 -0.208468 -1.16687e-07 
0.118315 0.448147 -0.904896 0.456746 -0.118315 5.98105e-07 
0.0735496 0.327862 -0.665388 0.337527 -0.0735496 -1.95783e-06 
0.0518304 0.257562 -0.524289 0.266727 -0.0518304 1.86137e-06 
0.0635128 0.430177 -0.882396 0.452219 -0.0635128 3.14826e-08 
0.0498954 0.357265 -0.733674 0.376409 -0.0498954 -4.92645e-07 
0.0259603 0.187706 -0.385545 0.197839 -0.0259603 -3.05125e-07 
-1.40381e-16 -1.01565e-15 2.08616e-15 -1.07051e-15 1.40381e-16 1.66683e-21 
