-0.00906138 1.28766 -0.991729 -0.295937 0.00906138 4.14598e-05 
0.00619673 0.538139 -0.0131505 -0.524991 -0.00619673 2.66933e-05 
-0.0127666 -1.09311 0.0195025 1.07361 0.0127666 -5.43896e-05 
-0.0551767 1.48019 -2.93924 1.45905 0.0551767 5.66577e-06 
0.0415181 -0.98015 2.14653 -1.16638 -0.0415181 9.21585e-07 
0.0122699 -0.302413 0.640581 -0.338169 -0.0122699 -2.22207e-07 
0.000758056 -0.0160372 0.0382866 -0.0222494 -0.000758056 8.89495e-08 
0.00420726 -0.0991481 0.217434 -0.118286 -0.00420726 1.0022e-07 
0.0138862 -0.333307 0.720606 -0.387299 -0.0138862 9.54524e-08 
0.0338003 -0.817263 1.75693 -0.939663 -0.0338003 9.4734e-10 
0.0597883 -1.48143 3.16723 -1.6858 -0.0597883 -2.00377e-07 
0.0508006 -1.47054 3.08423 -1.61368 -0.0508006 -1.98006e-07 
-0.0225913 0.180341 -0.493115 0.312774 0.0225913 1.01023e-08 
-0.0548755 0.858187 -1.97435 1.11616 0.0548755 1.69984e-07 
-0.0677784 0.387659 -1.18067 0.793014 0.0677784 4.07491e-07 
-0.0783242 1.7271 -4.08673 2.35963 0.0783242 1.86323e-07 
0.18247 1.30504 -2.51996 1.21492 -0.18247 -1.71065e-06 
0.484395 -1.04278 3.15635 -2.11358 -0.484395 -3.47246e-06 
-0.0733541 -1.48865 3.17584 -1.68719 0.0733541 1.17626e-06 
-1.03273 -1.91643 2.45795 -0.541522 1.03273 9.28603e-06 
0.677492 1.44385 -3.45791 2.01406 -0.677492 -3.16794e-06 
0.416822 1.229 -1.8343 0.605306 -0.416822 -2.93212e-06 
-0.86626 -1.02022 3.15336 -2.13314 0.86626 5.03957e-06 
-0.282715 -0.0785675 0.460491 -0.381924 0.282715 -3.54108e-06 
-0.0648199 -0.0219787 -0.342192 0.364169 0.0648199 -3.40425e-05 
1.02142 -1.34108 2.81089 -1.46981 -1.02142 6.01649e-05 
0.21277 1.94972 -3.99166 2.04195 -0.21277 -2.40926e-05 
2.06678 2.52046 -5.19644 2.67599 -2.06678 -4.79501e-05 
-0.944075 -0.970235 1.97909 -1.00886 0.944075 4.86264e-06 
-0.510134 1.27652 -2.60707 1.33055 0.510134 -8.48677e-06 
0.392112 -2.36162 4.81585 -2.45423 -0.392112 9.59589e-07 
0.767646 -0.632531 1.25767 -0.625118 -0.767646 7.1667e-06 
0.355043 1.42704 -2.9362 1.50915 -0.355043 -2.793e-05 
-3.01841 0.635554 -1.21032 0.574747 3.01841 1.42402e-05 
2.21483 2.03957 -4.33131 2.29174 -2.21483 2.01716e-06 
-0.765685 -0.128297 0.731142 -0.602838 0.765685 -6.55183e-06 
0.17965 -1.69892 2.27692 -0.577998 -0.17965 -8.02248e-07 
2.09085 0.286398 -1.6983 1.4119 -2.09085 7.02017e-06 
-1.50695 0.764758 -0.234151 -0.530604 1.50695 -2.94864e-06 
-1.6507 0.252047 1.39281 -1.64485 1.6507 -1.85871e-05 
1.12484 -1.31107 3.24416 -1.93315 -1.12484 5.08831e-05 
2.99257 -0.959953 1.89296 -0.933059 -2.99257 -0.000270301 
2.96647 0.836553 -1.68053 0.844296 -2.96647 -0.000721311 
1.32799 1.60089 -2.99397 1.39292 -1.32799 2.20442e-05 
0.841198 1.6332 -3 1.36711 -0.841198 0.000108329 
-2.98345 0.595626 -1.12065 0.525177 2.98345 5.04229e-05 
-3.07545 -0.00764117 -0.0142868 0.0219673 3.07545 -4.38632e-07 
-2.75658 0.362201 -0.700145 0.337915 2.75658 6.24489e-06 
0.236295 0.807676 -1.56228 0.754665 -0.236295 -3.04014e-06 
0.462424 1.37794 -2.73002 1.35209 -0.462424 3.2918e-05 
0.140722 1.38742 -2.85116 1.46361 -0.140722 3.50434e-06 
-0.653971 0.334605 -0.844784 0.510358 0.653971 -0.000176948 
-0.860417 -1.51419 2.94625 -1.432 0.860417 7.17973e-05 
-0.47182 -1.05943 2.08955 -1.03011 0.47182 -3.60576e-05 
-0.253104 -1.21526 2.47365 -1.2584 0.253104 2.86732e-05 
0.0647028 1.18068 -2.45345 1.27277 -0.0647028 -2.31048e-06 
-0.0330826 0.131861 -0.285915 0.154058 0.0330826 -9.54812e-06 
-0.143956 -0.976502 2.0031 -1.0266 0.143956 -3.189e-08 
-0.179293 -1.29312 2.65591 -1.36279 0.179293 2.02004e-06 
-0.181649 -1.31422 2.69943 -1.38521 0.181649 2.15684e-06 
