1.13194 1.5976 -0.119028 -1.47857 -1.13194 3.55271e-15 
0.947633 1.37054 -0.165986 -1.20455 -0.947633 -4.45367e-09 
0.438327 0.741384 -0.294723 -0.446662 -0.438327 -1.33489e-08 
-0.005781 0.181747 -0.400385 0.218639 0.005781 8.79099e-10 
-0.0469222 0.109859 -0.398182 0.288323 0.0469222 4.21784e-08 
-0.030452 0.240738 -0.479497 0.238759 0.030452 -2.12256e-07 
0.0943296 0.304919 -0.595535 0.290616 -0.0943296 -3.86035e-07 
0.426868 0.426347 -0.626717 0.20037 -0.426868 -2.67331e-07 
0.484228 0.463089 -0.627432 0.164343 -0.484228 -3.51002e-08 
0.36476 0.45001 -0.617728 0.167718 -0.36476 -9.90056e-08 
0.537473 0.580985 -0.69428 0.113294 -0.537473 1.7062e-08 
0.569652 0.781294 -0.953523 0.17223 -0.569652 -5.29635e-08 
0.611835 0.896604 -1.01842 0.121817 -0.611835 -2.41338e-08 
0.754297 1.06861 -1.12964 0.0610293 -0.754297 -9.91486e-08 
0.887548 1.26412 -1.19923 -0.0648904 -0.887548 -6.33769e-08 
1.00205 1.45605 -1.18094 -0.275114 -1.00205 1.80599e-08 
1.13566 1.61549 -0.813871 -0.801617 -1.13566 -1.27886e-07 
1.17915 1.50221 -0.299322 -1.20289 -1.17915 1.57447e-10 
1.16222 1.51128 -0.10975 -1.40153 -1.16222 -8.00381e-08 
1.13194 1.5976 -0.119028 -1.47857 -1.13194 3.55271e-15 
