-3.24727 -4 -0.827638 4.82764 3.24727 -7.94872e-08 
-3.07387 -3.79405 -0.778874 4.57292 3.07387 -6.00046e-08 
1.26057 1.46331 0.374807 -1.83812 -1.26057 2.09304e-07 
4.40065 5.21258 1.24614 -6.45872 -4.40065 5.22936e-07 
1.99016 4.31837 -0.609658 -3.70872 -1.99016 -3.67508e-06 
2.07798 -0.330347 0.124522 0.205824 -2.07798 2.03858e-06 
0.419706 0.0507408 0.793208 -0.843949 -0.419706 1.91345e-06 
-4.71837 -1.54866 0.373408 1.17525 4.71837 5.04926e-07 
-3.52293 -1.03461 0.170708 0.863901 3.52293 -3.10218e-06 
3.99379 1.40807 -0.224526 -1.18355 -3.99379 6.20602e-06 
-2.67055 1.62489 -4.09128 2.46639 2.67055 -3.50947e-06 
-3.40038 -0.331658 3.88867 -3.55701 3.40038 -5.14262e-07 
-1.07319 1.4685 0.468869 -1.93739 1.07319 -5.01987e-05 
0.692737 1.48545 -0.122485 -1.36299 -0.692737 -1.02645e-06 
-2.97222 -4.60781 1.20329 3.40451 2.97222 1.32381e-05 
-0.374463 -0.999837 3.93382 -2.9339 0.374463 -0.000182878 
-0.649869 -3.62844 3.98133 -0.352785 0.649869 -6.0398e-05 
-0.764349 2.92887 -3.08239 0.153505 0.764349 -1.55727e-05 
-0.260732 1.3179 -3.93057 2.61268 0.260732 5.72883e-06 
1.11935 -3.05462 -2.70477 5.7594 -1.11935 2.79561e-06 
