-0 -0 -0 0 0 -0 
-1.08432 -1.33619 -0.276055 1.61224 1.08432 -2.55136e-08 
-1.69224 -2.09963 -0.42226 2.52189 1.69224 -1.12667e-08 
-0.752127 -0.993516 -0.151587 1.1451 0.752127 1.15317e-07 
0.449295 0.584774 0.0957691 -0.680543 -0.449295 -5.14948e-08 
-0.175698 0.0941101 -0.494848 0.400738 0.175698 -1.09144e-06 
0.800735 0.298414 -0.161651 -0.136763 -0.800735 3.71212e-08 
0.998956 0.372591 -0.035732 -0.336859 -0.998956 6.8994e-07 
-0.577904 -0.116716 0.026066 0.0906499 0.577904 6.00628e-07 
0.251887 0.163981 0.00722376 -0.171204 -0.251887 -2.28865e-07 
0.182979 0.529524 -0.665973 0.136449 -0.182979 1.11596e-07 
-0.0156576 0.452552 -0.32645 -0.126103 0.0156576 -2.69305e-07 
0.411788 0.382973 -0.33847 -0.0445037 -0.411788 -1.82104e-06 
0.281074 0.388869 -0.188226 -0.200642 -0.281074 6.83283e-07 
0.333893 0.528572 -0.106965 -0.421608 -0.333893 -8.01107e-07 
0.52219 0.886442 0.418873 -1.30531 -0.52219 2.90937e-07 
0.270311 -0.0530599 1.75504 -1.70199 -0.270311 -9.00949e-07 
-0.00523096 -0.193963 1.0965 -0.902535 0.00523096 1.74984e-08 
-0.080388 0.206264 -0.0721127 -0.13415 0.080388 4.40896e-07 
2.28822e-16 -6.24437e-16 -5.52921e-16 1.17736e-15 -2.28822e-16 5.7149e-22 
