-0.132977 0.843887 -1.85951 1.01562 0.132977 -1.69509e-06 
1.26485 -1.46153 3.86209 -2.40056 -1.26485 3.46096e-06 
6.33669 0.227704 3.16998 -3.39768 -6.33669 3.84265e-06 
-0.897843 -0.155828 -0.076159 0.231987 0.897843 -5.80336e-07 
-3.88589 -0.237829 -2.05052 2.28835 3.88589 -4.80033e-06 
0.0319763 0.0957124 1.52549 -1.6212 -0.0319763 1.8609e-05 
-0.000115537 2.56537 -4.97534 2.40996 0.000115537 8.67872e-05 
5.12502e-06 -0.536196 1.24043 -0.704229 -5.12502e-06 -2.2774e-05 
5.22342e-06 -0.255527 0.49668 -0.241153 -5.22342e-06 3.8816e-06 
-3.34247e-08 -1.88854 3.95127 -2.06274 3.34248e-08 -2.04768e-05 
-5.56319e-06 1.62109 -3.37019 1.7491 5.56319e-06 1.36087e-05 
-5.69538e-07 1.38112 -2.89804 1.51692 5.69539e-07 9.90389e-06 
-0.000148002 5.12816 -10.7021 5.57395 0.000148002 0.000388955 
-0.00119556 1.77499 -2.9028 1.12769 0.00112149 0.00328082 
-0.188645 0.648975 1.09164 -1.66648 0.262666 0.0740388 
0.186318 0.605385 -0.76171 0.08315 -0.259369 -0.0734214 
0.285616 0.510992 -0.706738 0.0835765 -0.397597 -0.112562 
-1.69677 -3.34115 4.48122 -0.473706 2.36202 0.668707 
2.4814 4.93371 -6.59742 0.689189 -3.45427 -0.97793 
0.247453 0.566789 -0.740795 0.390487 -0.0313368 0.217239 
-1.01341 -1.94194 2.61747 -0.0262507 1.6616 0.651553 
-0.588684 -1.1939 1.59665 -0.362049 0.629317 0.0408442 
-0.61475 -1.07185 1.46292 0.581135 1.58532 0.975592 
-1.10008 -1.99933 2.70496 0.573459 2.37879 1.27987 
-0.417737 -0.800121 1.04322 -0.0975401 0.570904 0.129743 
1.83613 3.26261 -4.49694 -1.50424 -4.55965 -2.76985 
0.836333 1.28359 -1.63846 -0.678099 -1.92503 -0.917105 
-0.604507 -1.2111 1.76117 0.450514 1.57124 1.07093 
0.536833 1.08019 -1.64607 -0.282868 -1.36715 -0.887058 
2.56506 1.16458 0.175504 -1.24495 -3.59338 2.43075 
-1.4613 -0.712091 0.0492475 0.673417 1.83594 -1.53775 
-1.30483 -0.617949 0.00594257 0.606662 2.73827 -0.287607 
0.542576 0.248162 0.010916 -0.25266 -2.05754 -0.795427 
-2.0429 -1.00771 0.0467481 0.958008 -1.61404 -6.34585 
-0.946142 -0.440999 -0.0209716 0.452921 4.87786 2.67764 
1.94369 0.962323 -0.0602004 -0.899303 4.87855 9.37883 
0.750715 0.367171 -0.0123873 -0.353386 0.0934765 1.83438 
0.0528593 0.0243477 0.00811625 -0.0323196 -1.67234 -1.54798 
-0.107984 -0.0510302 0.00865932 0.042183 -1.53808 -1.78799 
-0.0990316 -0.0437881 0.00512536 0.0384568 -1.09216 -1.32266 
0.228832 0.075095 -0.00136241 -0.0730191 2.55483 3.09662 
-0.56305 -0.336916 0.0733626 0.261717 -6.71319 -8.0494 
-0.182679 -0.176994 -0.0301833 0.212964 5.94493 5.75825 
5.66599 3.52614 -0.0819491 -3.48769 -11.3321 -0.283016 
-0.632478 -0.352702 0.0117601 0.359171 1.36554 0.108501 
-1.42539 -0.842598 -0.0017755 0.84827 2.7568 -0.0116469 
2.38563 1.41116 0.0384016 -1.42647 -4.51247 0.0647323 
-2.89992 -1.69622 0.0445322 1.68396 5.86732 -0.0255241 
2.67983 1.38861 0.69882 -1.653 -5.19722 0.483309 
-4.47204 -0.591072 -7.96092 2.24534 2.14513 -6.30869 
-0.401698 -0.0412224 -0.781588 0.207893 0.136049 -0.61441 
0.742832 0.0893252 1.319 -0.340907 -0.333113 1.06747 
0.742995 0.0914642 1.33393 -0.35077 -0.325021 1.07459 
-1.21336 -0.15217 -2.18355 0.578947 0.52865 -1.75667 
0.241826 0.00378827 0.417985 -0.072556 -0.106425 0.349212 
1.71279 0.171036 3.09179 -0.780822 -0.743745 2.48183 
-1.40571 -0.142428 -2.39938 0.504794 0.610403 -2.03688 
2.17149 -0.114775 4.36464 -1.10321 -0.942923 3.14651 
-3.07608e-05 1.4722 -2.76183 1.28943 3.07654e-05 0.000145036 
-4.12985e-07 1.45651 -3 1.54349 4.12985e-07 2.23851e-06 
