0 0 0 0 0 0 
-0.00597789 0.180123 -0.383006 0.202883 0.00597789 -3.50433e-07 
-0.316108 0.201067 -0.629917 0.428851 0.316108 -5.08513e-07 
-0.0713011 0.270934 -0.689225 0.41829 0.0713011 -3.25163e-07 
0.0414889 0.303235 -0.729731 0.426496 -0.0414889 -4.21826e-07 
-1.62219e-05 0.357313 -1.1047 0.747391 1.62219e-05 -6.07206e-07 
1.15075e-05 0.320636 -1.12327 0.802636 -1.15075e-05 -1.14553e-06 
-6.20379e-06 0.48358 -1.52505 1.04147 6.20379e-06 6.29851e-06 
-5.45268e-06 0.470983 -1.50815 1.03716 5.45268e-06 7.72104e-06 
-2.93359e-06 0.256541 -1.07754 0.821003 2.93359e-06 8.56784e-06 
-2.95167e-07 -0.655413 0.811812 -0.156399 2.95167e-07 1.9879e-06 
-4.09957e-08 -1.04005 1.60702 -0.566961 4.09957e-08 -7.14746e-07 
2.0342e-06 -0.977732 1.45519 -0.477455 -2.0342e-06 -5.01447e-06 
2.08668e-06 -1.26563 1.9026 -0.636972 -2.00316e-06 -5.5352e-06 
0.000317823 -1.51079 2.15195 -0.64128 -0.000442418 -0.000125364 
-0.0164525 -1.64082 2.24455 -0.59727 0.022903 0.00648349 
-0.00396141 -1.62844 2.22644 -0.596445 0.0055147 0.00156033 
0.0488031 -1.55789 2.11843 -0.579706 -0.067937 -0.0192344 
-0.229641 -2.14336 2.8854 -0.651853 0.319676 0.0905023 
0.385301 -0.948199 1.27355 -0.469862 -0.529572 -0.14502 
1.22184 0.72007 -0.963104 -0.0948352 -1.55914 -0.339053 
1.60354 1.51793 -2.02611 0.270198 -1.84112 -0.238816 
1.69308 1.74688 -2.32423 0.583517 -1.68692 0.00619038 
1.47614 1.43875 -1.89023 1.17037 -0.758376 0.721201 
0.738261 0.184013 -0.176688 2.02639 1.29333 2.03814 
-0.101179 -1.2763 1.79315 2.76875 3.38796 3.28313 
-0.191471 -1.42148 1.95329 2.86276 3.59399 3.37805 
0.0903863 -1.01092 1.41586 2.65491 2.95471 3.0905 
-0.0962507 -1.21799 1.62282 2.75441 3.29145 3.08447 
-0.0626092 -1.19872 1.5735 2.7686 3.23221 3.08886 
0.897851 -0.731393 1.53931 2.32717 1.74575 3.81864 
1.28599 -0.546611 1.53572 2.1469 1.00717 3.97952 
1.48875 -0.450932 1.53537 2.0526 0.548544 3.99128 
1.88228 -0.270434 1.54164 1.86974 -0.953199 3.40427 
1.30626 -0.567988 1.56908 2.14223 -3.06547 -0.0391323 
0.13694 -1.14872 1.59303 2.69753 -3.37435 -3.05689 
-0.248904 -1.34048 1.59086 2.89074 -1.46111 -2.03881 
-0.19968 -1.3189 1.58041 2.87968 0.680185 0.215932 
-0.100235 -1.27335 1.57334 2.84139 2.03448 1.80093 
-0.0498612 -1.2509 1.57059 2.82178 2.60276 2.48638 
-0.0128638 -1.23503 1.56892 2.80767 3.00247 2.97238 
0.0527717 -1.2247 1.57271 2.79382 3.8471 3.97466 
0.0295788 -1.27712 1.59846 2.81985 2.86044 2.91138 
-0.223181 -1.49085 1.61958 3.0146 3.61999 3.18574 
0.703268 -0.96082 1.62217 2.4756 1.75008 3.12047 
1.58765 -0.438726 1.62457 1.94956 0.0396369 3.12594 
1.80947 -0.307504 1.62697 1.81712 -0.383105 3.13065 
2.3663 0.0210628 1.65085 1.482 -1.39945 3.15793 
2.08619 -0.111242 1.58618 1.61347 -0.829511 3.08727 
2.42427 -0.0381458 2.12829 1.38802 -1.09344 3.47843 
1.89675 -0.107724 1.22851 1.61899 -0.833921 2.73972 
1.11198 -0.203729 -0.171129 1.98424 -0.485176 1.6093 
0.665077 -0.258727 -0.973079 2.19501 -0.289445 0.96315 
0.547875 -0.273308 -1.1838 2.25069 -0.238307 0.793532 
0.0826231 -0.332795 -2.02218 2.47471 -0.0358804 0.119718 
-0.228078 -0.386782 -2.58967 2.64594 0.0990385 -0.330486 
0.0543701 -0.382611 -2.07713 2.53853 -0.0236091 0.0787823 
-0.000471612 -0.459346 -2.04333 2.502 0.000204773 -0.000683518 
8.09989e-09 -0.924806 -1.14345 2.06826 -8.10033e-09 -6.18562e-08 
1.28424e-08 -1.26353 -0.454262 1.71779 -1.28424e-08 -9.30577e-08 
