-0 0 -0 0 0 -0 
0.134666 0.276444 -0.498611 0.222167 -0.134666 -4.64801e-07 
-0.417835 0.112295 -0.578142 0.465847 0.417835 -1.15307e-07 
0.252353 0.0456568 0.0121585 -0.0578153 -0.252353 1.07076e-07 
-0.170684 0.0693389 -0.394703 0.325364 0.170684 -1.13399e-06 
-0.00133777 0.0852259 -0.431265 0.346039 0.00133777 4.63066e-06 
-8.41355e-05 0.0429539 -0.245971 0.203017 8.41355e-05 1.38413e-06 
1.87589e-06 0.0191907 -0.0789827 0.059792 -1.87589e-06 6.39723e-06 
1.57609e-06 -0.0519048 0.0939587 -0.0420539 -1.57609e-06 1.92544e-06 
4.67037e-06 -0.763781 1.56731 -0.803532 -4.67037e-06 -2.82283e-06 
1.76748e-06 -1.24586 2.58936 -1.3435 -1.76748e-06 -1.0487e-05 
-4.51926e-07 0.0612596 -0.14117 0.0799107 4.51926e-07 1.6935e-06 
2.3867e-06 -0.354321 0.665062 -0.31074 -2.38672e-06 -6.75822e-06 
2.44914e-05 -0.624975 0.877233 -0.25225 -1.7351e-05 -9.63122e-05 
-0.000724477 -0.173281 0.259968 -0.0864054 0.00100643 0.000296326 
0.0078594 -0.0294544 0.0335635 -0.00719526 -0.0109405 -0.00309889 
0.0609716 0.0903606 -0.126025 0.0117195 -0.0848764 -0.0240299 
-0.204537 -0.45869 0.58562 -0.046603 0.284729 0.0806099 
0.0846148 0.12693 -0.189315 0.0291538 -0.11779 -0.0333463 
1.3109 2.58099 -3.46741 0.430419 -1.76614 -0.4576 
0.86611 1.7608 -2.35432 0.560732 -0.898842 -0.0329022 
0.248184 0.55103 -0.728774 0.412494 -0.0138291 0.235573 
-0.00429631 0.100734 -0.116113 0.595218 0.583158 0.581869 
-0.658364 -1.07135 1.4753 1.03454 2.09491 1.44255 
-1.31162 -2.27421 3.09071 1.26348 3.39168 2.07981 
-0.709114 -1.21907 1.61193 0.608137 1.72083 0.978713 
0.339543 0.580569 -0.827218 -0.248878 -0.835469 -0.494699 
0.234648 0.199485 -0.173441 -0.163548 -0.432248 -0.0125668 
-0.850232 -0.526557 0.164636 0.458518 1.28182 -0.599833 
1.09104 0.551276 -0.0985957 -0.488355 -1.58235 0.91158 
1.06598 0.509948 -0.0148976 -0.494431 -1.86371 0.604861 
0.0409291 0.0193827 -0.000185063 -0.0190295 -0.0859616 0.00895265 
0.548234 0.257629 0.000724179 -0.255054 -1.34831 -0.0759954 
0.243346 0.0971965 0.021069 -0.111727 -2.77499 -2.2054 
-1.74569 -0.87255 0.0477184 0.824211 -2.28354 -6.32546 
-1.15872 -0.573684 0.0141607 0.557439 1.42186 -1.26394 
-0.0942567 -0.0491417 -0.0134371 0.0623687 3.2425 3.02258 
0.148299 0.068454 -0.0131468 -0.0550417 2.4969 2.8404 
0.109298 0.0493772 -0.00647375 -0.0426872 1.28339 1.53735 
0.0320276 0.0140325 -0.0015882 -0.0123764 0.349846 0.424437 
0.150356 0.0626223 -0.00601293 -0.0562607 1.61909 1.97043 
-0.0748991 -0.0899038 0.0264232 0.063558 -0.48338 -0.648679 
0.168767 0.0278324 0.0270175 -0.0560926 -0.269907 0.0612551 
0.126656 0.00865846 0.021664 -0.0314265 -0.420677 -0.178775 
1.66903 0.982034 -0.00103053 -0.989465 -3.25992 -0.0114448 
0.706602 0.417955 0.00578496 -0.421535 -1.35191 0.0126412 
0.384903 0.227695 0.00537405 -0.23002 -0.730218 0.00956683 
0.447574 0.262868 0.0702007 -0.279336 -0.680355 0.0607875 
-0.34418 -0.0892883 -0.355487 0.104136 0.334367 -0.342859 
0.0791529 -0.00219003 0.255842 -0.090445 0.0223584 0.162508 
-1.14449 -0.141053 -2.02696 0.5272 0.517626 -1.64096 
-0.90163 -0.110346 -1.61527 0.423156 0.396297 -1.30243 
-0.341655 -0.0423769 -0.614038 0.162022 0.149175 -0.494369 
-0.299219 -0.0373527 -0.538196 0.142414 0.130471 -0.433112 
-0.827708 -0.110184 -1.49509 0.405917 0.359497 -1.19928 
0.140454 -0.0198235 0.238062 -0.0147074 -0.0609894 0.203518 
0.148795 -0.0184514 0.313023 -0.0789525 -0.0646115 0.215605 
-0.0532383 -0.258839 0.37037 -0.188679 0.0231175 -0.0771439 
-2.8462e-07 -0.945118 1.89334 -0.948223 2.846e-07 1.37173e-06 
-7.53761e-22 2.65835e-15 -5.47546e-15 2.81711e-15 7.53761e-22 4.08562e-21 
