-0 -0 -0 0 0 -0 
-0.330519 -0.407136 -0.0842392 0.491375 0.330519 -8.08793e-09 
-0.660161 -0.813231 -0.168232 0.981463 0.660161 -1.60774e-08 
-0.984547 -1.21308 -0.250747 1.46383 0.984547 -2.34763e-08 
-1.29229 -1.59316 -0.32858 1.92174 1.29229 -2.90048e-08 
-1.56148 -1.92746 -0.395572 2.32303 1.56148 -3.0202e-08 
-1.7562 -2.1733 -0.44162 2.61492 1.7562 -2.30319e-08 
-1.63963 -2.03842 -0.406704 2.44512 1.63963 -2.81812e-09 
-1.43872 -1.80323 -0.348135 2.15137 1.43872 2.66444e-08 
-1.13987 -1.45161 -0.262094 1.7137 1.13987 6.68738e-08 
-0.728648 -0.965685 -0.144951 1.11064 0.728648 1.18064e-07 
-0.322847 -0.476108 -0.0353668 0.511475 0.322847 1.48525e-07 
0.00896304 -0.0661283 0.0484522 0.0176761 -0.00896304 1.54146e-07 
0.381434 0.458451 0.104038 -0.562489 -0.381434 3.20794e-08 
0.374307 0.656691 -0.0216316 -0.63506 -0.374307 -3.8103e-07 
-0.0760704 0.344951 -0.298558 -0.0463931 0.0760704 -9.06451e-07 
-0.240803 0.136697 -0.464057 0.32736 0.240803 -1.12408e-06 
-0.0664115 0.0924043 -0.479368 0.386964 0.0664115 -9.83083e-07 
0.298449 0.160664 -0.382668 0.222004 -0.298449 -6.10861e-07 
0.672596 0.26552 -0.250109 -0.0154111 -0.672596 -1.99976e-07 
0.804214 0.298638 -0.153349 -0.145289 -0.804214 5.68643e-08 
0.87684 0.31918 -0.105189 -0.213991 -0.87684 2.10375e-07 
1.11502 0.403821 -0.0817023 -0.322119 -1.11502 4.39086e-07 
1.09497 0.404169 -0.0444638 -0.359705 -1.09497 6.76202e-07 
0.560497 0.229444 -0.0149403 -0.214503 -0.560497 6.93447e-07 
0.098462 0.0818618 -0.000183534 -0.0816783 -0.098462 6.77579e-07 
-0.354588 -0.0507127 0.0164816 0.0342311 0.354588 7.06743e-07 
-0.699019 -0.151476 0.0334248 0.118052 0.699019 3.90342e-07 
-0.488944 -0.0833734 0.0360714 0.0473021 0.488944 -3.58126e-07 
-0.0915492 0.045854 0.0240478 -0.0699017 0.0915492 -5.61253e-07 
0.316009 0.186684 0.00353761 -0.190222 -0.316009 -1.2264e-07 
0.604208 0.320869 -0.0634711 -0.257398 -0.604208 4.09046e-07 
0.691671 0.514318 -0.323062 -0.191256 -0.691671 6.31584e-07 
0.226139 0.503365 -0.600143 0.0967785 -0.226139 1.66756e-07 
0.0164821 0.662151 -0.973971 0.311819 -0.0164821 -1.85844e-07 
0.15951 0.652673 -0.870112 0.217439 -0.15951 -2.86106e-07 
0.093329 0.455928 -0.459294 0.00336522 -0.093329 -2.38983e-07 
-0.167849 0.425775 -0.115112 -0.310663 0.167849 -1.98162e-07 
0.158591 0.323576 -0.168112 -0.155464 -0.158591 5.90829e-07 
0.284902 0.248548 -0.230096 -0.0184516 -0.284902 3.50346e-07 
0.399418 0.430501 -0.33501 -0.0954919 -0.399418 -2.66013e-06 
0.598181 0.719118 -0.470128 -0.248991 -0.598181 1.05821e-07 
0.332955 0.404544 -0.25368 -0.150864 -0.332955 5.80805e-07 
0.280287 0.380801 -0.191939 -0.188861 -0.280287 6.92245e-07 
0.491249 0.681759 -0.308593 -0.373166 -0.491249 -1.27939e-06 
0.332713 0.48878 -0.181602 -0.307178 -0.332713 3.35267e-06 
0.408574 0.641771 -0.142964 -0.498807 -0.408574 -9.52987e-07 
0.205049 0.329197 -0.0529987 -0.276199 -0.205049 9.4413e-08 
0.289985 0.485104 -0.00596413 -0.479139 -0.289985 3.27497e-07 
0.468557 0.800907 0.143452 -0.944356 -0.468557 -2.86195e-06 
0.50663 0.84735 0.524347 -1.3717 -0.50663 -1.37952e-06 
0.425875 0.61024 0.928347 -1.53859 -0.425875 1.64955e-06 
0.346726 0.307995 1.33241 -1.6404 -0.346726 -2.46695e-06 
0.273835 -0.0336896 1.73379 -1.7001 -0.273835 -6.51051e-07 
0.17553 -0.339049 1.76586 -1.42681 -0.17553 -4.29785e-07 
0.112475 -0.484956 1.44293 -0.957972 -0.112475 2.76845e-07 
0.0294988 -0.3123 1.1716 -0.859303 -0.0294988 6.88965e-07 
-0.0387279 -0.0732272 0.98167 -0.908444 0.0387279 -5.2648e-07 
-0.052649 0.0372738 0.565247 -0.602521 0.052649 -4.19151e-07 
-0.0622667 0.117315 0.205328 -0.322643 0.0622667 1.89546e-08 
-0.0886653 0.247698 -0.187309 -0.0603879 0.0886653 6.04532e-07 
-0.103584 0.307678 -0.148689 -0.158989 0.103584 4.54939e-07 
-0.114415 0.315429 0.225398 -0.540828 0.114415 -1.94407e-07 
2.28822e-16 -6.24437e-16 -5.52921e-16 1.17736e-15 -2.28822e-16 5.7149e-22 
