0.00128519 1.24898 -2.62491 1.37593 -0.00128519 -2.47484e-06 
0.000994247 0.989784 -2.08365 1.09386 -0.000994247 -1.90842e-06 
-0.00291471 -2.56141 5.34323 -2.78182 0.00291471 5.6838e-06 
0.00148223 0.972928 -1.97588 1.00295 -0.00148223 -2.97677e-06 
0.00015375 0.181677 -0.760835 0.57916 -0.00015375 -3.19823e-06 
-0.00715061 0.791222 -3.95387 3.16263 0.00715061 1.44386e-05 
4.82488e-05 -1.10761 2.87841 -1.77081 -4.82488e-05 -3.72594e-05 
4.59366e-05 -2.64511 6.49268 -3.84756 -4.59366e-05 -0.000116175 
-1.15854e-05 0.831355 -1.29163 0.460272 1.15854e-05 2.83829e-05 
-9.66238e-07 0.0694389 -0.184283 0.114844 9.66238e-07 2.35109e-06 
-1.81051e-06 0.129336 -0.311127 0.18179 1.81051e-06 4.41801e-06 
-3.85388e-06 0.26746 -0.603595 0.336135 3.85388e-06 9.42674e-06 
-4.79472e-06 0.198162 -0.457816 0.259654 4.79472e-06 1.17398e-05 
-2.28106e-06 -0.387877 0.780124 -0.392247 2.28106e-06 5.602e-06 
8.12815e-06 -1.69765 3.58175 -1.8841 -8.12815e-06 -1.98603e-05 
1.56955e-05 -2.67225 5.644 -2.97175 -1.56955e-05 -3.83809e-05 
7.30956e-06 -0.985174 2.1014 -1.11622 -7.30956e-06 -1.78867e-05 
-3.29081e-06 1.21064 -2.50491 1.29428 3.29081e-06 8.02334e-06 
-9.26451e-06 2.28801 -4.77563 2.48762 9.26451e-06 2.26278e-05 
-4.73885e-06 1.14599 -2.4064 1.26041 4.73885e-06 1.15771e-05 
-1.99784e-06 1.20908 -2.53876 1.32968 1.99784e-06 4.93936e-06 
1.57621e-05 -1.34257 2.79091 -1.44834 -1.57621e-05 -3.83017e-05 
-0.00014082 4.25187 -8.90015 4.64828 0.00014082 0.000341605 
0.000679881 -0.93209 1.21472 -0.282625 -0.000679884 -0.00164761 
-0.0054641 1.57469 -2.9422 1.36757 0.00545713 0.0132781 
0.00423572 1.81521 -1.34973 -0.467075 -0.00583989 -0.00196193 
0.0261013 -0.277803 0.609407 -0.341875 -0.0363494 -0.0102113 
0.906491 1.35762 -6.22857 4.5149 -1.26194 -0.357003 
1.45526 3.86693 -5.14368 0.705206 -2.02583 -0.573483 
-0.769171 -1.47341 1.95573 -0.180247 1.07074 0.303137 
-1.13079 -2.20508 2.96903 -0.319852 1.57413 0.445648 
0.0411972 0.11535 -0.133806 0.00227633 -0.0573491 -0.0162366 
0.68854 1.39867 -1.855 0.185925 -0.958494 -0.271357 
0.388625 0.805884 -1.06168 0.103169 -0.540991 -0.153159 
0.140823 0.315644 -0.40514 0.0341912 -0.196035 -0.0554996 
-0.0193419 -0.0454305 0.0574394 -0.00441276 0.0269252 0.00762285 
0.00826248 0.00918947 -0.0157169 0.00328256 -0.011502 -0.00325615 
0.062442 0.116401 -0.159321 0.0183973 -0.0869234 -0.0246085 
0.154113 0.297819 -0.402335 0.043992 -0.214536 -0.0607365 
0.298731 0.58404 -0.78576 0.0843995 -0.415854 -0.117731 
0.516289 1.01465 -1.36264 0.145225 -0.718708 -0.203471 
0.831318 1.63822 -2.19805 0.233347 -1.15725 -0.327626 
0.977512 1.94126 -2.6013 0.341294 -1.29571 -0.319854 
0.821097 1.66674 -2.22644 0.46964 -0.911012 -0.0903825 
-0.0955793 -0.102494 0.155255 0.389946 0.537541 0.444258 
-0.588652 -1.05093 1.43141 0.387054 1.35489 0.770221 
-1.00617 -1.85488 2.51297 0.380509 2.04302 1.04224 
-1.35302 -2.52365 3.4125 0.370601 2.61035 1.26386 
-1.58767 -2.9797 4.02491 0.345064 2.97567 1.39502 
-1.10321 -2.08683 2.81166 0.138363 1.96594 0.864171 
-0.682667 -1.31131 1.75813 -0.0381545 1.0924 0.40645 
-0.321702 -0.645187 0.853471 -0.186591 0.345733 0.0168316 
-0.0161042 -0.0807377 0.087171 -0.30899 -0.283084 -0.30956 
0.238211 0.389533 -0.550973 -0.40733 -0.802806 -0.577452 
0.445203 0.772884 -1.07085 -0.48353 -1.22192 -0.791425 
-1.0287 -1.77113 2.33573 0.845955 2.45638 1.37497 
1.27302 2.30084 -3.24687 -1.00976 -3.20171 -2.01213 
2.73944 4.6839 -6.37565 -2.21162 -6.67362 -3.83932 
0.807683 0.676916 -0.450467 -0.630418 -1.43875 0.0681503 
-2.02586 -3.55994 4.96559 1.49453 4.94486 2.86104 
-2.89175 -1.66208 0.392525 1.61865 4.37418 -2.00707 
1.91323 1.84803 -1.93169 -0.889905 -3.41986 0.134685 
6.21579 2.99563 0.0636994 -3.01274 -8.83793 5.59479 
1.87424 0.80264 0.246482 -0.928138 -3.83652 0.611646 
-1.88226 -0.944696 0.123119 0.858647 0.770265 -3.554 
-2.46531 -1.19101 0.0475151 1.14491 2.7605 -2.94583 
-1.70304 -0.806511 0.0046688 0.793089 3.35892 -0.591975 
-0.862998 -0.394566 -0.0158216 0.401133 3.41468 1.40805 
0.324355 0.144307 0.0107523 -0.150412 -1.79069 -1.03539 
0.144311 0.0566393 0.0137316 -0.0661816 -1.77074 -1.43266 
-0.338255 -0.177691 0.0202585 0.159809 -1.68433 -2.46504 
-1.08773 -0.540623 0.0280999 0.511354 -1.40577 -3.92479 
-1.69252 -0.832273 0.0316195 0.796412 -0.677077 -4.59925 
-1.90546 -0.931534 0.0249991 0.900224 0.800802 -3.61679 
-1.33474 -0.647051 0.000396284 0.640571 3.42013 0.322806 
0.941439 0.474037 -0.0560622 -0.419057 6.92507 9.10035 
3.09242 1.5263 -0.103323 -1.41752 9.74031 16.8998 
2.33074 1.13896 -0.0658096 -1.06891 5.85446 11.2557 
1.16097 0.551497 -0.00632412 -0.54284 -1.09344 1.60554 
-0.0625835 -0.0585851 0.0399853 0.0188449 -5.53011 -5.66126 
-0.851813 -0.449693 0.0674031 0.381141 -8.08226 -10.0407 
-0.476718 -0.245971 0.0385059 0.206503 -4.92878 -6.03717 
-0.395457 -0.235779 0.0530346 0.181273 -4.94596 -5.89146 
0.249577 0.126382 0.0133687 -0.142369 -1.39263 -0.933093 
0.688236 0.34015 -0.0322415 -0.308672 4.3767 5.89364 
-1.59742 -1.02517 0.00434031 1.03508 5.72178 2.68349 
-0.408057 -0.180666 -0.00492841 0.186844 -1.58074 -2.44932 
2.91601 1.82066 -0.0428816 -1.80035 -6.05805 -0.378496 
2.54466 1.57797 -0.0367317 -1.56051 -4.76088 0.211364 
-0.0502759 0.00741881 -0.00670784 0.00463519 0.268505 0.165864 
-1.52907 -0.890199 0.00387712 0.899238 3.04292 0.0582837 
-1.91231 -1.12524 0.00122403 1.13373 3.73487 0.0128577 
1.51617 0.893418 9.20412e-05 -0.899962 -2.95178 -0.00299768 
1.56649 0.925969 0.00421327 -0.932602 -3.02371 0.0152343 
1.40159 0.831792 0.0186067 -0.839325 -2.64807 0.0462001 
0.438104 0.26038 0.055462 -0.271156 -0.690188 0.073519 
-2.21504 -1.32366 0.133399 1.30496 4.58311 0.0721701 
-3.1307 -1.82558 0.0104627 1.81839 6.26373 -0.0584391 
-2.29142 -1.16868 -0.663829 1.24011 3.75296 -0.628203 
2.25956 1.34797 -0.166167 -1.39334 -5.05795 -0.162093 
1.81697 0.414203 2.50017 -0.910687 -1.52493 2.01248 
0.632397 -0.141676 1.9727 -0.204712 0.555642 1.61614 
-1.55041 -0.25535 -2.56011 0.79502 0.937843 -2.02351 
-1.97797 -0.252112 -3.5202 0.958022 0.919697 -2.81484 
-2.54578 -0.291767 -4.65912 1.22121 1.05799 -3.72885 
-1.40018 -0.158842 -2.60073 0.685099 0.554821 -2.07369 
-0.297467 -0.038079 -0.58977 0.16906 0.0967393 -0.458365 
0.712043 0.07412 1.24265 -0.301395 -0.328419 1.01554 
1.56722 0.169232 2.79539 -0.700232 -0.688321 2.26433 
1.98199 0.216334 3.55416 -0.898403 -0.860638 2.8719 
2.13021 0.168625 3.8027 -0.88445 -0.925001 3.08667 
2.536 0.239682 4.64617 -1.21093 -1.10121 3.67467 
-4.6738 -0.555823 -7.83293 1.61595 2.02951 -6.77235 
3.28448 0.257254 5.74949 -1.24721 -1.42622 4.75922 
-0.952873 -0.701001 -0.52489 -0.154915 0.413765 -1.38072 
0.33076 -1.31615 3.17216 -1.37661 -0.143633 0.479209 
-6.40298e-05 -1.40747 2.98084 -1.5733 3.26905e-05 -4.3584e-05 
-2.69496e-06 1.28571 -2.47318 1.18749 2.69512e-06 1.27513e-05 
7.2644e-07 1.14817 -2.32237 1.17421 -7.2644e-07 -3.96944e-06 
-4.12985e-07 1.45651 -3 1.54349 4.12985e-07 2.23851e-06 
