0 0 -0 0 -0 -0 
0.000385956 0.376564 -0.791623 0.415059 -0.000385956 -7.42834e-07 
0.000220231 0.258641 -0.550145 0.291504 -0.000220231 -4.12402e-07 
0.000142207 -0.0911557 0.225365 -0.134209 -0.000142207 -3.33931e-07 
-0.000891281 0.247725 -0.708836 0.461111 0.000891281 1.8206e-06 
0.000123724 0.267071 -1.0043 0.737229 -0.000123724 -3.48481e-06 
1.2069e-06 0.0723796 -0.654409 0.58203 -1.2069e-06 3.03248e-06 
5.52524e-07 -0.110684 -0.030663 0.141347 -5.52524e-07 -8.63532e-07 
-5.92314e-07 0.0432665 -0.185661 0.142395 5.92314e-07 1.4215e-06 
-1.06204e-07 0.00763575 -0.0204405 0.0128047 1.06204e-07 2.58357e-07 
-5.14616e-07 0.0368969 -0.0941188 0.057222 5.14616e-07 1.25363e-06 
-1.3825e-06 0.0985335 -0.236348 0.137815 1.3825e-06 3.37458e-06 
-2.79632e-06 0.180497 -0.421738 0.24124 2.79632e-06 6.83464e-06 
-4.03973e-06 0.169415 -0.410689 0.241274 4.03973e-06 9.88156e-06 
-3.39247e-06 -0.154215 0.26334 -0.109126 3.39247e-06 8.30603e-06 
5.53898e-07 -0.875322 1.78554 -0.910222 -5.53898e-07 -1.34173e-06 
4.2061e-06 -1.45728 3.01785 -1.56057 -4.2061e-06 -1.02745e-05 
4.67663e-06 -1.37132 2.84959 -1.47827 -4.67663e-06 -1.14313e-05 
2.61416e-06 -0.803972 1.6686 -0.864625 -2.61416e-06 -6.39595e-06 
3.12326e-07 -0.220714 0.450525 -0.229812 -3.12327e-07 -7.71883e-07 
-1.01549e-06 0.194941 -0.42177 0.226829 1.01549e-06 2.47952e-06 
6.21085e-07 0.267466 -0.57747 0.310004 -6.21084e-07 -1.48011e-06 
1.66138e-06 -0.306944 0.569562 -0.262618 -1.66139e-06 -4.03601e-06 
3.99825e-05 -0.274146 0.456582 -0.182435 -3.99828e-05 -9.68959e-05 
-6.69065e-05 -0.750385 1.11413 -0.363744 6.75311e-05 0.000158912 
0.000489297 -0.190477 0.377793 -0.1875 -0.000673005 -0.000234913 
0.00207776 -0.194859 0.141002 0.053039 -0.00289455 -0.000807622 
0.0223364 -0.195864 0.0682301 0.118863 -0.0310917 -0.00881356 
0.146334 0.160374 -0.229799 0.0119566 -0.203706 -0.0576748 
0.159433 0.256488 -0.369109 0.050008 -0.221941 -0.062833 
-0.174726 -0.391261 0.499799 -0.0399184 0.24323 0.0688608 
-0.41419 -0.854913 1.12726 -0.109682 0.57658 0.163235 
-0.256289 -0.531383 0.700004 -0.0679688 0.356771 0.101005 
-0.0781557 -0.167378 0.218106 -0.0200343 0.108798 0.0308017 
-0.00414799 -0.00930856 0.0119432 -0.00100559 0.00577427 0.00163476 
-0.00693499 -0.0157609 0.0201387 -0.00165424 0.00965395 0.00273314 
-0.00926872 -0.0226306 0.0282676 -0.00199693 0.0129027 0.00365292 
0.00103356 -0.0044968 0.00290656 0.00118432 -0.00143881 -0.000407213 
0.0339291 0.0583473 -0.0823435 0.0106713 -0.0472316 -0.0133714 
0.103523 0.19382 -0.264885 0.0304086 -0.144111 -0.0407985 
0.229495 0.440878 -0.596911 0.065904 -0.319472 -0.0904445 
0.438527 0.852343 -1.14919 0.124628 -0.610459 -0.172825 
0.737706 1.44354 -1.94201 0.214934 -1.02076 -0.284528 
1.02676 2.02271 -2.71709 0.341738 -1.37881 -0.353882 
1.17966 2.34613 -3.14657 0.49364 -1.48594 -0.30787 
1.07 2.16081 -2.89175 0.615944 -1.1848 -0.1154 
0.817257 1.70013 -2.26646 0.736755 -0.647116 0.171025 
0.444422 1.00807 -1.32991 0.854972 0.0878083 0.534996 
-0.0265875 0.126524 -0.138545 0.969461 0.982415 0.960792 
-0.448067 -0.667139 0.932356 1.04467 1.75592 1.31413 
-0.727326 -1.19861 1.64703 1.05967 2.23348 1.51211 
-0.883783 -1.50356 2.05401 1.02361 2.45646 1.57697 
-0.935515 -1.61517 2.19846 0.945015 2.46334 1.52933 
-0.899291 -1.56423 2.12229 0.831749 2.28981 1.38835 
-0.790616 -1.37922 1.86424 0.691082 1.96884 1.17171 
-0.695008 -1.2104 1.6266 0.590117 1.70545 0.99772 
-0.653446 -1.11809 1.46906 0.564068 1.58052 0.890027 
0.0231222 0.0690198 -0.171365 0.0198481 -0.0914158 -0.112025 
0.730511 1.18397 -1.62571 -0.54838 -1.74367 -0.942238 
0.389627 0.342307 -0.308871 -0.272047 -0.725022 -0.0373999 
-0.391879 -0.52526 0.616497 0.228474 0.785662 0.165713 
-0.985116 -0.553677 0.0683479 0.536016 1.44181 -0.793387 
0.710909 0.391676 -0.176172 -0.286327 -1.06473 0.517523 
2.0879 1.01958 -0.0832267 -0.958039 -3.0841 1.73035 
1.97484 0.94427 -0.026584 -0.916137 -3.47859 1.09506 
1.23454 0.581716 -0.000780454 -0.574265 -2.87255 -0.00819588 
0.562998 0.260208 0.00672662 -0.261845 -1.88656 -0.578389 
0.16934 0.0762805 0.00448467 -0.078612 -0.815023 -0.420955 
0.0247275 0.0110156 0.000802731 -0.0114681 -0.134699 -0.0771215 
0.105179 0.0458984 0.00455072 -0.0486883 -0.695774 -0.450609 
0.0840814 0.0314065 0.00981567 -0.0383749 -1.24191 -1.04453 
-0.142288 -0.0825968 0.0174772 0.0681423 -1.73662 -2.06308 
-0.58538 -0.301391 0.0270464 0.276505 -2.07939 -3.43238 
-1.16627 -0.586154 0.0363118 0.5503 -2.08431 -4.78372 
-1.70224 -0.84733 0.0408938 0.804866 -1.4562 -5.39862 
-1.79735 -0.8907 0.0324255 0.85544 0.204583 -3.95999 
-1.16339 -0.576262 0.00727344 0.566833 2.83854 0.140993 
-0.30378 -0.153717 -0.0196207 0.172716 5.32073 4.61409 
0.266552 0.122301 -0.0320532 -0.089797 6.23691 6.85327 
0.428909 0.194602 -0.0263196 -0.167443 5.15152 6.14773 
0.266434 0.105173 -0.00856031 -0.0959429 2.92297 3.54755 
0.060304 -0.00269996 0.00788704 -0.00484909 0.898942 1.04752 
-0.0772067 -0.0851052 0.0244673 0.060661 -0.570392 -0.742976 
-0.122185 -0.114417 0.0364911 0.077312 -1.73066 -2.02894 
0.108718 0.00747185 0.0298356 -0.0387611 -1.00502 -0.816946 
0.0308937 -0.0617806 0.0237986 0.0382816 0.621454 0.702462 
-0.697906 -0.49435 0.028141 0.471757 1.63753 0.283905 
-0.133459 -0.133697 0.0188428 0.115791 0.154694 -0.108971 
0.776323 0.429913 0.006322 -0.442256 -1.62868 -0.117106 
1.21771 0.708835 -0.00120974 -0.716384 -2.41867 -0.0447005 
0.925451 0.543525 -0.000991401 -0.547861 -1.81381 -0.011502 
0.36831 0.216881 -0.000110064 -0.218491 -0.718176 -0.00158229 
0.188041 0.110781 -1.17646e-05 -0.111595 -0.366281 -0.000514356 
0.673421 0.39719 0.000502487 -0.40007 -1.30791 0.000933433 
1.15204 0.680672 0.0036934 -0.685742 -2.22368 0.010435 
1.47251 0.871083 0.0145407 -0.878944 -2.81002 0.029646 
1.25156 0.73895 0.0428699 -0.751286 -2.31235 0.0537106 
0.37481 0.220386 0.0715667 -0.237257 -0.531922 0.0602917 
-0.59806 -0.325944 -0.0113678 0.316932 1.30443 -0.0327396 
-0.478936 -0.177677 -0.325799 0.200829 0.665693 -0.308176 
0.162901 0.088268 0.0870002 -0.158402 -0.327088 0.0199732 
0.614144 0.117575 0.993701 -0.358161 -0.426718 0.755004 
0.391017 0.0484706 0.747995 -0.228459 -0.168173 0.567948 
-0.153937 -0.0280656 -0.199098 0.0422852 0.11151 -0.185407 
-0.873116 -0.114285 -1.50039 0.38864 0.424977 -1.2265 
-1.5542 -0.19129 -2.7548 0.716658 0.701485 -2.22961 
-1.79156 -0.218764 -3.20319 0.837109 0.79117 -2.58484 
-1.72218 -0.212633 -3.09293 0.814355 0.752964 -2.49111 
-1.3598 -0.173926 -2.45076 0.655008 0.591402 -1.96955 
-0.761583 -0.108948 -1.38013 0.38547 0.330703 -1.10353 
-0.279822 -0.0672339 -0.520428 0.182172 0.121507 -0.405462 
0.621714 0.0141547 1.10496 -0.218192 -0.269967 0.900865 
0.352599 -0.0275417 0.71327 -0.174777 -0.153109 0.510917 
-0.168453 -0.104453 -0.132055 -0.00759645 0.0731474 -0.244088 
0.00247439 -0.112073 0.207079 -0.0914202 -0.00107454 0.00358471 
-0.0037379 -0.404985 0.744785 -0.345215 0.00162308 -0.00541647 
1.92386e-07 -0.847297 1.64955 -0.80225 -3.50713e-07 -2.3559e-06 
1.09121e-08 -0.810046 1.63563 -0.825577 -1.09126e-08 -4.25936e-08 
5.94264e-08 -0.420292 0.863268 -0.442976 -5.94264e-08 -3.20298e-07 
-7.44339e-22 2.62512e-15 -5.40701e-15 2.78189e-15 7.44339e-22 4.03455e-21 
