0 0 0 0 0 0 
6.26209e-05 0.0609343 -0.128074 0.0671397 -6.26209e-05 -1.20567e-07 
0.000192523 0.191988 -0.404212 0.212224 -0.000192523 -3.69455e-07 
0.000194723 0.184674 -0.387449 0.202774 -0.000194723 -3.76166e-07 
9.75036e-05 0.215775 -0.472322 0.256546 -9.75036e-05 -1.63906e-07 
4.46389e-06 0.290264 -0.710027 0.419763 -4.46389e-06 -3.8756e-07 
1.39353e-07 0.350049 -1.01011 0.660065 -1.39353e-07 -8.00297e-07 
-9.43852e-08 0.364557 -1.1647 0.80014 9.43852e-08 1.49429e-07 
4.39761e-07 0.321219 -1.1261 0.804879 -4.39761e-07 -1.12652e-06 
2.93768e-07 0.331765 -1.15808 0.826315 -2.93768e-07 -7.72512e-07 
2.03036e-07 0.338278 -1.17506 0.83678 -2.03036e-07 -5.51624e-07 
-7.77689e-08 0.358356 -1.22445 0.866089 7.77689e-08 1.33223e-07 
-7.26898e-07 0.402768 -1.32905 0.926287 7.26898e-07 1.71898e-06 
-1.82231e-06 0.462573 -1.47006 1.00748 1.82231e-06 4.39752e-06 
-3.08214e-06 0.47641 -1.51773 1.04132 3.08214e-06 7.48039e-06 
-3.60086e-06 0.324147 -1.21591 0.891761 3.60086e-06 8.75259e-06 
-2.78309e-06 -0.0566241 -0.431242 0.487866 2.78309e-06 6.75667e-06 
-1.29579e-06 -0.520188 0.530781 -0.0105924 1.29579e-06 3.12226e-06 
-9.99616e-08 -0.871175 1.26007 -0.388894 9.99616e-08 1.9827e-07 
3.15341e-07 -1.02212 1.57209 -0.54997 -3.15341e-07 -8.1931e-07 
1.83333e-07 -1.02692 1.57817 -0.551249 -1.83333e-07 -4.98892e-07 
-2.35912e-08 -0.933439 1.37766 -0.444224 2.35912e-08 1.10665e-08 
2.06491e-06 -0.979965 1.45936 -0.479391 -2.06491e-06 -5.05075e-06 
7.65426e-07 -1.03958 1.55612 -0.51654 -7.65433e-07 -1.90092e-06 
2.83666e-06 -1.20166 1.80993 -0.608272 -2.83067e-06 -6.95146e-06 
5.53602e-06 -1.35759 2.02888 -0.671291 -7.61832e-06 -2.68427e-06 
5.94138e-05 -1.4906 2.13205 -0.641471 -8.24128e-05 -2.49848e-05 
-0.000834791 -1.55262 2.20585 -0.652902 0.00116249 0.000326879 
-0.0119054 -1.63906 2.24136 -0.597624 0.0165733 0.00469125 
0.0483162 -1.5426 2.10603 -0.582405 -0.0672591 -0.0190426 
0.0485017 -1.55856 2.11929 -0.579775 -0.0675174 -0.0191156 
-0.0540646 -1.77425 2.40152 -0.606041 0.0752616 0.0213064 
-0.164629 -2.00242 2.7025 -0.635433 0.229175 0.0648805 
-0.214619 -2.10716 2.84 -0.648553 0.298764 0.0845819 
-0.225469 -2.1308 2.87063 -0.651279 0.313868 0.088858 
-0.226569 -2.13328 2.87381 -0.651544 0.315399 0.0892913 
-0.229344 -2.13977 2.88202 -0.652181 0.319262 0.0903851 
-0.231084 -2.14492 2.8881 -0.652433 0.321685 0.091071 
-0.226339 -2.13794 2.87761 -0.650779 0.315079 0.089201 
-0.205911 -2.10063 2.82615 -0.64465 0.286642 0.0811502 
-0.155326 -2.00435 2.69536 -0.630003 0.216224 0.0612144 
-0.0528551 -1.80609 2.42762 -0.600763 0.0735778 0.0208304 
0.131067 -1.44725 1.94442 -0.548239 -0.182048 -0.051246 
0.409855 -0.899843 1.20859 -0.461746 -0.562598 -0.153537 
0.765472 -0.196101 0.263994 -0.32943 -1.02657 -0.262454 
1.12336 0.520554 -0.696213 -0.154895 -1.45335 -0.331711 
1.42362 1.13442 -1.51639 0.0579071 -1.74714 -0.325205 
1.62491 1.56587 -2.08943 0.30833 -1.83979 -0.215992 
1.69288 1.74866 -2.32624 0.595395 -1.67508 0.0178831 
1.61423 1.65627 -2.19139 0.913875 -1.23608 0.38005 
1.4259 1.35644 -1.77702 1.24629 -0.601445 0.828325 
1.16954 0.925962 -1.18748 1.57517 0.142328 1.31738 
0.880883 0.430807 -0.512346 1.8858 0.92128 1.80861 
0.590215 -0.0731135 0.172467 2.16605 1.67312 2.26971 
0.322726 -0.539208 0.80374 2.40619 2.34636 2.67411 
0.0974431 -0.932077 1.33343 2.59991 2.90311 3.00274 
-0.134105 -1.33278 1.8676 2.79707 3.46774 3.32829 
-0.245666 -1.51805 2.09838 2.89909 3.73142 3.46628 
-0.111954 -1.28908 1.76836 2.80352 3.40136 3.26906 
0.0880544 -1.01294 1.41765 2.65654 2.95903 3.09068 
0.094908 -1.05755 1.50416 2.64864 2.97332 3.1514 
-0.160986 -1.25614 1.63123 2.78943 3.38758 3.03546 
-0.231739 -1.28679 1.59739 2.84201 3.48013 2.95351 
0.248621 -1.04476 1.55529 2.62705 2.77989 3.3519 
0.918239 -0.721641 1.53903 2.31771 1.70997 3.83008 
1.42756 -0.479728 1.53535 2.08107 0.694848 3.99558 
1.70381 -0.350567 1.53664 1.95255 -0.0584669 3.88363 
1.81196 -0.301088 1.53857 1.90228 -0.483758 3.70981 
1.83203 -0.292094 1.53916 1.89297 -0.586282 3.654 
1.85394 -0.282423 1.53997 1.88282 -0.717054 3.57426 
1.88767 -0.268342 1.54218 1.86727 -1.02251 3.34759 
1.88484 -0.273331 1.54641 1.86898 -1.4932 2.87126 
1.77542 -0.331298 1.55338 1.92082 -2.09934 2.01266 
1.50174 -0.470043 1.5634 2.04997 -2.76632 0.712534 
1.04595 -0.69781 1.57574 2.26522 -3.34469 -0.921176 
0.474088 -0.981739 1.5878 2.53636 -3.57205 -2.47327 
-0.00993055 -1.22144 1.59445 2.76857 -3.11798 -3.14101 
-0.234405 -1.33306 1.5922 2.88201 -1.8027 -2.34663 
-0.230771 -1.33323 1.58357 2.8908 0.0752887 -0.460927 
-0.111311 -1.27837 1.574 2.84572 1.90297 1.64369 
0.00500019 -1.22777 1.56827 2.8011 3.19624 3.20795 
0.0532978 -1.21333 1.5684 2.78669 3.77135 3.89766 
0.0505886 -1.2272 1.57344 2.79559 3.83191 3.95462 
0.0139709 -1.26154 1.58335 2.81993 3.44118 3.47838 
0.00710273 -1.28073 1.59418 2.82796 2.96013 2.9689 
0.0477417 -1.27811 1.60232 2.81689 2.88858 2.97689 
-0.0639908 -1.37106 1.61056 2.90261 3.30796 3.18434 
-0.221554 -1.48597 1.61826 3.01104 3.62574 3.19494 
-0.117578 -1.43755 1.62219 2.95786 3.38362 3.15454 
0.219306 -1.24437 1.62271 2.76161 2.70216 3.12972 
0.568376 -1.04012 1.62228 2.55551 2.01399 3.12176 
0.774913 -0.918648 1.62213 2.43311 1.61026 3.12007 
0.82172 -0.891079 1.62212 2.40534 1.51904 3.11991 
0.956755 -0.811478 1.62217 2.32516 1.25639 3.11982 
1.24514 -0.641228 1.62271 2.15366 0.698014 3.12135 
1.66574 -0.392535 1.62528 1.90296 -0.109574 3.12743 
2.11588 -0.126353 1.63367 1.63367 -0.958362 3.14054 
2.37674 0.0271984 1.65265 1.47544 -1.41485 3.15946 
2.3352 0.00548113 1.66761 1.49244 -1.27368 3.16845 
2.11899 -0.100616 1.61346 1.60122 -0.869311 3.11324 
2.07293 -0.106992 1.55398 1.60392 -0.845136 3.05003 
2.20304 -0.0698799 1.72346 1.51761 -0.981466 3.17127 
2.3789 -0.0428478 2.03433 1.41721 -1.07811 3.40901 
2.41879 -0.0397471 2.12667 1.38711 -1.0866 3.47425 
2.26194 -0.061809 1.86876 1.45272 -1.00336 3.25971 
1.86894 -0.11115 1.17922 1.63181 -0.821354 2.69983 
1.33376 -0.176623 0.225808 1.88039 -0.582875 1.92948 
0.772807 -0.245396 -0.779532 2.144 -0.336514 1.11901 
0.281035 -0.306977 -1.66422 2.37838 -0.12211 0.407156 
-0.0570942 -0.35197 -2.27491 2.54414 0.024792 -0.0827297 
-0.217717 -0.37853 -2.56783 2.63087 0.0945392 -0.315472 
-0.168481 -0.387588 -2.48497 2.62841 0.0731594 -0.244129 
0.0498871 -0.382169 -2.08636 2.54082 -0.0216625 0.0722864 
-0.0120474 -0.412265 -2.14998 2.54479 0.00523136 -0.0174568 
0.00449342 -0.441023 -2.06717 2.5147 -0.00195118 0.00651095 
-6.36378e-05 -0.512662 -1.94452 2.45709 2.76272e-05 -9.22912e-05 
9.31625e-09 -0.709679 -1.56882 2.2785 -4.81279e-09 -1.87585e-08 
-4.13389e-09 -1.00494 -0.98228 1.98722 4.13386e-09 -2.72806e-09 
-3.83265e-09 -1.19404 -0.597268 1.79131 3.83265e-09 -2.76538e-09 
1.28424e-08 -1.26353 -0.454262 1.71779 -1.28424e-08 -9.30577e-08 
