0 0 0 0 0 0 
6.36047e-08 0.362646 -1.13023 0.767587 -6.36047e-08 -2.9092e-07 
-1.8379e-06 -0.358998 0.19593 0.163068 1.8379e-06 4.44723e-06 
3.09517e-07 -1.04099 1.60984 -0.568854 -3.09517e-07 -8.06307e-07 
-7.00064e-05 -1.42855 2.0932 -0.664625 9.81286e-05 2.38999e-05 
0.0417533 -1.57348 2.13844 -0.581355 -0.0581086 -0.0164432 
-0.230642 -2.14472 2.88751 -0.652212 0.320988 0.0908261 
1.585 1.47704 -1.97198 0.240924 -1.83836 -0.254711 
0.135383 -0.865939 1.24447 2.56763 2.80938 2.94767 
-0.229314 -1.29237 1.63021 2.82781 3.53479 3.01508 
1.35922 -0.538002 1.56082 2.1205 -2.43868 0.565322 
0.099467 -1.16603 1.59097 2.71682 -3.09782 -2.91532 
0.728472 -0.883168 1.63429 2.3906 -2.33439 -2.82305 
1.0285 -0.765166 1.67811 2.22877 0.710523 -0.137063 
0.125016 -1.32576 1.69943 2.76815 2.88235 3.07523 
2.13445 -0.11491 1.68077 1.59971 -0.888947 3.15463 
2.40807 -0.0474056 2.13127 1.39402 -1.06146 3.47724 
1.34004 -0.173305 0.22708 1.87702 -0.593981 1.93104 
0.0460818 -0.381734 -2.09456 2.54266 -0.0204507 0.0663755 
1.28424e-08 -1.26353 -0.454262 1.71779 -1.28424e-08 -9.30577e-08 
