-0 0 -0 0 0 -0 
-0.0321836 0.269098 -0.587316 0.318217 0.0321836 -5.37244e-07 
0.0195584 0.396387 -0.82216 0.425774 -0.0195584 -7.53445e-07 
0.176534 -0.0262113 0.16846 -0.142249 -0.176534 1.50531e-07 
-1.13255 0.0538775 -0.847918 0.794041 1.13255 -6.78499e-07 
-0.321003 0.0337118 -0.337008 0.303297 0.321003 2.66849e-07 
0.518346 -0.149826 0.33413 -0.184304 -0.518346 3.88799e-06 
-0.0160003 0.150686 -0.337206 0.18652 0.0160003 8.02335e-07 
0.0633507 0.0630089 -0.182841 0.119832 -0.0633507 -1.86483e-06 
0.10424 0.0517602 -0.157266 0.105506 -0.10424 -9.75906e-07 
-0.200166 0.187414 -0.497302 0.309889 0.200166 -3.60686e-06 
0.833272 0.146879 -0.0150288 -0.131851 -0.833272 7.14202e-06 
0.0171267 0.0638343 -0.447934 0.3841 -0.0171267 -1.3675e-06 
-0.00109327 0.0988339 -0.538064 0.43923 0.00109327 -1.13572e-06 
0.00149588 -0.0583177 -0.029519 0.087837 -0.00149588 -1.4646e-06 
0.000305766 0.0493133 -0.127457 0.0781439 -0.000305766 1.78363e-06 
0.000315355 0.1191 -0.285243 0.166143 -0.000315355 4.19499e-06 
0.000171381 0.198374 -0.463346 0.264972 -0.000171381 7.6484e-06 
-4.83134e-05 0.173701 -0.42197 0.248269 4.83134e-05 1.0268e-05 
-0.000223039 -0.132116 0.215729 -0.0836133 0.000223039 8.62409e-06 
-0.00017673 -0.78377 1.59128 -0.807509 0.00017673 5.14206e-08 
-2.80179e-05 -1.40584 2.90731 -1.50147 2.80179e-05 -9.20791e-06 
5.12378e-05 -1.44337 2.99794 -1.55457 -5.12378e-05 -1.17559e-05 
5.75693e-05 -1.01916 2.11772 -1.09856 -5.75693e-05 -8.48781e-06 
2.5099e-05 -0.437253 0.903628 -0.466375 -2.5099e-05 -2.87884e-06 
-5.2343e-07 -0.0415077 0.0720484 -0.0305408 5.23393e-07 1.12314e-06 
-3.00335e-05 0.434935 -0.930522 0.495586 3.00336e-05 2.29056e-06 
1.37664e-05 -0.212446 0.403728 -0.191283 -1.37661e-05 -1.84729e-05 
-1.12784e-05 -0.0828178 0.10861 -0.0257918 1.12783e-05 1.63531e-05 
5.85537e-05 -0.333582 0.543379 -0.209796 -5.86014e-05 -0.000142396 
-3.15375e-06 -0.671349 0.987198 -0.315883 -3.22169e-05 0.000189082 
0.0151164 -0.191982 0.276213 -0.0901294 -0.0211048 -0.00591672 
-0.0983138 -0.470045 0.448175 0.0602494 0.137281 0.0383772 
-0.00276784 -0.0389995 0.0275314 0.0125484 0.00386472 0.00108132 
0.00751421 -0.0646752 0.0287521 0.0329895 -0.010493 -0.00293092 
0.178169 0.277239 -0.408875 0.0620831 -0.248788 -0.0695466 
0.0229753 0.000920385 0.00775778 -0.017648 -0.0320823 -0.00896538 
-0.782351 -1.79973 2.24192 -0.136795 1.09244 0.305405 
-0.224813 -0.693757 0.755968 0.0255494 0.313918 0.0877596 
0.421528 0.694887 -1.02201 0.162574 -0.588602 -0.164551 
0.669252 1.24343 -1.71303 0.208347 -0.934512 -0.261255 
0.86914 1.66926 -2.26131 0.266581 -1.1996 -0.32547 
0.885624 1.72893 -2.3267 0.302052 -1.18588 -0.29572 
0.794842 1.57073 -2.10592 0.313334 -1.0201 -0.221854 
0.652816 1.30426 -1.74419 0.300812 -0.794063 -0.139114 
0.496445 1.00229 -1.33775 0.266371 -0.56659 -0.0690855 
0.346786 0.707031 -0.942212 0.213137 -0.369167 -0.0220433 
0.212343 0.436504 -0.581026 0.145223 -0.211631 0.000701679 
0.0923513 0.190865 -0.253879 0.067471 -0.087826 0.0044569 
0.0202516 0.0419192 -0.0557478 0.0150701 -0.0189912 0.00124143 
0.130596 0.271176 -0.360492 0.100829 -0.118906 0.0115138 
0.22744 0.476394 -0.632638 0.193474 -0.189639 0.03723 
0.295118 0.629065 -0.833744 0.299176 -0.199173 0.0944969 
0.310444 0.686176 -0.906077 0.424696 -0.10251 0.204795 
0.23925 0.583552 -0.763767 0.577658 0.164286 0.397442 
0.0329372 0.2292 -0.283952 0.766816 0.690045 0.712064 
-0.318109 -0.397774 0.561085 0.985994 1.48437 1.1493 
-0.724671 -1.1363 1.55582 1.19616 2.36107 1.61568 
-1.11939 -1.86766 2.54102 1.3594 3.17105 2.03276 
-1.30215 -2.24097 3.04308 1.32335 3.43468 2.12547 
-1.26831 -2.23114 3.03051 1.16162 3.21586 1.96099 
-1.02806 -1.85377 2.52491 0.894529 2.55104 1.56567 
-0.590185 -1.12264 1.54411 0.528298 1.46117 0.949771 
-0.202199 -0.459842 0.64762 0.214797 0.507147 0.402574 
0.157412 0.180484 -0.238004 -0.0786159 -0.37978 -0.136136 
0.399942 0.73287 -1.06294 -0.306374 -0.989562 -0.636449 
0.117213 0.594818 -1.06271 -0.162403 -0.327654 -0.630294 
-0.365767 -0.085529 -0.217373 0.190532 0.846108 -0.11237 
-0.184036 -0.22875 0.213177 0.161152 0.442863 0.145579 
0.539381 0.0719739 0.294068 -0.181423 -1.24611 0.184619 
1.54103 0.633224 0.135588 -0.694129 -3.59599 0.0746829 
1.99222 0.915507 0.0164244 -0.938103 -4.64025 -0.00617211 
1.96531 0.939098 -0.0386293 -0.943974 -4.54579 -0.0435055 
1.43244 0.696814 -0.0385801 -0.701351 -3.24415 -0.0431172 
0.535439 0.261969 0.00172982 -0.278668 -1.08102 -0.0149693 
-0.204753 -0.0997458 0.0435884 0.0652446 0.746526 0.00908721 
-0.704466 -0.354663 0.075624 0.303039 1.94106 0.0239998 
-0.0618306 -0.0400239 0.0436348 -0.000613145 0.373593 0.00299766 
0.742253 0.406375 -0.000208711 -0.422786 -1.31561 -0.0166198 
0.803347 0.456292 -0.0295511 -0.443716 -1.42963 -0.0169751 
-0.023067 0.000883919 -0.0363445 0.0373433 0.20325 0.00188282 
-1.35445 -0.736218 -0.0446888 0.813073 2.87457 0.0321664 
-2.86449 -1.57446 -0.0466345 1.6783 5.89063 0.0572062 
-2.60185 -1.42863 -0.0332007 1.47811 5.33043 0.0162816 
-1.17608 -0.637203 -0.0137797 0.595178 2.43429 -0.0558042 
0.344213 0.206345 0.00263961 -0.327239 -0.643354 -0.118254 
1.11166 0.630131 0.00541094 -0.754825 -2.18852 -0.119283 
1.34242 0.754791 -0.000353075 -0.83516 -2.64415 -0.080722 
1.26263 0.706741 -0.00852002 -0.727654 -2.47501 -0.0294324 
1.03401 0.576627 -0.0151117 -0.546551 -2.01161 0.0149644 
0.760612 0.422661 -0.0179872 -0.362835 -1.46582 0.0418391 
0.499533 0.276649 -0.0165014 -0.212265 -0.952895 0.0478826 
0.271637 0.150019 -0.0111636 -0.10342 -0.51353 0.0354356 
0.0722663 0.0398502 -0.00329599 -0.025737 -0.135925 0.0108172 
0.349171 0.192303 -0.017239 -0.117214 -0.653949 0.0578497 
0.743753 0.405925 -0.0571413 -0.13935 -1.34906 0.209434 
0.648798 0.342504 -0.119999 0.249245 -1.0237 0.47175 
0.0653031 0.0182695 -0.149054 0.700859 0.208407 0.570075 
-0.617588 -0.309622 0.00826487 0.068671 1.2714 -0.232686 
-0.478811 -0.0924677 0.509172 -3.08723 0.0130321 -2.67053 
0.0623515 0.332958 0.957922 -6.15132 -1.95697 -4.86044 
0.234252 0.365872 0.746415 -4.93317 -1.91986 -3.82088 
0.126047 0.171199 0.274058 -1.95949 -0.810866 -1.51424 
0.0467834 0.0504006 -0.0232636 -0.148031 -0.101458 -0.120894 
-0.0186679 -0.0543812 -0.324976 1.60208 0.571648 1.22272 
0.140905 0.157202 -0.105408 -0.346255 -0.274076 -0.29446 
0.134404 0.147851 -0.285743 0.405905 -0.0131941 0.268013 
0.398871 0.52917 -0.758217 0.220499 -0.402735 -0.00854569 
0.481611 0.96496 -1.59507 0.6301 -0.481613 -7.98331e-06 
0.225894 0.857252 -1.58946 0.732209 -0.225894 3.08006e-06 
0.0775774 0.495771 -0.965221 0.46945 -0.0775774 -5.92614e-07 
0.0334612 0.445067 -0.925259 0.480193 -0.0334612 1.60498e-07 
0.000152029 0.00225388 -0.00459316 0.00233928 -0.000152029 -4.18305e-10 
0.0104337 0.15165 -0.294581 0.142931 -0.0104337 -7.03989e-08 
-0.00162776 -0.093702 0.322913 -0.229212 0.00162776 -2.07024e-07 
0.00445978 0.0335003 0.294677 -0.328176 -0.00445978 -2.17812e-07 
-0.00113447 -0.0116423 0.0859546 -0.0743122 0.00113447 -6.83765e-08 
0.0160008 0.2567 -0.342439 0.0857388 -0.0160008 1.27443e-08 
0.0166295 0.261161 -0.398094 0.136932 -0.0166295 8.64399e-08 
-1.92877e-17 -3.02677e-16 4.63458e-16 -1.60781e-16 1.92877e-17 -1.03257e-22 
