-1.49366 -1.8399 -0.380692 2.22059 1.49366 -3.6562e-08 
-1.49352 -1.83974 -0.380654 2.22039 1.49352 -3.6547e-08 
-1.49151 -1.83735 -0.380089 2.21744 1.49151 -3.6321e-08 
-1.4828 -1.827 -0.377638 2.20463 1.4828 -3.53418e-08 
-1.45933 -1.79913 -0.371039 2.17017 1.45933 -3.27054e-08 
-1.40986 -1.74036 -0.357125 2.09749 1.40986 -2.71465e-08 
-1.31989 -1.63351 -0.331824 1.96533 1.31989 -1.70379e-08 
-1.17174 -1.45753 -0.290157 1.74769 1.17174 -3.91133e-10 
-0.944471 -1.1876 -0.226244 1.41384 0.944471 2.51439e-08 
-0.613967 -0.795045 -0.133296 0.928341 0.613967 6.2279e-08 
-0.15287 -0.247379 -0.0036214 0.251 0.15287 1.14087e-07 
0.469389 0.491708 0.171377 -0.663085 -0.469389 1.84004e-07 
1.2866 1.46235 0.401202 -1.86355 -1.2866 2.75824e-07 
2.33577 2.70849 0.696259 -3.40475 -2.33577 3.93708e-07 
3.39189 3.98516 0.979958 -4.96511 -3.39189 4.67976e-07 
3.43416 4.14454 0.926535 -5.07107 -3.43416 2.54972e-07 
3.32504 4.35869 0.690187 -5.04888 -3.32504 -4.42973e-07 
2.0472 3.3942 -0.000182621 -3.39402 -2.0472 -1.69013e-06 
-0.814849 0.817181 -1.29708 0.479897 0.814849 -3.65206e-06 
-4.56986 -2.93706 -2.95269 5.88976 4.56986 -5.79561e-06 
-1.1231 -1.79622 -1.41301 3.20923 1.1231 -1.63532e-06 
2.02679 -0.224661 -0.184323 0.408984 -2.02679 1.35591e-06 
4.55745 1.05678 0.820786 -1.87756 -4.55745 3.77327e-06 
5.72803 1.76844 1.45275 -3.22119 -5.72803 5.15883e-06 
2.45124 0.731529 1.06405 -1.79558 -2.45124 3.55628e-06 
-0.208285 -0.109649 0.735921 -0.626272 0.208285 2.21262e-06 
-2.30737 -0.773118 0.463076 0.310042 2.30737 1.10501e-06 
-3.90061 -1.2762 0.240436 1.03576 3.90061 2.11497e-07 
-3.8675 -1.26338 0.120421 1.14296 3.8675 -3.92294e-07 
-3.34157 -0.925738 0.120427 0.805311 3.34157 1.35209e-06 
-4.3092 -1.25663 0.173816 1.08281 4.3092 -8.58286e-07 
-1.20422 -0.302011 0.12852 0.173492 1.20422 -5.69571e-06 
3.51304 1.23741 -0.0156801 -1.22173 -3.51304 -6.89552e-06 
5.91628 2.11927 -0.233308 -1.88596 -5.91628 2.82236e-06 
5.80741 2.64859 -1.15345 -1.49515 -5.80741 1.01235e-05 
-2.00002 1.41029 -3.68943 2.27913 2.00002 -2.2778e-07 
-5.52218 0.499102 -4.19522 3.69612 5.52218 -6.24389e-06 
-0.324503 0.765132 -1.5558 0.790668 0.324503 -2.92982e-06 
1.02879 -0.462297 2.83116 -2.36886 -1.02879 -4.03755e-07 
-6.30038 -3.08231 9.08901 -6.00669 6.30038 5.36234e-07 
8.67128 0.687516 -4.6293 3.94179 -8.67128 1.73481e-05 
-2.5338 -2.11182 1.98993 0.121876 2.5338 -4.24424e-05 
5.72129 7.24896 -4.26523 -2.98373 -5.72129 3.23907e-05 
-2.8127 -2.8866 2.53541 0.351216 2.8127 9.74939e-06 
3.89228 4.87536 -2.69316 -2.18226 -3.89228 -1.35981e-05 
-2.74682 -3.76189 1.70675 2.05513 2.74682 5.07532e-05 
2.24862 3.80008 -0.285269 -3.51481 -2.24862 -3.94445e-05 
-2.15434 -3.3093 0.930764 2.37853 2.15434 3.66202e-06 
-1.09765 -1.53532 0.943229 0.592067 1.09765 2.9346e-05 
2.85736 4.76468 0.289467 -5.05411 -2.85736 -3.0952e-05 
1.42451 2.47346 3.38379 -5.85735 -1.42451 0.000153377 
-0.694881 -1.88093 3.90369 -2.02284 0.694881 0.000118553 
-0.769465 -2.72396 3.94402 -1.22016 0.769465 -0.000325373 
-0.715992 -3.16392 3.92267 -0.758726 0.715992 0.000252796 
-0.686448 -3.49195 3.70157 -0.209522 0.686448 -2.17087e-05 
-1.18855 -0.284498 -3.17044 3.45489 1.18855 -6.82847e-05 
0.372234 -3.78379 -1.55112 5.33498 -0.372234 5.18935e-05 
-1.17887 4.06878 -3.39951 -0.669286 1.17887 -2.08233e-05 
-0.317264 1.73858 -4.71229 2.97371 0.317264 -2.38792e-06 
0.14469 0.474758 -5.19194 4.71719 -0.14469 4.62989e-06 
-0.211674 0.936589 -2.97176 2.03517 0.211674 5.10928e-06 
-0.280714 1.29918 -2.92269 1.62352 0.280714 3.71358e-06 
-0.276599 0.762256 4.01111 -4.77338 0.276599 -9.72719e-06 
0.367784 -1.46682 1.78048 -0.313673 -0.367784 1.0124e-06 
0.976311 -2.99149 -2.11346 5.10496 -0.976311 7.12946e-06 
0.0902931 2.43116 -2.22846 -0.202699 -0.0902931 -3.81607e-05 
-0.270947 -0.473187 2.35121 -1.87803 0.270947 -7.11006e-06 
-0.076835 -3.69496 3.54733 0.147638 0.076835 4.27547e-05 
0.629382 5.33371 -10.7081 5.37437 -0.629382 1.844e-05 
0.352236 0.361154 -0.431212 0.0700586 -0.352236 2.86987e-06 
-0.164386 -6.65527 12.7996 -6.14438 0.164386 -5.09668e-06 
-0.296867 -5.78056 11.0776 -5.29709 0.296867 -6.59029e-06 
-0.11096 -1.6584 3.15328 -1.49489 0.11096 -2.89646e-06 
-0.0828178 0.183565 -0.365061 0.181496 0.0828178 -2.40482e-06 
-0.0603294 1.18902 -2.27868 1.08966 0.0603294 -1.85234e-06 
-0.0426146 1.58943 -3.03225 1.44283 0.0426146 -1.28312e-06 
-0.0289095 1.58559 -3.01157 1.42598 0.0289095 -7.35427e-07 
-0.0175195 1.26286 -2.3779 1.11504 0.0175195 -1.99906e-07 
-0.00979856 0.913264 -1.69719 0.783927 0.00979856 2.21708e-07 
-0.00591339 0.692626 -1.27032 0.577694 0.00591339 4.85527e-07 
-0.00423037 0.570968 -1.03622 0.465254 0.00423037 6.29938e-07 
-0.00375655 0.530067 -0.957775 0.427708 0.00375655 6.78275e-07 
0.0109509 -1.66558 2.95307 -1.28749 -0.0109509 -3.47783e-06 
0.0171934 -0.298193 0.391783 -0.0935884 -0.0171934 -5.04302e-06 
0.10211 0.647453 -1.15568 0.508226 -0.10211 -5.93992e-06 
0.33602 -0.462857 1.58423 -1.12138 -0.33602 -3.07037e-06 
0.611324 -1.49946 3.75084 -2.25138 -0.611324 1.43161e-05 
0.205293 -1.11652 1.57706 -0.460522 -0.205293 5.7038e-05 
-0.0406332 1.74422 -3.33365 1.58939 0.0406332 -4.94208e-05 
0.166073 0.655522 -1.36905 0.71359 -0.166073 -3.26786e-05 
-1.16355 2.85572 -5.79821 2.94245 1.16355 1.5413e-05 
2.31605 -4.07062 8.19283 -4.12218 -2.31605 -1.70361e-06 
0.316647 -0.111431 0.202191 -0.0907447 -0.316647 -3.19802e-07 
1.27391 -1.43521 2.86908 -1.43392 -1.27391 -2.35314e-05 
1.32332 -0.205497 0.466548 -0.261026 -1.32332 2.31995e-05 
-0.357198 1.69144 -2.65414 0.962737 0.357198 3.04294e-05 
-3.54759 2.23131 -6.60009 4.36877 3.54759 -8.67763e-06 
0.20012 -0.251364 0.354288 -0.102924 -0.20012 -3.65512e-07 
0.138906 -0.278165 0.240552 0.0376122 -0.138906 -8.55081e-07 
0.136573 -0.275694 0.205939 0.0697533 -0.136573 -1.51016e-06 
0.5731 -0.0677748 0.871135 -0.803361 -0.5731 -1.04607e-06 
2.0102 0.606043 3.15363 -3.75967 -2.0102 2.42256e-06 
-1.02923 -0.248264 -1.74366 1.99193 1.02923 2.52182e-06 
-2.63087 -0.99619 -4.31965 5.31584 2.63087 4.00806e-07 
-2.27279 -0.833434 -3.69958 4.53302 2.27279 -5.01598e-07 
0.667108 0.426813 1.09333 -1.52014 -0.667108 -4.10029e-07 
2.02515 1.05604 3.3261 -4.38214 -2.02515 -4.10381e-07 
1.99495 1.04093 3.28807 -4.329 -1.99495 -3.48012e-07 
1.18359 0.663347 1.97132 -2.63467 -1.18359 -2.55368e-07 
0.0834554 0.151896 0.180535 -0.332432 -0.0834554 -1.58766e-07 
-0.927712 -0.318044 -1.46701 1.78505 0.927712 -7.83954e-08 
-1.59001 -0.625806 -2.54657 3.17237 1.59001 -2.81821e-08 
0.113159 0.0451522 0.181472 -0.226624 -0.113159 1.12287e-09 
0.114345 0.0457035 0.183404 -0.229107 -0.114345 1.01902e-09 
0.117128 0.0469969 0.187935 -0.234932 -0.117128 7.71303e-10 
0.121299 0.0489362 0.194728 -0.243664 -0.121299 3.87842e-10 
0.126532 0.0513687 0.203243 -0.254612 -0.126532 -1.18498e-10 
0.132373 0.0540852 0.212746 -0.266831 -0.132373 -7.30091e-10 
0.138253 0.05682 0.222301 -0.279121 -0.138253 -1.42456e-09 
0.143476 0.0592511 0.230774 -0.290025 -0.143476 -2.17476e-09 
0.147228 0.0609998 0.236832 -0.297832 -0.147228 -2.94882e-09 
0.148572 0.0616314 0.238946 -0.300577 -0.148572 -3.71007e-09 
0.14645 0.0606543 0.235384 -0.296038 -0.14645 -4.41712e-09 
0.13968 0.0575207 0.224218 -0.281739 -0.13968 -5.0238e-09 
0.126962 0.0516262 0.203322 -0.254948 -0.126962 -5.47921e-09 
0.106873 0.0423102 0.170368 -0.212679 -0.106873 -5.72767e-09 
0.0778678 0.0288553 0.122834 -0.151689 -0.0778678 -5.70875e-09 
0.03828 0.0104881 0.0579942 -0.0684823 -0.03828 -5.35729e-09 
-0.0136782 -0.0136218 -0.0270719 0.0406937 0.0136782 -4.60332e-09 
-0.0799162 -0.0443607 -0.135486 0.179846 0.0799162 -3.37218e-09 
-0.162465 -0.0826717 -0.270566 0.353238 0.162465 -1.58439e-09 
-0.263477 -0.129554 -0.435831 0.565385 0.263477 8.44229e-10 
-0.385227 -0.186064 -0.634998 0.821062 0.385227 4.00265e-09 
-0.530111 -0.253314 -0.871982 1.1253 0.530111 7.98459e-09 
-0.700645 -0.332472 -1.1509 1.48337 0.700645 1.28885e-08 
-0.899469 -0.424764 -1.47606 1.90082 0.899469 1.88177e-08 
-1.12934 -0.531471 -1.85197 2.38344 1.12934 2.588e-08 
-1.39315 -0.653932 -2.28335 2.93729 1.39315 3.41883e-08 
-1.69389 -0.793541 -2.77511 3.56865 1.69389 4.386e-08 
-2.0347 -0.951749 -3.33235 4.2841 2.0347 5.50174e-08 
-2.41881 -1.13006 -3.96038 5.09044 2.41881 6.77875e-08 
-2.54926 -1.1901 -4.17569 5.36579 2.54926 6.61839e-08 
-2.07184 -0.961948 -3.39555 4.3575 2.07184 4.18771e-08 
-1.76084 -0.816532 -2.89106 3.70759 1.76084 2.02814e-08 
-1.43293 -0.66322 -2.35911 3.02233 1.43293 -2.39344e-09 
-1.08778 -0.501853 -1.79916 2.30101 1.08778 -2.61691e-08 
-0.725033 -0.332266 -1.21062 1.54289 0.725033 -5.10675e-08 
-0.344338 -0.154296 -0.592945 0.74724 0.344338 -7.71108e-08 
0.0546589 0.032223 0.0544566 -0.0866796 -0.0546589 -1.04321e-07 
0.472314 0.227457 0.732159 -0.959616 -0.472314 -1.32721e-07 
0.908986 0.431573 1.44075 -1.87232 -0.908986 -1.62333e-07 
1.36504 0.644742 2.18081 -2.82555 -1.36504 -1.9318e-07 
1.84083 0.867133 2.95294 -3.82007 -1.84083 -2.25284e-07 
2.33674 1.09892 3.75773 -4.85665 -2.33674 -2.5867e-07 
2.85313 1.34027 4.59579 -5.93606 -2.85313 -2.9336e-07 
2.75901 1.29571 4.44494 -5.74065 -2.75901 -2.17555e-07 
2.51446 1.18069 4.05051 -5.2312 -2.51446 -1.12699e-07 
2.31019 1.07687 3.6277 -4.70457 -2.31019 -1.62759e-07 
2.67722 1.24897 4.22008 -5.46904 -2.67722 4.16442e-08 
2.79684 1.30466 4.41341 -5.71807 -2.79684 3.68499e-07 
2.5863 1.20506 4.07424 -5.27929 -2.5863 8.47337e-07 
1.95521 0.907644 3.05678 -3.96442 -1.95521 1.51042e-06 
0.805552 0.366333 1.20292 -1.56925 -0.805552 2.39274e-06 
-0.968345 -0.468566 -1.65778 2.12635 0.968345 3.53201e-06 
-2.57133 -1.22314 -4.24272 5.46586 2.57133 4.16661e-06 
-1.85898 -0.918868 -3.39262 4.31149 1.85898 5.08814e-06 
-2.58397 -1.26372 -4.55852 5.82224 2.58397 2.97512e-06 
-2.07085 -1.02715 -3.72623 4.75338 2.07085 -3.53301e-06 
0.467882 0.16118 0.374723 -0.5359 -0.467882 -1.66775e-05 
2.87805 1.28833 4.26988 -5.55821 -2.87805 -2.52356e-05 
3.39516 1.37756 4.03782 -5.41538 -3.39516 -2.6872e-05 
-1.54509 -0.984038 -3.87763 4.86164 1.54509 4.25175e-05 
-0.497893 -0.53937 -2.1064 2.64577 0.497893 4.68123e-05 
4.0018 0.800759 0.995846 -1.79657 -4.0018 2.09914e-05 
3.31316 -0.182656 -1.03154 1.21415 -3.31316 -5.65413e-05 
3.34001 -0.74491 1.07279 -0.327834 -3.34001 1.72818e-05 
-1.87617 -1.57959 3.05494 -1.47572 1.87617 -0.000255864 
-3.91546 -0.685403 1.33831 -0.652717 3.91546 -3.94072e-05 
-4.0796 -0.472317 0.940545 -0.468007 4.0796 -0.000122374 
-8.0665 0.518019 -0.992902 0.474869 8.0665 -1.91399e-05 
-3.13299 -3.09825 6.05968 -2.96141 3.13299 -2.51581e-05 
0.837592 -1.34781 2.70843 -1.36066 -0.837592 -2.30011e-05 
0.087374 -1.84536 3.74598 -1.90052 -0.087374 2.51661e-06 
-0.0113239 -1.77846 3.67929 -1.90083 0.0113239 -3.64581e-05 
0.00022029 -1.68731 3.55304 -1.86576 -0.00022029 -8.78106e-05 
6.27319e-05 -1.4831 3.18668 -1.70344 -6.27319e-05 -0.000299652 
-0.000190547 1.8022 -3.55448 1.7528 0.000190547 0.00094461 
-5.80084e-05 1.83695 -3.68927 1.85245 5.80084e-05 0.000296053 
3.53806e-06 1.56853 -3.19716 1.62862 -3.53806e-06 -1.8002e-05 
2.70302e-07 0.953548 -1.90477 0.951231 -2.70302e-07 -1.66712e-06 
3.97504e-07 0.677232 -1.38449 0.707264 -3.97504e-07 -2.13074e-06 
-1.45613e-07 1.67579 -3.48336 1.80756 1.45613e-07 8.06434e-07 
-2.70948e-07 1.90623 -3.96771 2.06148 2.70948e-07 1.48424e-06 
-2.79304e-07 1.92159 -4 2.07841 2.79304e-07 1.52943e-06 
