1.13194 1.5976 -0.119028 -1.47857 -1.13194 3.55271e-15 
1.12436 1.58826 -0.120961 -1.4673 -1.12436 -1.85629e-10 
1.10161 1.56024 -0.126759 -1.43348 -1.10161 -7.42222e-10 
1.06372 1.51356 -0.136415 -1.37715 -1.06372 -1.66702e-09 
1.01079 1.44835 -0.149902 -1.29845 -1.01079 -2.94932e-09 
0.943055 1.3649 -0.167151 -1.19775 -0.943055 -4.56127e-09 
0.861041 1.26381 -0.188017 -1.07579 -0.861041 -6.44505e-09 
0.765674 1.1462 -0.212239 -0.933957 -0.765674 -8.49632e-09 
0.658474 1.01386 -0.239388 -0.77447 -0.658474 -1.05441e-08 
0.541771 0.869564 -0.26881 -0.600754 -0.541771 -1.23267e-08 
0.418944 0.717328 -0.299555 -0.417773 -0.418944 -1.34645e-08 
0.294701 0.562742 -0.330298 -0.232444 -0.294701 -1.34284e-08 
0.175389 0.413345 -0.359255 -0.0540898 -0.175389 -1.15054e-08 
0.0693381 0.27903 -0.384082 0.105052 -0.0693381 -6.75936e-09 
-0.012779 0.172476 -0.40178 0.229304 0.012779 2.00618e-09 
-0.0627304 0.103568 -0.410097 0.306529 0.0627304 1.54987e-08 
-0.078418 0.0761647 -0.409262 0.333097 0.078418 3.12295e-08 
-0.0613279 0.0920275 -0.401802 0.309774 0.0613279 4.1998e-08 
-0.0247877 0.140995 -0.394856 0.253861 0.0247877 3.49998e-08 
0.00178822 0.196521 -0.401723 0.205202 -0.00178822 -9.81902e-09 
-0.00859926 0.227935 -0.43399 0.206055 0.00859926 -1.03867e-07 
-0.030935 0.241 -0.48088 0.23988 0.030935 -2.15299e-07 
-0.0332133 0.251539 -0.529831 0.278292 0.0332133 -3.13448e-07 
0.0102794 0.272572 -0.570626 0.298054 -0.0102794 -3.73744e-07 
0.106485 0.309437 -0.597892 0.288455 -0.106485 -3.85262e-07 
0.228104 0.353895 -0.614301 0.260406 -0.228104 -3.60447e-07 
0.348082 0.397391 -0.62319 0.2258 -0.348082 -3.12964e-07 
0.445057 0.433171 -0.627335 0.194164 -0.445057 -2.54079e-07 
0.503246 0.456253 -0.628978 0.172725 -0.503246 -1.92847e-07 
0.522795 0.466851 -0.629352 0.162501 -0.522795 -1.33518e-07 
0.507091 0.467298 -0.628465 0.161167 -0.507091 -6.61095e-08 
0.451044 0.456062 -0.625896 0.169833 -0.451044 -9.6254e-09 
0.386111 0.442854 -0.622134 0.17928 -0.386111 -1.06218e-08 
0.356895 0.44205 -0.618715 0.176665 -0.356895 -7.16286e-08 
0.387741 0.462888 -0.617844 0.154956 -0.387741 -1.00535e-07 
0.469885 0.508641 -0.630089 0.121448 -0.469885 -4.26194e-08 
0.532323 0.568773 -0.679507 0.110734 -0.532323 1.34062e-08 
0.544841 0.635985 -0.771039 0.135054 -0.544841 1.24602e-08 
0.554225 0.710123 -0.87621 0.166086 -0.554225 -1.71362e-08 
0.569643 0.781527 -0.953691 0.172164 -0.569643 -5.31025e-08 
0.554802 0.832681 -0.969224 0.136543 -0.554802 -6.34808e-08 
0.59465 0.882039 -1.00459 0.122554 -0.59465 1.00666e-08 
0.637846 0.92578 -1.04009 0.114313 -0.637846 -1.78284e-07 
0.713175 1.01674 -1.09932 0.0825792 -0.713175 -1.82334e-07 
0.765121 1.08362 -1.13682 0.0532043 -0.765121 -7.72693e-08 
0.811498 1.14817 -1.16595 0.0177832 -0.811498 -1.71317e-07 
0.840199 1.19022 -1.18172 -0.00850289 -0.840199 -3.36088e-08 
0.877744 1.24864 -1.19599 -0.0526452 -0.877744 -3.85097e-08 
0.904947 1.29187 -1.20424 -0.0876226 -0.904947 -8.1143e-08 
0.92954 1.33276 -1.20599 -0.126767 -0.92954 1.32562e-08 
0.972473 1.40552 -1.19841 -0.207107 -0.972473 -1.09937e-07 
1.02392 1.49272 -1.15935 -0.333376 -1.02392 -2.41699e-08 
1.06929 1.5626 -1.08097 -0.481629 -1.06929 -1.04642e-07 
1.10683 1.60495 -0.962788 -0.642163 -1.10683 -8.51864e-08 
1.13696 1.61519 -0.80529 -0.809897 -1.13696 -1.32862e-07 
1.15832 1.59376 -0.628832 -0.96493 -1.15832 8.66115e-09 
1.17014 1.55906 -0.476269 -1.0828 -1.17014 -1.28266e-07 
1.1787 1.51202 -0.343692 -1.16833 -1.1787 -1.35354e-08 
1.17723 1.49377 -0.224966 -1.2688 -1.17723 -2.5027e-08 
1.17199 1.4936 -0.146121 -1.34748 -1.17199 -7.98011e-08 
1.1672 1.49997 -0.114505 -1.38546 -1.1672 -9.54411e-08 
1.16058 1.51536 -0.113182 -1.40217 -1.16058 -6.34078e-08 
1.15104 1.54357 -0.135969 -1.4076 -1.15104 -3.31082e-09 
1.13901 1.5792 -0.134216 -1.44498 -1.13901 -2.42445e-09 
1.13095 1.59923 -0.115813 -1.48341 -1.13095 1.30802e-08 
1.13121 1.59615 -0.114651 -1.4815 -1.13121 4.7795e-08 
1.13272 1.61139 -0.132247 -1.47915 -1.13272 -2.45533e-07 
1.13158 1.62224 -0.126809 -1.49543 -1.13158 -6.15207e-07 
1.13029 1.61126 -0.10483 -1.50643 -1.13029 -6.52346e-07 
1.13475 1.64612 -0.177289 -1.46883 -1.13475 -4.94139e-07 
1.14292 1.68872 -0.262291 -1.42643 -1.14292 -2.99097e-07 
1.14974 1.67037 -0.229882 -1.44049 -1.14974 -1.50368e-07 
1.15386 1.60175 -0.101048 -1.50071 -1.15386 -6.4215e-08 
1.15646 1.51912 0.0545898 -1.57371 -1.15646 -1.53468e-08 
1.15822 1.43764 0.207876 -1.64552 -1.15822 9.15256e-09 
1.15937 1.36773 0.339001 -1.70673 -1.15937 1.48559e-08 
1.16007 1.31361 0.439988 -1.7536 -1.16007 7.51109e-09 
1.16049 1.27537 0.510838 -1.78621 -1.16049 -7.33033e-09 
1.16072 1.25 0.557421 -1.80743 -1.16072 -2.43381e-08 
1.16084 1.23403 0.586556 -1.82058 -1.16084 -3.92274e-08 
1.16091 1.22516 0.602628 -1.82779 -1.16091 -4.92867e-08 
1.16093 1.22217 0.608048 -1.83021 -1.16093 -5.30299e-08 
1.161 1.21244 0.625567 -1.83801 -1.161 -6.65359e-08 
1.16118 1.18657 0.671654 -1.85823 -1.16118 -1.16141e-07 
1.16161 1.15736 0.722503 -1.87986 -1.16161 -2.16438e-07 
1.16323 1.13263 0.76599 -1.89862 -1.16323 -3.74247e-07 
1.16815 1.10447 0.822359 -1.92683 -1.16815 -5.56744e-07 
1.17803 1.06323 0.909755 -1.97298 -1.17803 -5.07899e-07 
1.19246 1.00581 1.02636 -2.03218 -1.19246 -1.97857e-07 
1.21006 0.948809 1.14273 -2.09154 -1.21006 -1.28306e-07 
1.22655 0.903755 1.23424 -2.138 -1.22655 -9.86392e-08 
1.24022 0.870555 1.30153 -2.17208 -1.24022 -5.68779e-08 
1.26733 0.815808 1.41206 -2.22787 -1.26733 -1.03132e-08 
1.29069 0.774399 1.49543 -2.26983 -1.29069 7.97039e-09 
1.32157 0.729481 1.58542 -2.3149 -1.32157 -3.7085e-08 
1.36217 0.680835 1.68196 -2.36279 -1.36217 -4.13154e-08 
1.39525 0.650473 1.74621 -2.39668 -1.39525 7.41865e-09 
1.40152 0.643914 1.75743 -2.40134 -1.40152 4.13367e-09 
1.40311 0.641823 1.76022 -2.40204 -1.40311 6.39227e-10 
1.40614 0.636929 1.76551 -2.40244 -1.40614 -1.17103e-08 
1.41092 0.629404 1.77346 -2.40287 -1.41092 -3.84875e-08 
1.42236 0.62158 1.79162 -2.4132 -1.42236 -7.33733e-08 
1.44839 0.618919 1.83254 -2.45145 -1.44839 -8.44335e-08 
1.46644 0.61474 1.85975 -2.47449 -1.46644 -6.90515e-08 
1.45941 0.601211 1.8458 -2.44701 -1.45941 -4.85728e-08 
1.43267 0.580332 1.79961 -2.37994 -1.43267 -3.14535e-08 
1.41092 0.562969 1.76163 -2.3246 -1.41092 -1.84186e-08 
1.40857 0.555787 1.75551 -2.31129 -1.40857 -9.49823e-09 
1.42583 0.55887 1.7817 -2.34057 -1.42583 -4.08644e-09 
1.45486 0.568578 1.82752 -2.3961 -1.45486 -1.26476e-09 
1.48482 0.579867 1.87531 -2.45517 -1.48482 -6.9282e-11 
1.50558 0.588028 1.90855 -2.49658 -1.50558 3.07678e-10 
1.51105 0.590205 1.91732 -2.50752 -1.51105 3.68569e-10 
1.51186 0.590529 1.91862 -2.50915 -1.51186 3.76509e-10 
1.51383 0.591318 1.92179 -2.51311 -1.51383 3.94674e-10 
1.517 0.592585 1.92687 -2.51945 -1.517 4.20557e-10 
1.5214 0.594349 1.93392 -2.52827 -1.5214 4.50274e-10 
1.52708 0.596635 1.94304 -2.53968 -1.52708 4.78698e-10 
1.53411 0.59947 1.95433 -2.5538 -1.53411 4.99638e-10 
1.54254 0.602882 1.96786 -2.57075 -1.54254 5.06065e-10 
1.55243 0.606895 1.98374 -2.59064 -1.55243 4.90388e-10 
1.56381 0.611527 2.00203 -2.61355 -1.56381 4.44777e-10 
1.57669 0.616783 2.02273 -2.63951 -1.57669 3.61537e-10 
1.59106 0.622653 2.04581 -2.66847 -1.59106 2.33527e-10 
1.60684 0.629105 2.07117 -2.70028 -1.60684 5.46299e-11 
1.62391 0.636078 2.09858 -2.73466 -1.62391 -1.79732e-10 
1.64205 0.643477 2.12771 -2.77119 -1.64205 -4.7203e-10 
1.66098 0.651166 2.15807 -2.80923 -1.66098 -8.22018e-10 
1.68028 0.658956 2.189 -2.84796 -1.68028 -1.22607e-09 
1.69943 0.666602 2.21964 -2.88624 -1.69943 -1.67646e-09 
1.71776 0.673791 2.24888 -2.92267 -1.71776 -2.16062e-09 
1.73442 0.680133 2.27534 -2.95548 -1.73442 -2.66033e-09 
1.74839 0.685152 2.29735 -2.98251 -1.74839 -3.15085e-09 
1.75842 0.688272 2.31289 -3.00116 -1.75842 -3.60003e-09 
1.76306 0.68881 2.31953 -3.00834 -1.76306 -3.96734e-09 
1.76055 0.68596 2.31444 -3.0004 -1.76055 -4.20291e-09 
1.74888 0.678785 2.29433 -2.97311 -1.74888 -4.24644e-09 
1.72572 0.6662 2.25536 -2.92156 -1.72572 -4.0261e-09 
1.68838 0.646959 2.19315 -2.84011 -1.68838 -3.45745e-09 
1.6338 0.619645 2.1027 -2.72235 -1.6338 -2.44215e-09 
1.55852 0.582649 1.97836 -2.56101 -1.55852 -8.66798e-10 
1.45881 0.534236 1.81401 -2.34824 -1.45881 1.38958e-09 
1.33334 0.473799 1.60746 -2.08126 -1.33334 4.31095e-09 
1.18569 0.403038 1.36454 -1.76758 -1.18569 7.6836e-09 
1.02016 0.323992 1.09229 -1.41628 -1.02016 1.12613e-08 
0.840104 0.238218 0.796102 -1.03432 -0.840104 1.48137e-08 
0.649013 0.147355 0.48167 -0.629026 -0.649013 1.80995e-08 
0.450575 0.0531252 0.15497 -0.208095 -0.450575 2.08657e-08 
0.248656 -0.0426644 -0.177727 0.220391 -0.248656 2.28479e-08 
0.0473079 -0.138119 -0.509844 0.647964 -0.0473079 2.37698e-08 
-0.149228 -0.231257 -0.834501 1.06576 0.149228 2.33429e-08 
-0.336517 -0.320005 -1.1445 1.46451 0.336517 2.12665e-08 
-0.509928 -0.402197 -1.43233 1.83453 0.509928 1.72273e-08 
-0.664629 -0.475577 -1.69014 2.16572 0.664629 1.08994e-08 
-0.795583 -0.537789 -1.90977 2.44756 0.795583 1.94364e-09 
-0.898256 -0.586714 -2.08385 2.67056 0.898256 -9.86679e-09 
-0.97293 -0.62249 -2.21281 2.83531 0.97293 -2.38811e-08 
-1.02364 -0.647043 -2.30354 2.95059 1.02364 -3.96858e-08 
-1.05098 -0.660704 -2.35758 3.01828 1.05098 -5.70497e-08 
-1.05134 -0.66178 -2.36909 3.03087 1.05134 -7.38872e-08 
-1.02358 -0.649739 -2.33624 2.98598 1.02358 -8.68543e-08 
-0.969917 -0.625628 -2.26259 2.88822 0.969917 -9.10611e-08 
-0.896835 -0.592506 -2.15861 2.75112 0.896835 -7.97446e-08 
-0.8161 -0.555913 -2.04327 2.59918 0.8161 -4.39134e-08 
-0.745667 -0.524298 -1.94551 2.46981 0.745667 2.78982e-08 
-0.699885 -0.504417 -1.88848 2.3929 0.699885 1.40383e-07 
-0.677644 -0.495919 -1.87196 2.36788 0.677644 2.93865e-07 
-0.680601 -0.499765 -1.90004 2.39981 0.680601 4.73855e-07 
-0.702879 -0.513238 -1.96321 2.47645 0.702879 6.1237e-07 
-0.718974 -0.524402 -2.02026 2.54466 0.718974 5.78469e-07 
-0.706284 -0.52299 -2.03704 2.56003 0.706284 2.78074e-07 
-0.664212 -0.509915 -2.02035 2.53026 0.664212 -2.32935e-07 
-0.626625 -0.501572 -2.02493 2.52651 0.626625 -4.34715e-07 
-0.591192 -0.497349 -2.04621 2.54356 0.591192 -2.04808e-07 
-0.52932 -0.488608 -2.05892 2.54752 0.52932 3.3865e-08 
-0.434441 -0.480893 -2.07453 2.55542 0.434441 -2.20323e-08 
-0.301767 -0.480315 -2.0757 2.55602 0.301767 2.48703e-09 
-0.171882 -0.493539 -2.05023 2.54377 0.171882 1.04238e-08 
-0.0788937 -0.513741 -2.01116 2.52491 0.0788937 6.36638e-09 
-0.0138591 -0.533068 -1.97363 2.5067 0.0138591 -5.96622e-08 
0.00298378 -0.546918 -1.94663 2.49355 -0.00298378 -1.928e-09 
-0.000548766 -0.581687 -1.87858 2.46027 0.000548766 -1.42211e-08 
-3.67395e-05 -0.632748 -1.77794 2.41069 3.67395e-05 -8.28917e-08 
1.12505e-06 -0.702357 -1.63965 2.342 -1.12505e-06 -2.11447e-08 
-2.29218e-08 -0.790761 -1.46253 2.25329 2.29218e-08 -1.6709e-08 
-4.10625e-09 -0.897325 -1.24728 2.14461 4.10625e-09 -3.98397e-09 
5.13403e-08 -1.0097 -1.0186 2.0283 -5.13403e-08 -2.77602e-07 
4.0815e-08 -1.10448 -0.824528 1.92901 -4.0815e-08 -2.32947e-07 
-9.3374e-09 -1.18273 -0.663507 1.84624 9.3374e-09 2.53106e-08 
-3.83953e-09 -1.2469 -0.530994 1.7779 3.83953e-09 -1.91752e-09 
-2.84811e-09 -1.30046 -0.419864 1.72033 2.84811e-09 -7.90146e-09 
2.36167e-09 -1.34579 -0.325585 1.67137 -2.36167e-09 -3.65572e-08 
6.43784e-09 -1.37473 -0.265346 1.64008 -6.43784e-09 -5.88899e-08 
7.85313e-09 -1.38448 -0.245048 1.62953 -7.85313e-09 -6.664e-08 
