-0 -0 -0 0 0 -0 
-0.150514 -0.185404 -0.0383617 0.223766 0.150514 -3.68407e-09 
-0.300947 -0.370711 -0.0767007 0.447412 0.300947 -7.35903e-09 
-0.450893 -0.555441 -0.114903 0.670344 0.450893 -1.09793e-08 
-0.599299 -0.738342 -0.152672 0.891013 0.599299 -1.44266e-08 
-0.744138 -0.917005 -0.189438 1.10644 0.744138 -1.7473e-08 
-0.882087 -1.08748 -0.224266 1.31175 0.882087 -1.97453e-08 
-1.0082 -1.24391 -0.255765 1.49967 1.0082 -2.06877e-08 
-1.11559 -1.37809 -0.281998 1.66008 1.11559 -1.9526e-08 
-1.19508 -1.47914 -0.300388 1.77953 1.19508 -1.52309e-08 
-1.23494 -1.53311 -0.30763 1.84074 1.23494 -6.48173e-09 
-1.22048 -1.52257 -0.299597 1.82217 1.22048 8.3702e-09 
-1.1338 -1.42624 -0.27125 1.69749 1.1338 3.13379e-08 
-0.953395 -1.2186 -0.216548 1.43515 0.953395 6.48351e-08 
-0.656371 -0.872236 -0.129172 1.00141 0.656371 1.11023e-07 
-0.330921 -0.488405 -0.0360179 0.524422 0.330921 1.53017e-07 
0.017838 -0.0517613 0.0486592 0.00310206 -0.017838 1.47512e-07 
0.300006 0.350514 0.0878517 -0.438366 -0.300006 4.53131e-08 
0.377272 0.578199 0.0282684 -0.606468 -0.377272 -2.17107e-07 
0.0753964 0.451491 -0.196611 -0.25488 -0.0753964 -7.15737e-07 
-0.220686 0.192489 -0.415737 0.223248 0.220686 -1.07617e-06 
-0.169726 0.0932077 -0.49426 0.401053 0.169726 -1.08522e-06 
0.166997 0.137466 -0.460394 0.322928 -0.166997 -8.22173e-07 
0.723845 0.295001 -0.336973 0.041972 -0.723845 -3.46167e-07 
1.13053 0.419241 -0.210695 -0.208546 -1.13053 9.06735e-08 
1.2386 0.449008 -0.120489 -0.328519 -1.2386 3.79264e-07 
1.10738 0.403111 -0.0605198 -0.342591 -1.10738 5.44535e-07 
0.790561 0.298579 -0.025474 -0.273106 -0.790561 6.0916e-07 
0.364431 0.159603 -0.00917389 -0.150429 -0.364431 5.95948e-07 
0.0396837 0.0600675 0.00158476 -0.0616524 -0.0396837 6.29754e-07 
-0.368326 -0.0569819 0.0169333 0.0400486 0.368326 6.71319e-07 
-0.692794 -0.150267 0.0333219 0.116946 0.692794 3.68899e-07 
-0.517911 -0.0864031 0.0389446 0.0474586 0.517911 -4.08191e-07 
-0.0271299 0.0842564 0.0256635 -0.10992 0.0271299 -6.43147e-07 
0.648897 0.340528 -0.0209971 -0.319531 -0.648897 2.25809e-07 
0.84685 0.545163 -0.264287 -0.280875 -0.84685 7.45622e-07 
0.31846 0.632006 -0.731852 0.0998463 -0.31846 2.48243e-07 
0.0149229 0.709829 -1.04693 0.3371 -0.0149229 -2.14296e-07 
0.194336 0.741058 -0.966826 0.225768 -0.194336 -3.30671e-07 
-0.02388 0.620428 -0.444963 -0.175465 0.02388 -3.69701e-07 
-0.0161394 0.455862 -0.0949434 -0.360918 0.0161394 4.49135e-07 
0.567513 0.459692 -0.451355 -0.00833668 -0.567513 -1.25871e-07 
0.479235 0.590926 -0.3934 -0.197527 -0.479235 -2.06695e-06 
0.835982 1.00874 -0.641398 -0.367342 -0.835982 1.32399e-06 
0.420685 0.576518 -0.280765 -0.295755 -0.420685 6.27965e-07 
0.373522 0.540212 -0.213441 -0.326769 -0.373522 -1.39123e-06 
0.30298 0.459474 -0.138382 -0.321092 -0.30298 1.87433e-06 
0.34405 0.542052 -0.116645 -0.425407 -0.34405 -8.80963e-07 
0.251685 0.406315 -0.0585782 -0.347738 -0.251685 4.22131e-07 
0.351337 0.586853 -0.00532979 -0.581522 -0.351337 -1.65623e-07 
0.503627 0.861666 0.199995 -1.06166 -0.503627 -2.23807e-06 
0.488312 0.806073 0.580316 -1.38639 -0.488312 -9.41086e-08 
0.410905 0.56645 0.975401 -1.54185 -0.410905 -8.92892e-07 
0.334915 0.266841 1.36906 -1.6359 -0.334915 1.39166e-06 
0.263884 -0.0697864 1.753 -1.68322 -0.263884 -1.09838e-06 
0.159154 -0.318667 1.636 -1.31733 -0.159154 -7.02844e-07 
0.107273 -0.456356 1.38822 -0.931863 -0.107273 1.28734e-07 
0.0316446 -0.327085 1.21798 -0.890894 -0.0316446 7.34814e-07 
-0.0460887 -0.0655236 1.05671 -0.99119 0.0460887 -6.15013e-07 
-0.0503149 0.0410124 0.502157 -0.54317 0.0503149 -3.58876e-07 
-0.0541363 0.0983938 0.180185 -0.278579 0.0541363 5.19063e-08 
-0.0784565 0.213234 -0.154194 -0.0590394 0.0784565 5.62269e-07 
-0.113266 0.345442 -0.187156 -0.158286 0.113266 4.16281e-07 
-0.113922 0.322952 0.170339 -0.493292 0.113922 -1.87152e-07 
-0.0328338 0.0353047 0.120104 -0.155409 0.0328338 6.964e-07 
0.023069 -0.00538567 -0.0989647 0.10435 -0.023069 -7.67693e-07 
0.00220694 0.240203 -0.162765 -0.0774386 -0.00220694 -4.35554e-06 
-0.0237346 -0.108582 0.335695 -0.227114 0.0237346 -2.06394e-06 
0.00992407 0.0415801 -0.137551 0.095971 -0.00992407 9.19483e-07 
0.0740899 0.566916 -1.12841 0.561492 -0.0740899 1.96044e-06 
0.0794103 0.162264 -0.339333 0.17707 -0.0794103 1.77792e-06 
0.0538094 -0.510564 0.951321 -0.440757 -0.0538094 1.14975e-06 
0.0309578 -0.771482 1.45251 -0.681024 -0.0309578 6.22991e-07 
0.0212457 -0.837714 1.57749 -0.739779 -0.0212457 3.55173e-07 
0.0140768 -0.762551 1.43277 -0.670219 -0.0140768 1.40359e-07 
0.00892665 -0.618367 1.15715 -0.538778 -0.00892665 -1.75932e-08 
0.00535367 -0.455761 0.847588 -0.391827 -0.00535367 -1.18972e-07 
0.0030143 -0.308815 0.569409 -0.260594 -0.0030143 -1.66557e-07 
0.00167865 -0.200411 0.366536 -0.166125 -0.00167865 -1.63932e-07 
0.000911368 -0.120436 0.218855 -0.0984189 -0.000911368 -1.27157e-07 
0.000413609 -0.0575065 0.104066 -0.0465592 -0.000413609 -7.00725e-08 
1.88753e-05 -0.00266356 0.00481275 -0.00214918 -1.88753e-05 -3.40906e-09 
0.00133058 -0.19409 0.34881 -0.15472 -0.00133058 -2.92344e-07 
0.00244417 -0.29603 0.522143 -0.226113 -0.00244417 -7.18911e-07 
0.00738614 -0.267395 0.459871 -0.192475 -0.00738614 -1.2875e-06 
0.0291711 -0.246253 0.458484 -0.212231 -0.0291711 -1.80187e-06 
0.0750783 -0.340287 0.717767 -0.377481 -0.0750783 -1.63244e-06 
0.111397 -0.471732 0.972246 -0.500515 -0.111397 3.70082e-06 
0.181589 -0.643582 1.31623 -0.67265 -0.181589 -1.07009e-06 
0.173139 -0.508474 1.03309 -0.524616 -0.173139 1.89018e-06 
0.127359 -0.340347 0.691242 -0.350894 -0.127359 -8.44997e-08 
0.20545 -0.440912 0.891313 -0.450401 -0.20545 5.87141e-07 
0.290236 -0.563477 1.13672 -0.573237 -0.290236 3.7537e-07 
0.191079 -0.28496 0.571529 -0.286569 -0.191079 -3.85176e-07 
0.388421 -0.517897 1.03402 -0.516127 -0.388421 1.52547e-06 
0.375018 -0.418617 0.80238 -0.383762 -0.375018 2.33094e-07 
0.193785 -0.177718 0.34985 -0.172132 -0.193785 6.43029e-08 
0.00628752 -0.00778398 0.0111388 -0.00335482 -0.00628752 -1.08073e-08 
0.0240962 -0.0341441 0.0424407 -0.00829663 -0.0240962 -6.66996e-08 
0.0360019 -0.0629822 0.0618553 0.00112686 -0.0360019 -1.89586e-07 
0.0660392 -0.0829565 0.106924 -0.023968 -0.0660392 -3.34601e-07 
0.184889 -0.0610965 0.291382 -0.230286 -0.184889 -3.00246e-07 
0.268551 -0.0114186 0.41873 -0.407312 -0.268551 6.75781e-08 
0.0630085 -0.0839369 0.0787544 0.00518235 -0.0630085 2.02254e-07 
-0.196086 -0.181711 -0.344886 0.526598 0.196086 1.89171e-07 
-0.279553 -0.207792 -0.481525 0.689317 0.279553 1.50362e-07 
-0.129392 -0.126342 -0.235119 0.361461 0.129392 1.08346e-07 
0.0820945 -0.0165403 0.112753 -0.0962126 -0.0820945 6.97536e-08 
0.246562 0.0713323 0.38482 -0.456152 -0.246562 3.92178e-08 
0.311065 0.112714 0.494342 -0.607056 -0.311065 1.84126e-08 
0.266498 0.1034 0.426226 -0.529626 -0.266498 6.66788e-09 
0.134286 0.0533549 0.215266 -0.268621 -0.134286 1.66251e-09 
0.0023475 0.000936658 0.00376466 -0.00470131 -0.0023475 2.33424e-11 
0.0137964 0.00550796 0.0221263 -0.0276342 -0.0137964 1.32491e-10 
0.0254464 0.0101728 0.0408155 -0.0509883 -0.0254464 2.23878e-10 
0.0374492 0.0150015 0.0600791 -0.0750806 -0.0374492 2.83375e-10 
0.049929 0.0200521 0.0801192 -0.100171 -0.049929 2.97911e-10 
0.0629711 0.025364 0.101074 -0.126438 -0.0629711 2.55952e-10 
0.076609 0.0309531 0.122998 -0.153951 -0.076609 1.47979e-10 
0.0908128 0.0368054 0.145841 -0.182646 -0.0908128 -3.30322e-11 
0.105476 0.0428718 0.169428 -0.212299 -0.105476 -2.91131e-10 
0.120405 0.0490619 0.19344 -0.242502 -0.120405 -6.26915e-10 
0.135303 0.055239 0.217395 -0.272634 -0.135303 -1.03705e-09 
0.149764 0.0612139 0.240624 -0.301838 -0.149764 -1.51378e-09 
0.163255 0.0667391 0.262257 -0.328996 -0.163255 -2.04447e-09 
0.175105 0.0715038 0.281197 -0.352701 -0.175105 -2.61112e-09 
0.184495 0.0751274 0.296104 -0.371231 -0.184495 -3.18985e-09 
0.190443 0.0771544 0.305372 -0.382526 -0.190443 -3.7505e-09 
0.191794 0.0770484 0.307113 -0.384161 -0.191794 -4.25605e-09 
0.187207 0.0741864 0.299132 -0.373318 -0.187207 -4.66223e-09 
0.17514 0.0678536 0.278911 -0.346765 -0.17514 -4.91699e-09 
0.153843 0.0572368 0.243588 -0.300825 -0.153843 -4.96003e-09 
0.121342 0.0414198 0.189935 -0.231355 -0.121342 -4.72234e-09 
0.0754274 0.0193766 0.11434 -0.133717 -0.0754274 -4.12568e-09 
0.0136418 -0.0100333 0.0127867 -0.00275336 -0.0136418 -3.08215e-09 
-0.0667314 -0.0480712 -0.119166 0.167237 0.0667314 -1.49368e-09 
-0.168681 -0.0961247 -0.286404 0.382529 0.168681 7.48438e-10 
-0.29548 -0.155713 -0.494277 0.64999 0.29548 3.76404e-09 
-0.450698 -0.228495 -0.748621 0.977115 0.450698 7.68457e-09 
-0.638214 -0.316269 -1.05577 1.37204 0.638214 1.26535e-08 
-0.862227 -0.420986 -1.4226 1.84359 0.862227 1.8827e-08 
-1.11872 -0.540765 -1.84258 2.38335 1.11872 2.59149e-08 
-1.36604 -0.656141 -2.24789 2.90403 1.36604 3.17169e-08 
-1.55929 -0.745816 -2.56487 3.31069 1.55929 3.48577e-08 
-1.72035 -0.82044 -2.82964 3.65008 1.72035 3.57682e-08 
-1.84751 -0.879211 -3.03939 3.9186 1.84751 3.43384e-08 
-1.93899 -0.921308 -3.19128 4.11259 1.93899 3.04563e-08 
-1.99303 -0.945895 -3.2824 4.2283 1.99303 2.40077e-08 
-2.00778 -0.952118 -3.30978 4.2619 2.00778 1.48762e-08 
-1.98138 -0.939108 -3.27041 4.20952 1.98138 2.94281e-09 
-1.91195 -0.905978 -3.16119 4.06716 1.91195 -1.19133e-08 
-1.79754 -0.851824 -2.97898 3.8308 1.79754 -2.98154e-08 
-1.63617 -0.775726 -2.72059 3.49631 1.63617 -5.08891e-08 
-1.42586 -0.676746 -2.38275 3.05949 1.42586 -7.52624e-08 
-1.16454 -0.553928 -1.96213 2.51606 1.16454 -1.03066e-07 
-0.87599 -0.418407 -1.49725 1.91566 0.87599 -1.29852e-07 
-0.610178 -0.293583 -1.06904 1.36262 0.610178 -1.46531e-07 
-0.394746 -0.193117 -0.730326 0.923442 0.394746 -1.67092e-07 
-0.141703 -0.0751051 -0.33209 0.407195 0.141703 -1.74106e-07 
0.136522 0.0546954 0.106802 -0.161498 -0.136522 -1.54589e-07 
0.410893 0.182625 0.539519 -0.722144 -0.410893 -9.47362e-08 
0.64365 0.290923 0.905158 -1.19608 -0.64365 2.23701e-08 
0.787538 0.357364 1.1275 -1.48487 -0.787538 2.17037e-07 
0.785041 0.354897 1.11379 -1.46869 -0.785041 5.13233e-07 
0.582118 0.258103 0.776848 -1.03495 -0.582118 9.2606e-07 
0.330179 0.138123 0.360356 -0.498479 -0.330179 1.2882e-06 
0.0988683 0.0246551 -0.0522922 0.0276374 -0.0988683 1.723e-06 
-0.14916 -0.0971099 -0.491498 0.588608 0.14916 1.74061e-06 
-0.250604 -0.150459 -0.69373 0.84419 0.250604 7.88468e-07 
-0.0249138 -0.0505669 -0.367615 0.418183 0.0249138 -1.62101e-06 
0.291634 0.0821971 0.0342716 -0.116468 -0.291634 -4.45898e-06 
0.46231 0.138535 0.167091 -0.305627 -0.46231 -4.53807e-06 
0.30688 0.037166 -0.219369 0.182201 -0.30688 5.44647e-07 
0.445831 0.0671198 -0.132122 0.0650033 -0.445831 3.33093e-06 
0.748383 0.0826658 -0.173867 0.0912002 -0.748383 -4.4728e-07 
1.12901 0.0580771 -0.110764 0.0526908 -1.12901 9.76396e-07 
1.44419 -0.0653586 0.125442 -0.0600841 -1.44419 -9.05927e-07 
1.09707 -0.180121 0.347528 -0.167411 -1.09707 -7.36879e-07 
0.753886 -0.217985 0.422585 -0.204602 -0.753886 -1.1159e-06 
0.434105 -0.145025 0.282226 -0.1372 -0.434105 1.84144e-06 
0.0256561 -0.22152 0.432372 -0.210852 -0.0256561 -5.08623e-07 
0.027767 -0.417302 0.819386 -0.402085 -0.027767 1.20185e-06 
0.00279251 -0.595252 1.17753 -0.582279 -0.00279251 7.30589e-08 
1.86389e-05 -0.785301 1.56649 -0.781191 -1.86389e-05 1.39614e-06 
9.7872e-07 -0.968952 1.94907 -0.980111 -9.7872e-07 -1.77767e-06 
8.13599e-07 -1.14356 2.31877 -1.17521 -8.13599e-07 -3.9298e-06 
1.32419e-07 -1.02922 2.10169 -1.07247 -1.32419e-07 -5.64087e-07 
-3.47824e-07 -0.850993 1.74701 -0.896017 3.47824e-07 1.82359e-06 
1.49476e-07 -0.716574 1.47763 -0.761058 -1.49476e-07 -7.60767e-07 
-2.4978e-08 -0.579304 1.19909 -0.619781 2.4978e-08 1.31376e-07 
4.35153e-08 -0.505682 1.05111 -0.545424 -4.35153e-08 -2.41062e-07 
5.09023e-08 -0.377371 0.785339 -0.407967 -5.09023e-08 -2.791e-07 
2.79771e-08 -0.19333 0.402431 -0.209101 -2.79771e-08 -1.53211e-07 
-4.05921e-22 2.79271e-15 -5.81334e-15 3.02062e-15 4.05921e-22 2.22277e-21 
