-0.0578194 1.32094 -2.81037 1.48942 0.0578194 -2.64663e-06 
-0.516071 0.227855 -0.730229 0.502374 0.516071 6.20732e-08 
-2.30223 1.9956 -6.54433 4.54872 2.30223 1.04799e-05 
0.06941 -0.170165 0.137587 0.0325782 -0.06941 -1.45642e-06 
-1.53077 1.10964 -2.89291 1.78327 1.53077 -3.14826e-06 
-0.0700061 2.08487 -3.38362 1.29876 0.0700061 6.72358e-05 
0.0283195 0.00430985 0.122166 -0.126476 -0.0283195 -8.54432e-08 
-4.19822 -5.92144 -1.22119 7.14263 4.19822 5.61736e-06 
6.60427 0.521818 0.601369 -1.12319 -6.60427 8.60204e-06 
1.6681 1.163 -1.55979 0.396783 -1.6681 3.7129e-06 
-0.17462 -0.0600078 -0.338479 0.398487 0.17462 6.04701e-06 
1.37901 2.59345 0.443737 -3.0372 -1.37901 2.11245e-05 
-2.12384 -2.07651 -2.7611 4.83761 2.12384 4.34767e-06 
-1.22872 -1.29904 -0.267686 1.56673 1.22872 6.09217e-07 
-2.05522 0.16637 -0.938947 0.772577 2.05522 -2.65876e-06 
-0.413076 -0.786504 2.8268 -2.0403 0.413076 -4.14872e-06 
-0.591837 1.75378 -4.31958 2.5658 0.591837 5.20484e-07 
-0.658951 -2.18378 2.91173 -0.727975 0.658951 4.75868e-05 
0.199606 -1.43904 3.40432 -1.96528 -0.199606 8.75339e-06 
0.0736985 0.872211 -2.42513 1.55292 -0.0736985 7.58345e-06 
