-0 0 -0 0 0 -0 
0.365837 0.0610874 0.0735964 -0.134684 -0.365837 4.08677e-07 
0.170903 0.263967 -0.41296 0.148992 -0.170903 3.14013e-07 
0.14054 0.000721011 0.128581 -0.129302 -0.14054 4.85862e-07 
0.0505095 0.0546981 0.0302363 -0.0849343 -0.0505095 -1.91525e-07 
0.209276 0.0113151 0.251605 -0.262919 -0.209276 -1.54244e-06 
0.00307499 -3.74751e-05 0.0143997 -0.0143622 -0.00307499 -9.05058e-09 
-1.08046 -1.24148 -0.256325 1.4978 1.08046 -9.59083e-10 
0.28499 -0.00389435 0.295853 -0.291958 -0.28499 4.68659e-08 
0.208936 0.172351 -0.174153 0.00180107 -0.208936 5.47045e-07 
0.071514 -0.0248207 0.304612 -0.279791 -0.071514 3.26271e-07 
0.586274 0.846461 -0.311792 -0.534668 -0.586274 -4.40621e-06 
0.0293188 0.182518 -0.062502 -0.120016 -0.0293188 -3.23893e-07 
-0.585744 -0.682046 -0.166074 0.84812 0.585744 4.0034e-07 
-0.154887 0.216415 -0.438822 0.222408 0.154887 2.1533e-07 
0.180137 0.0292347 0.319173 -0.348408 -0.180137 -1.30763e-06 
0.0566845 0.0384364 0.244981 -0.283418 -0.0566845 1.59598e-06 
0.354555 0.457294 0.830642 -1.28793 -0.354555 -4.48171e-06 
0.0358764 -0.0996863 0.393329 -0.293643 -0.0358764 5.17138e-07 
1.81775e-16 2.15128e-15 -5.9815e-15 3.83022e-15 -1.81775e-16 1.87043e-20 
