0 0 0 0 0 0 
0.420277 0.356973 -0.480576 0.123602 -0.420277 -8.68175e-08 
0.486512 0.477557 -0.589682 0.112124 -0.486512 -2.29481e-07 
0.549365 0.787013 -0.929259 0.142247 -0.549365 -9.34374e-08 
0.657637 0.897045 -0.917601 0.0205565 -0.657637 4.81255e-09 
0.669319 0.989885 -0.949591 -0.0402939 -0.669319 -7.22439e-07 
1.08012 1.35198 -0.265557 -1.08643 -1.08012 1.21262e-07 
1.08559 1.54559 -0.129765 -1.41583 -1.08559 -1.00802e-06 
0.33602 0.352731 -0.517538 0.164807 -0.33602 -1.63875e-07 
0.446616 0.548944 -0.705151 0.156207 -0.446616 -1.41681e-07 
0.604211 0.844664 -0.934988 0.0903246 -0.604211 -2.53137e-07 
0.787887 1.1555 -1.09347 -0.0620287 -0.787887 -1.75812e-07 
1.14977 1.67424 -0.403087 -1.27115 -1.14977 -1.02983e-08 
0.0492075 0.246153 -0.385625 0.139472 -0.0492075 -3.98101e-07 
0.482129 0.399488 -0.525658 0.12617 -0.482129 4.22975e-08 
0.559254 0.724508 -0.900615 0.176106 -0.559254 -7.783e-08 
0.615768 0.841883 -0.880237 0.0383544 -0.615768 -8.76544e-08 
1.05201 1.48798 -0.969942 -0.518037 -1.05201 -7.07111e-08 
1.15323 1.53802 -0.419757 -1.11827 -1.15323 -2.11574e-07 
1.13194 1.5976 -0.119028 -1.47857 -1.13194 -1.0016e-06 
