-0 0 -0 0 0 -0 
-0.0283102 0.227385 -0.496991 0.269606 0.0283102 -4.54586e-07 
-0.0284306 0.407135 -0.875585 0.46845 0.0284306 -8.01343e-07 
0.133363 0.292236 -0.529824 0.237587 -0.133363 -4.88168e-07 
0.0413784 -0.0790013 0.192909 -0.113908 -0.0413784 1.7579e-07 
-1.02495 0.0404464 -0.7479 0.707454 1.02495 -6.14433e-07 
-0.667266 0.0589124 -0.590303 0.531391 0.667266 -1.65775e-07 
-0.00809474 0.00878192 -0.157377 0.148595 0.00809474 1.1417e-06 
0.380344 -0.133719 0.249643 -0.115924 -0.380344 3.48806e-06 
-0.0305085 0.257172 -0.58788 0.330708 0.0305085 1.57824e-06 
0.0694718 0.0368169 -0.124246 0.0874295 -0.0694718 -1.71009e-06 
0.129756 -0.00157267 -0.109918 0.111491 -0.129756 -2.31373e-06 
-0.0631756 0.313194 -0.665607 0.352412 0.0631756 -2.62909e-06 
0.132796 -0.0483919 0.00615427 0.0422376 -0.132796 4.17424e-07 
-0.125997 0.0674456 -0.301158 0.233712 0.125997 -1.35287e-06 
0.693896 0.171803 -0.117338 -0.0544644 -0.693896 5.12654e-06 
0.319222 0.0367759 -0.0464523 0.00967648 -0.319222 2.70445e-06 
-0.149126 0.0197249 -0.582666 0.56294 0.149126 -5.30462e-06 
-0.0105815 0.122309 -0.487023 0.364715 0.0105815 1.18527e-05 
-0.00192949 0.231595 -0.657772 0.426178 0.00192949 7.53039e-06 
1.31057e-05 0.425222 -1.29124 0.86602 -1.31057e-05 -1.08463e-06 
0.000166695 0.286564 -1.25315 0.966584 -0.000166695 1.63408e-05 
-0.0318468 0.0306129 -0.619773 0.589159 0.0318468 -5.09556e-06 
-0.165305 -0.185639 -0.215281 0.400919 0.165305 2.05414e-07 
-0.222294 -0.242803 -0.0832102 0.326013 0.222294 -2.84382e-06 
-0.0457279 -0.0465005 -0.0176055 0.064106 0.0457279 -6.13706e-07 
-0.0362377 0.0698563 -0.150326 0.0804706 0.0362377 -7.63764e-07 
0.0750197 -0.627805 -0.342784 0.970589 -0.0750197 2.46152e-06 
-0.0310862 -0.136539 0.0556396 0.0808991 0.0310862 5.31424e-07 
0.262785 -0.518294 -0.000192855 0.518486 -0.262785 -1.06889e-06 
0.135072 -0.479275 -0.0542232 0.533498 -0.135072 -8.87285e-07 
-0.0368491 -0.399005 0.087375 0.311631 0.0368491 1.35765e-06 
-0.00628311 -0.797171 0.236977 0.560195 0.00628311 1.91608e-06 
-0.000163896 -0.123637 0.0520316 0.0716053 0.000163896 -1.2129e-07 
7.54176e-05 -0.234114 0.410748 -0.176635 -7.54176e-05 -1.71539e-07 
-2.78314e-05 -0.179101 -0.0179195 0.197021 2.78314e-05 1.60956e-08 
3.31709e-06 -0.0577169 0.119369 -0.0616527 -3.31709e-06 1.65109e-07 
-3.06738e-06 -0.226274 0.161163 0.0651109 3.06738e-06 -5.7045e-07 
2.10029e-07 -0.119354 0.150151 -0.0307968 -2.10029e-07 -9.09618e-08 
-3.35998e-08 -0.0260752 0.0495247 -0.0234494 3.35998e-08 9.79998e-09 
-1.87152e-07 -0.14085 0.0739883 0.0668624 1.87152e-07 3.61814e-07 
5.39634e-08 -0.259075 -0.011485 0.27056 -5.39634e-08 -2.26247e-07 
7.06266e-08 -0.0468972 0.108586 -0.0616883 -7.06266e-08 -2.26152e-07 
-3.64427e-07 -0.32998 0.60662 -0.276644 3.64427e-07 1.21846e-06 
3.34023e-07 -0.643321 1.22381 -0.580501 -3.34023e-07 -1.28827e-06 
6.17373e-07 -0.944626 1.85699 -0.912366 -6.17373e-07 -2.6567e-06 
9.99317e-08 -0.851544 1.7158 -0.864257 -9.99317e-08 -4.62593e-07 
-2.60459e-08 -0.55015 1.12315 -0.573 2.60459e-08 1.46587e-07 
7.853e-08 -0.309429 0.636964 -0.327535 -7.853e-08 -4.25378e-07 
-2.5367e-22 8.94638e-16 -1.8427e-15 9.48064e-16 2.5367e-22 1.37497e-21 
