-0.0706291 -1.44573 3 -1.55427 0.0706291 -2.60585e-07 
0.284608 1.39611 -2.761 1.36489 -0.284608 1.06682e-06 
1.79311 0.88044 -0.724601 -0.155838 -1.79311 4.1533e-06 
2.77537 1.14091 -0.605125 -0.535784 -2.77537 3.4321e-06 
-3.02569 -0.684064 -0.10042 0.784484 3.02569 1.00357e-06 
2.99743 0.88092 0.22091 -1.10183 -2.99743 9.41652e-06 
0.63636 -0.152189 0.407364 -0.255175 -0.63636 -2.46193e-05 
0.35591 -1.70298 2.87349 -1.17052 -0.35591 -6.55997e-06 
0.0668323 -0.407926 1.02506 -0.617135 -0.0668323 6.50151e-07 
-0.0195682 1.53037 -3.34957 1.81921 0.0195682 -1.02391e-06 
-0.0651028 0.187235 -0.440361 0.253126 0.0651028 3.00477e-07 
0.0399112 1.34869 -2.77437 1.42568 -0.0399112 -1.79694e-07 
0.0569464 -1.82044 3.95003 -2.1296 -0.0569464 3.8816e-07 
0.156071 -1.52685 3.5068 -1.97995 -0.156071 4.48706e-07 
-0.148134 1.40083 -3.13845 1.73761 0.148134 -6.463e-09 
0.684108 0.881026 -0.258514 -0.622524 -0.684108 4.13009e-05 
1.68555 2.91749 2.44749 -5.36497 -1.68555 3.7253e-05 
-0.814989 -2.31255 -2.44701 4.75955 0.814989 -9.10233e-05 
0.0623593 0.348558 -3.13987 2.79132 -0.0623593 3.14824e-06 
0.839513 -2.29096 -2.02858 4.31955 -0.839513 2.09671e-06 
