1.13194 1.5976 -0.119028 -1.47857 -1.13194 3.55271e-15 
1.13507 1.6313 -0.141647 -1.48966 -1.13507 -5.28448e-07 
1.15563 1.6931 -0.306398 -1.3867 -1.15563 -8.41458e-08 
1.16112 1.79239 -0.60178 -1.19061 -1.16112 -8.37703e-08 
1.16689 1.88456 -0.824215 -1.06035 -1.16689 1.79707e-08 
1.19155 1.97392 -1.02077 -0.953153 -1.19155 -3.87202e-08 
1.22871 2.07288 -1.246 -0.826881 -1.22871 -4.23181e-10 
1.26652 2.1421 -1.40888 -0.73322 -1.26652 -2.15738e-09 
1.30214 2.19209 -1.52982 -0.662265 -1.30214 -3.84323e-08 
1.39002 2.27352 -1.73692 -0.536598 -1.39002 1.10586e-08 
1.6199 2.36365 -1.99384 -0.369809 -1.6199 1.2386e-08 
1.95049 2.38923 -2.078 -0.311228 -1.95049 2.67728e-10 
2.24356 2.37056 -2.01578 -0.354773 -2.24356 -9.56883e-09 
2.36987 2.34934 -1.9498 -0.399537 -2.36987 -4.17563e-08 
2.44289 2.29116 -1.78415 -0.507005 -2.44289 1.81785e-08 
2.55049 2.1569 -1.44417 -0.712739 -2.55049 -4.23735e-08 
2.63842 1.94415 -0.953993 -0.990153 -2.63842 -2.67388e-08 
2.67417 1.77211 -0.576634 -1.19548 -2.67417 -1.09993e-07 
2.68603 1.66077 -0.337727 -1.32305 -2.68603 1.87502e-08 
2.68946 1.61734 -0.245048 -1.37229 -2.68946 3.55271e-15 
