-0 0 -0 -0 0 0 
0.00360829 -0.0913838 0.189591 -0.0982069 -0.00360829 -1.60101e-07 
-0.00262573 0.0643528 -0.136918 0.072565 0.00262573 3.32204e-08 
0.000114005 -0.00250166 0.00580224 -0.00330058 -0.000114005 9.90414e-09 
0.00341362 -0.0815526 0.176974 -0.0954212 -0.00341362 3.86912e-08 
0.0189573 -0.471354 1.00948 -0.538121 -0.0189573 -1.99846e-09 
0.0143722 -0.469606 0.974017 -0.504411 -0.0143722 -5.49863e-09 
-0.00970377 -0.107001 0.107089 -8.77356e-05 0.00970377 8.8908e-08 
0.0692921 0.0492789 -0.108449 0.0591705 -0.0692921 -5.54718e-07 
-0.0614222 -0.434156 0.716696 -0.28254 0.0614222 7.48783e-07 
0.0875932 -0.0811367 0.028913 0.052224 -0.0875932 -6.15639e-08 
-0.0808205 -0.293775 0.663097 -0.369323 0.0808205 -1.14702e-06 
0.205791 -0.195524 -0.0330939 0.228617 -0.205791 2.92018e-06 
0.0305651 -0.157422 0.340227 -0.182805 -0.0305651 -8.03981e-07 
0.175899 -0.501545 1.00487 -0.503321 -0.175899 -1.39546e-06 
0.410694 -0.574108 1.11786 -0.544147 -0.410697 -0.000396198 
0.249324 -0.18598 0.33535 -0.111427 -0.249023 0.0379416 
0.0449598 -0.0573599 0.137595 -0.140421 -0.0454369 -0.0601864 
0.0681874 0.104184 -0.35251 0.566548 -0.0656645 0.318222 
0.0509651 -0.0196208 0.0269886 0.0123127 -0.0508091 0.0196798 
0.0345917 -0.291281 0.840294 -1.14423 -0.0393107 -0.59522 
0.0195087 -0.206295 0.598383 -0.820245 -0.0229032 -0.428157 
0.00392261 -0.0354555 0.102559 -0.140126 -0.00450154 -0.073022 
0.00162873 -0.014368 0.041541 -0.0567243 -0.00186301 -0.0295513 
0.00380499 -0.0313267 0.0904408 -0.123283 -0.00431373 -0.0641687 
0.0059948 -0.0418654 0.120392 -0.163335 -0.00666717 -0.0848082 
0.00820595 -0.0389855 0.110732 -0.147966 -0.00881023 -0.0762197 
0.0104463 -0.0112473 0.0276837 -0.0299054 -0.0105531 -0.0134689 
0.0127238 0.0588441 -0.180411 0.263151 -0.0116013 0.141584 
0.0150464 0.196453 -0.587862 0.835214 -0.0115278 0.443805 
0.0174224 0.43603 -1.2964 1.82867 -0.00974545 0.968309 
0.019197 0.712817 -2.1252 3.01393 -0.00608304 1.60155 
0.0206682 0.878191 -2.6576 3.85729 -0.00209003 2.07788 
0.0221799 0.881777 -2.75739 4.19605 0.00176042 2.32044 
0.0236844 0.655259 -2.23639 3.79715 0.00514499 2.21601 
0.0243767 0.134526 -0.899121 2.37337 0.00740805 1.60877 
0.0250844 -0.57438 0.959395 0.296523 0.00938687 0.681538 
0.0258073 -1.0814 2.29972 -1.23161 0.0151547 -0.0132905 
0.024773 -1.2281 2.73861 -1.86285 0.0235021 -0.35235 
0.0234954 -1.10643 2.47988 -1.73078 0.0333955 -0.357333 
0.0221707 -0.809457 1.7613 -1.08472 0.0438295 -0.132882 
0.0266106 -0.544524 1.05261 -0.270828 0.0664263 0.237259 
0.0374501 -0.112661 -0.00182161 0.692407 0.0857931 0.577925 
0.0481739 0.486182 -0.989021 0.337269 0.0149111 -0.165568 
0.0498035 0.60337 -0.179323 -3.312 -0.197991 -2.88795 
0.0479359 0.444012 0.700096 -5.41434 -0.312224 -4.27023 
0.0377929 0.230275 0.632192 -3.77241 -0.224996 -2.90994 
0.0286877 0.0940681 0.308466 -1.72281 -0.114433 -1.32027 
0.0546796 0.0166294 0.101068 -0.479132 -0.078153 -0.361435 
0.0789008 -0.113935 -0.272701 1.70806 0.00691903 1.32142 
0.10189 -0.0131639 0.0312187 -0.0381863 -0.103198 -0.0201307 
0.264915 -0.0328168 0.023337 0.109078 -0.258446 0.0995985 
0.906762 0.031478 -0.0514841 0.00500717 -0.907737 -0.0150036 
0.663914 0.16676 -0.306927 0.140164 -0.663914 -2.53941e-06 
0.345185 0.369528 -0.695157 0.325631 -0.345185 -1.03779e-06 
0.43516 0.81481 -1.59397 0.779156 -0.43516 -4.80622e-07 
0.158386 0.547754 -1.10263 0.554878 -0.158386 1.61679e-06 
0.0517012 0.223211 -0.45242 0.229208 -0.0517012 1.49944e-06 
0.0532231 0.37947 -0.779208 0.399738 -0.0532231 -4.82062e-07 
-1.40381e-16 -1.01565e-15 2.08616e-15 -1.07051e-15 1.40381e-16 1.66683e-21 
