-0.00906041 1.28764 -0.991721 -0.295926 0.00906041 4.14591e-05 
-0.0940957 1.40202 -4.466 3.06398 0.0940957 -3.38895e-05 
0.0362658 -0.869358 1.88158 -1.01222 -0.0362658 2.96335e-07 
0.00189398 -0.0433852 0.0972825 -0.0538973 -0.00189398 9.3733e-08 
0.0259311 -0.625854 1.34745 -0.721596 -0.0259311 4.74488e-08 
0.0545334 -1.51677 3.19597 -1.67919 -0.0545334 -2.08844e-07 
-0.055331 0.868223 -1.99629 1.12807 0.055331 1.71938e-07 
-0.0564187 1.83549 -4.27787 2.44239 0.0564187 -7.09274e-09 
0.300023 -1.12735 3.04708 -1.91973 -0.300023 -1.96452e-06 
-0.310535 -0.631328 0.0971294 0.5342 0.310535 4.37251e-06 
-0.593452 -0.539494 2.04195 -1.50246 0.593452 3.05764e-06 
-0.153023 -0.281913 0.881441 -0.599529 0.153023 -2.24293e-05 
-0.726614 -0.619374 4.9241 -4.30471 0.726614 1.50633e-05 
0.332301 -1.16909 2.32153 -1.15244 -0.332301 -1.76162e-05 
0.840852 -1.30727 2.36921 -1.0619 -0.840852 -0.000141692 
-0.0574018 1.41665 -2.87072 1.45844 0.0574379 0.00462418 
-0.607977 1.74303 -4.39728 4.85946 0.62546 2.20522 
0.0712639 0.0557021 -0.208944 0.364495 -0.0695891 0.211252 
0.0786947 1.24183 -3.70637 5.25013 -0.05661 2.78558 
-0.0724605 -1.06758 3.20327 -4.56684 0.0531859 -2.43115 
-0.0472873 -0.497315 1.49871 -2.14679 0.0382064 -1.14539 
-0.0495426 0.608571 -1.7688 2.43033 0.0596122 1.2701 
-0.0505175 0.466102 -1.34879 1.84372 0.0581368 0.961031 
0.00698723 -0.0599072 0.173104 -0.236208 -0.00796249 -0.123012 
0.00701835 -0.0470493 0.135156 -0.18313 -0.00777171 -0.0950232 
0.00707444 -0.0170884 0.046719 -0.0594087 -0.00731052 -0.029778 
0.00715567 0.0416637 -0.126723 0.183273 -0.00637702 0.0982133 
0.00726229 0.146089 -0.435026 0.614703 -0.00467955 0.325767 
0.0073946 0.318264 -0.943382 1.32614 -0.00183673 0.701026 
0.00755298 0.585458 -1.73232 2.43033 0.00262254 1.28346 
0.00773789 0.980136 -2.89772 4.06145 0.00925911 2.14387 
0.00467057 0.728269 -2.23332 3.30994 0.0127812 1.80489 
0.00479635 0.305005 -1.10792 2.01301 0.0127689 1.2101 
0.00493087 -0.317796 0.56418 0.0459336 0.0118365 0.292317 
0.00220225 -1.24596 3.12785 -3.14555 0.00915315 -1.26366 
0.00225175 -2.1181 5.51375 -6.0615 0.00533553 -2.66585 
0.00230092 -2.03624 5.35894 -6.04374 0.0115739 -2.72104 
0.00235008 -1.21086 3.22573 -3.74604 0.0257593 -1.73116 
-0.00403078 0.0218338 0.134726 -0.649465 0.0298134 -0.492904 
-0.00418726 0.715361 -1.68097 1.37035 0.0332403 0.404741 
-0.00433407 1.15678 -2.84219 2.67722 0.0333948 0.991813 
0.0342416 0.79077 -2.25139 2.89251 0.111748 1.43189 
0.0355676 1.87414 -4.06938 2.38458 -0.0263566 0.189338 
0.00518404 1.35198 -0.587097 -6.64163 -0.501576 -5.87674 
0.00529732 -0.312354 4.32378 -13.4193 -0.718163 -9.40784 
-0.0317983 -0.78495 0.93367 1.79885 0.0940898 1.94757 
-0.0333881 -0.576404 -0.953784 7.1846 0.385089 5.65442 
0.0821152 0.0305416 0.169594 -0.819841 -0.122362 -0.619706 
0.0854332 -0.487308 -1.38247 8.11638 0.320253 6.24659 
0.0481731 -0.0558017 -0.158971 0.931521 -0.00162376 0.716751 
0.284325 0.336745 1.14369 -6.31634 -0.598393 -4.83591 
1.00504 -0.563864 -1.52975 9.1272 -0.548241 7.03357 
2.9844 0.753439 -1.11515 -0.322927 -3.02887 -0.684684 
-2.29722 -0.744596 1.35854 -0.614154 2.29721 -0.000236601 
0.883034 1.22928 -2.39016 1.16078 -0.883034 2.88907e-05 
-0.176997 1.38562 -2.91687 1.53134 0.176997 -4.98288e-05 
-0.585817 -1.30278 2.57178 -1.26907 0.585817 9.49216e-07 
-0.0758593 0.0976937 -0.225702 0.127997 0.0758593 1.90509e-05 
-0.129459 -0.846606 1.73528 -0.888674 0.129459 -8.73725e-07 
-0.181649 -1.31422 2.69943 -1.38521 0.181649 2.15684e-06 
