1.13194 1.5976 -0.119028 -1.47857 -1.13194 -1.0016e-06 
1.13221 1.61887 -0.11847 -1.5004 -1.13221 7.8407e-08 
1.13084 1.64962 -0.18876 -1.46086 -1.13084 -1.90956e-08 
1.13072 1.65259 -0.194889 -1.4577 -1.13072 -1.33505e-08 
1.13108 1.64407 -0.176245 -1.46782 -1.13108 -5.53087e-09 
1.13428 1.56633 -0.00896196 -1.55737 -1.13428 2.59094e-09 
1.14026 1.40274 0.337101 -1.73984 -1.14026 -1.79675e-09 
1.14123 1.30702 0.521183 -1.8282 -1.14123 1.05407e-08 
1.14566 1.33 0.440547 -1.77055 -1.14566 -3.26228e-08 
1.15741 1.27212 0.552149 -1.82426 -1.15741 -9.61932e-08 
1.16755 1.19812 0.637791 -1.83591 -1.16755 -2.22644e-09 
1.16303 1.13647 0.758674 -1.89514 -1.16303 2.31869e-09 
1.16612 1.07113 0.863163 -1.9343 -1.16612 -2.91058e-07 
1.18641 1.00955 0.972972 -1.98252 -1.18641 -1.35203e-10 
1.21634 0.910222 1.17273 -2.08295 -1.21634 -7.91274e-09 
1.31791 0.709557 1.56906 -2.27862 -1.31791 -4.69278e-06 
1.42427 0.594968 1.79037 -2.38677 -1.42429 -0.00143544 
1.47007 0.552621 1.87971 -2.45265 -1.47023 -0.0203114 
1.48759 0.550516 1.87398 -2.42506 -1.4876 -0.000568467 
1.50676 0.581913 1.76914 -2.25863 -1.50603 0.092423 
1.51983 0.529693 1.91563 -2.45122 -1.51988 -0.00589541 
1.52826 0.443912 2.16419 -2.7915 -1.52971 -0.183401 
1.53191 0.407682 2.26917 -2.93523 -1.53395 -0.258378 
1.53225 0.404627 2.27801 -2.9473 -1.53435 -0.264668 
1.53309 0.397422 2.29882 -2.9757 -1.53531 -0.279458 
1.53461 0.385806 2.3323 -3.02124 -1.53702 -0.303136 
1.53682 0.372768 2.36961 -3.07157 -1.53943 -0.329191 
1.53972 0.364122 2.3936 -3.10268 -1.54245 -0.344957 
1.54332 0.370137 2.37395 -3.07214 -1.54592 -0.328058 
1.54763 0.407671 2.26087 -2.9103 -1.54955 -0.241751 
1.55268 0.502806 1.97737 -2.50936 -1.55291 -0.029182 
1.55841 0.684042 1.43834 -1.7481 -1.5554 0.374286 
1.5646 0.934739 0.685891 -0.669662 -1.55667 0.950967 
1.57126 1.2133 -0.169221 0.597905 -1.55671 1.64199 
1.57839 1.45928 -0.964663 1.86357 -1.55562 2.35819 
1.58586 1.58906 -1.47123 2.84614 -1.55364 2.96397 
1.59355 1.51942 -1.45898 3.25908 -1.55109 3.31953 
1.60146 1.25542 -0.935235 3.09524 -1.54739 3.41542 
1.60935 0.887376 -0.128979 2.59006 -1.54142 3.34846 
1.61686 0.518938 0.696745 2.01525 -1.53261 3.23093 
1.62395 0.217599 1.36529 1.56712 -1.5206 3.15001 
1.63107 0.0148918 1.7878 1.35996 -1.50445 3.16265 
1.64102 -0.096116 1.96621 1.42887 -1.47971 3.29897 
1.6544 -0.0360011 1.78835 1.66071 -1.46022 3.41306 
1.66963 0.148256 1.55972 1.26996 -1.48619 2.97794 
1.6852 0.315938 1.66847 -0.217826 -1.57254 1.76658 
1.69854 0.41905 1.89054 -1.68828 -1.65834 0.621314 
1.70866 0.466773 2.03492 -2.51825 -1.70974 -0.016553 
1.72159 0.488291 2.1115 -2.93489 -1.74336 -0.335105 
1.74268 0.46983 2.07541 -2.68852 -1.75199 -0.143281 
1.76971 0.447657 2.03012 -2.38531 -1.7637 0.0924606 
1.81919 0.450595 2.06708 -2.54177 -1.82076 -0.0240956 
1.97634 0.444292 2.06962 -2.51355 -1.97632 0.00036009 
2.28511 0.487709 1.99052 -2.47823 -2.28511 1.87242e-07 
2.40413 0.554065 1.86703 -2.4211 -2.40413 -4.86338e-08 
2.53128 0.738841 1.51191 -2.25075 -2.53128 -2.75897e-09 
2.62475 0.972233 1.04821 -2.02044 -2.62475 -5.8998e-08 
2.65398 1.08982 0.810305 -1.90013 -2.65398 -2.15511e-07 
2.67194 1.20153 0.581587 -1.78312 -2.67194 -1.90323e-08 
2.68055 1.26353 0.454262 -1.71779 -2.68055 -1.13484e-07 
