1.13194 1.5976 -0.119028 -1.47857 -1.13194 3.55271e-15 
1.13066 1.61385 -0.109929 -1.50392 -1.13066 -6.52371e-07 
1.13534 1.65165 -0.187634 -1.46402 -1.13534 -4.83496e-07 
1.13743 1.6662 -0.216376 -1.44983 -1.13743 -4.32265e-07 
1.14031 1.68148 -0.246763 -1.43471 -1.14031 -3.64454e-07 
1.14657 1.68836 -0.262585 -1.42577 -1.14657 -2.22174e-07 
1.15473 1.58699 -0.0740354 -1.51296 -1.15473 -3.92269e-08 
1.16009 1.34174 0.386802 -1.72854 -1.16009 2.78815e-08 
1.15925 1.16842 0.707414 -1.87584 -1.15925 -2.66951e-07 
1.2064 1.00924 0.972749 -1.98199 -1.2064 -2.86233e-07 
1.31115 0.760649 1.46917 -2.22982 -1.31115 2.76991e-08 
1.57406 0.532452 1.90754 -2.43999 -1.57406 6.66343e-07 
1.98633 0.463854 2.03423 -2.49808 -1.98633 -1.08585e-08 
2.28378 0.505298 1.95805 -2.46335 -2.28378 2.99155e-09 
2.42219 0.57123 1.83471 -2.40594 -2.42219 -3.51255e-08 
2.50859 0.698543 1.59048 -2.28902 -2.50859 -4.71165e-08 
2.61626 0.943965 1.10503 -2.049 -2.61626 -8.91498e-08 
2.65681 1.10298 0.783569 -1.88655 -2.65681 -8.87453e-08 
2.67418 1.21757 0.548659 -1.76623 -2.67418 -1.12872e-07 
2.68055 1.26353 0.454262 -1.71779 -2.68055 -4.94216e-08 
