-0 -0 0 -0 0 -0 
0.0291323 -0.252431 0.549878 -0.297447 -0.0291323 1.10696e-07 
-0.0777122 -0.262021 0.503832 -0.241812 0.0777122 -1.37889e-06 
1.10837 0.269152 0.142212 -0.411364 -1.10837 3.15533e-07 
-0.148811 0.00951177 -0.00906821 -0.000443528 0.148811 7.91447e-07 
0.383147 0.205322 -0.0166906 -0.188632 -0.383147 1.87223e-07 
0.0521934 0.0177906 0.247011 -0.264802 -0.0521934 -2.21312e-06 
-0.0276055 -0.155038 0.434092 -0.279054 0.0276055 8.73803e-07 
0.0162394 0.604549 -1.14621 0.541666 -0.0162394 5.29615e-07 
0.0692032 1.07213 -2.1337 1.06157 -0.0692032 -3.47857e-07 
0.0531539 0.473633 -0.914396 0.440763 -0.0531539 -2.50366e-07 
0.0460897 -0.236031 0.572867 -0.336836 -0.0460897 5.85504e-08 
0.247072 0.432278 -0.42616 -0.00611787 -0.247072 6.83316e-07 
0.336634 0.54396 -0.0450063 -0.498953 -0.336634 -1.61461e-06 
0.264702 0.165374 1.12484 -1.29021 -0.264702 1.59672e-06 
0.022398 -0.124377 0.499479 -0.375102 -0.022398 2.03695e-07 
-0.00377484 -0.0310841 0.250104 -0.21902 0.00377484 1.43256e-08 
0.000262349 0.35526 -0.381689 0.0264281 -0.000262349 1.71914e-07 
-0.0145543 -0.0846463 0.427565 -0.342919 0.0145543 -9.54686e-09 
2.27144e-17 2.06273e-16 -7.14551e-16 5.08277e-16 -2.27144e-17 -3.52146e-24 
