-0.121474 0.950873 -2.08028 1.12941 0.121474 -1.90277e-06 
-0.0729011 0.868799 -1.87629 1.00749 0.0729011 -1.71696e-06 
0.655688 -0.362311 1.18365 -0.821335 -0.655688 1.07014e-06 
-1.66595 -1.1945 1.44649 -0.251992 1.66595 1.36038e-06 
-2.61107 0.636389 -3.17634 2.53995 2.61107 -1.32984e-06 
3.73395 -0.318004 2.95902 -2.64102 -3.73395 3.65457e-06 
-5.96301 -0.0145677 -3.21207 3.22664 5.96301 -3.76318e-06 
-0.0143662 0.102521 0.1622 -0.264721 0.0143662 -8.79514e-06 
0.959783 -1.94654 3.27176 -1.32522 -0.959783 -1.86329e-05 
-0.709141 1.89234 -3.27044 1.3781 0.709141 1.96329e-05 
-0.0414098 -0.484649 0.695918 -0.211268 0.0414098 -1.62416e-05 
-0.544108 -0.378987 0.374192 0.00479546 0.544108 8.61054e-07 
-8.00345 -0.635151 -5.41717 6.05233 8.00345 -9.00884e-05 
-0.482511 -1.78202 4.08368 -2.30165 0.482511 -6.0067e-05 
0.00868992 2.26977 -4.17068 1.90091 -0.00868992 7.84658e-05 
0.000309815 0.162933 -0.379664 0.21673 -0.000309815 5.68986e-06 
-0.00029798 0.316238 -0.704604 0.388367 0.00029798 1.11503e-05 
-0.000675762 0.175728 -0.40847 0.232741 0.000675762 1.18957e-05 
-0.00078578 -0.452506 0.918697 -0.466191 0.00078578 4.4926e-06 
-0.000250329 -1.69102 3.56753 -1.87652 0.000250329 -1.95537e-05 
0.000590319 -2.85786 6.03458 -3.17672 -0.000590319 -4.04086e-05 
0.000409431 -1.35692 2.88317 -1.52626 -0.000409431 -2.24297e-05 
0.000131747 0.898738 -1.84551 0.94677 -0.000131747 3.50309e-06 
-6.96533e-05 1.92648 -4.01345 2.08697 6.96533e-05 1.76766e-05 
-0.000105401 1.69844 -3.54471 1.84627 0.000105401 1.60139e-05 
-0.000124132 1.93343 -4.06356 2.13013 0.000124132 1.67997e-05 
-9.79464e-06 0.273411 -0.597164 0.323753 9.79556e-06 -2.4363e-05 
0.000192836 -3.07498 6.34547 -3.27048 -0.00019284 -5.73428e-05 
-0.000161672 0.841764 -1.9074 1.06564 0.000161728 0.000226638 
7.47362e-05 -1.41683 1.92332 -0.506494 -7.27197e-05 -0.000283753 
0.0344141 1.75678 -3.01101 1.2414 -0.0474753 -0.0164034 
0.868604 4.72297 -4.87466 -0.187314 -1.21282 -0.339376 
-0.196686 -0.693552 0.321539 0.448775 0.274625 0.0768725 
0.099297 1.22835 -0.884374 -0.382737 -0.138649 -0.0387879 
0.152335 0.0472874 -0.239479 0.132724 -0.212715 -0.0594559 
1.16864 2.73968 -3.21432 0.0184356 -1.63184 -0.456198 
-2.56648 -5.54524 7.04226 -0.495148 3.58371 1.00186 
-0.596813 -1.64869 1.79073 0.0909414 0.833363 0.23297 
3.00271 6.25367 -8.14153 0.7157 -4.19285 -1.17216 
1.04954 2.45951 -3.0166 0.147378 -1.46553 -0.409706 
1.02481 2.13483 -2.77117 0.236287 -1.431 -0.400054 
0.327214 0.748808 -0.940506 0.164132 -0.355201 -0.0275649 
-0.167531 -0.246281 0.36951 0.0814332 0.375331 0.204662 
-0.430727 -0.78938 1.0803 -0.0028381 0.723227 0.288084 
-0.534489 -1.0195 1.37672 -0.083022 0.812889 0.274196 
-0.539527 -1.05366 1.41436 -0.154354 0.749039 0.206348 
-0.495139 -0.986891 1.3196 -0.212966 0.616716 0.119742 
-0.439215 -0.892226 1.18954 -0.255883 0.481282 0.0414321 
-0.398236 -0.820711 1.09207 -0.281028 0.388416 -0.00967164 
0.392623 0.812814 -1.08093 0.292667 -0.367698 0.0245486 
0.367223 0.767825 -1.01985 0.306311 -0.3121 0.0542909 
0.296499 0.641319 -0.848503 0.340673 -0.160962 0.13349 
0.160316 0.394486 -0.515296 0.397333 0.120447 0.276523 
-0.0734522 -0.0346014 0.0621201 0.478812 0.587546 0.506331 
-0.448925 -0.730988 0.996832 0.588572 1.31644 0.854416 
-1.02222 -1.80283 2.43266 0.731018 2.40393 1.36085 
-1.34784 -2.42796 3.2709 0.763945 2.97337 1.60688 
-1.43759 -2.63392 3.54745 0.674012 3.0307 1.58754 
-1.24892 -2.34833 3.16463 0.429773 2.4742 1.24608 
-0.228891 -0.58253 0.783562 -0.384646 -0.011263 -0.183613 
0.469853 0.661496 -0.885223 -0.741568 -1.52129 -0.965294 
1.20484 1.97024 -2.64082 -1.11642 -3.10904 -1.787 
1.57872 2.67429 -3.59844 -1.27431 -3.87955 -2.19847 
1.13707 1.92054 -2.60834 -0.898899 -2.79451 -1.58669 
1.22709 2.33518 -3.30295 -1.04021 -3.04082 -2.00798 
0.223497 1.15798 -1.99222 -0.366616 -0.624674 -1.20086 
-2.56915 -2.93234 3.21006 1.69899 6.17766 1.97671 
-0.455022 -1.38093 2.18398 0.524218 1.177 1.32727 
1.64277 0.32863 0.847997 -0.686138 -3.80134 0.490488 
3.3134 1.70719 -0.247924 -1.65454 -7.76759 -0.195274 
2.67821 1.57156 -0.544636 -1.39792 -6.26243 -0.370991 
0.531526 0.428999 -0.291247 -0.334023 -1.17108 -0.196271 
-0.85371 -0.322948 -0.0988832 0.354672 2.14641 -0.0671593 
-2.89167 -1.38308 0.103918 1.35226 6.99957 0.0730993 
-2.74235 -1.33458 0.126345 1.29605 6.59119 0.0878178 
-2.81066 -1.38376 0.163441 1.31046 6.90861 0.0901432 
0.479498 0.158503 0.00609808 -0.189094 -1.41301 -0.0244929 
2.69856 1.42427 -0.143233 -1.35627 -6.0596 -0.0752332 
2.46521 1.43368 -0.150945 -1.33532 -4.92445 -0.0525919 
-2.18113 -1.18361 -0.0497008 1.28427 4.31225 0.0509621 
-3.28529 -1.81122 -0.0358784 1.9224 6.6182 0.0753002 
-6.05141 -3.35853 -0.0214256 3.51698 12.1131 0.137026 
-2.95315 -1.63634 0.0123818 1.60684 5.86516 -0.0171145 
3.83049 2.12554 0.0659709 -2.41845 -7.82074 -0.226934 
5.56386 3.08852 0.0656347 -3.40784 -11.2739 -0.253685 
4.12815 2.28619 0.0356421 -2.43488 -8.34673 -0.113054 
1.58526 0.870022 -0.00940671 -0.780488 -3.16788 0.0801275 
0.149983 0.0701233 -0.0270813 0.127212 -0.267963 0.170253 
-0.611157 -0.351719 -0.0273563 0.553773 1.25267 0.174698 
-0.917038 -0.518593 -0.0172044 0.663385 1.84433 0.127587 
-0.94932 -0.532659 -0.00241272 0.592314 1.8808 0.0572418 
-0.852444 -0.475145 0.0124172 0.44891 1.65925 -0.0138176 
-0.733634 -0.40635 0.0238695 0.313606 1.40029 -0.0688741 
-0.662896 -0.365641 0.0297141 0.238914 1.24795 -0.0970133 
1.84952 1.01608 -0.105069 -0.546183 -3.4345 0.364823 
0.639101 0.324312 -0.186455 0.619734 -0.863023 0.75759 
-1.26973 -0.739288 -0.215618 1.8522 2.99729 0.897288 
-2.56865 -1.37041 0.0999753 0.639282 4.96385 -0.631154 
-1.33826 -0.417706 1.14083 -6.29298 0.434769 -5.56986 
2.27538 1.89019 2.26213 -15.1477 -8.97548 -10.9953 
1.40749 0.991824 0.742584 -5.40869 -4.34068 -3.67428 
-0.0506576 -0.440626 -1.43935 8.91345 2.79668 7.03348 
-0.456933 -0.669372 -1.45244 9.234 3.67345 7.11218 
-0.243144 -0.390574 -1.10913 6.46521 2.48881 4.96551 
-0.0665585 -0.119998 -0.489637 2.58633 0.960527 1.9767 
1.08676 1.50697 2.05451 -15.911 -6.6719 -12.3496 
0.0824174 0.164178 0.0568267 -1.17151 -0.512287 -0.950508 
1.15873 2.04321 -2.93373 -0.0580612 -1.58771 -0.948543 
-0.283487 1.28536 -2.9047 1.61951 0.283744 0.000407162 
-0.950168 -1.84297 3.01709 -1.17423 0.950168 -0.000257006 
-0.260077 -1.7479 3.61449 -1.86659 0.260077 1.60612e-05 
-0.114666 -0.863351 1.75345 -0.890097 0.114666 -2.71338e-06 
0.0469577 0.696161 -1.41869 0.722532 -0.0469577 -1.29243e-07 
0.00901675 0.0678165 0.0337849 -0.101602 -0.00901675 -4.11763e-07 
-0.0607339 -1.13453 2.7983 -1.66377 0.0607339 -5.20328e-07 
0.116951 2.32327 -2.30043 -0.0228396 -0.116951 1.03113e-05 
0.0116049 0.199435 -0.20115 0.00171508 -0.0116049 -2.37992e-07 
0.113778 1.7584 -2.93722 1.17882 -0.113778 9.61704e-07 
-0.0505432 -0.796613 1.1886 -0.391982 0.0505432 -2.25676e-07 
-0.0595476 -0.934467 1.43085 -0.496384 0.0595476 -3.1879e-07 
