-0.134007 1.04903 -2.29503 1.246 0.134007 -2.09914e-06 
-0.112482 1.01266 -2.20462 1.19196 0.112482 -2.0168e-06 
0.210395 0.467058 -0.848539 0.381481 -0.210395 -7.81756e-07 
1.41302 -1.8826 4.87098 -2.98838 -1.41302 4.43072e-06 
-3.67927 -0.573351 -1.15328 1.72663 3.67927 -9.76426e-07 
-2.50266 0.629746 -3.0492 2.41946 2.50266 -1.62894e-06 
3.3272 -0.21626 2.45493 -2.23867 -3.3272 3.45459e-06 
5.43804 -0.512129 3.54453 -3.0324 -5.43804 1.34242e-05 
-3.96949 0.226231 -2.57182 2.34558 3.96949 -2.34661e-06 
-0.327788 2.33212 -3.79255 1.46043 0.327788 -1.91344e-05 
0.956948 -1.27268 1.98434 -0.711655 -0.956948 -1.77078e-05 
-1.93378 3.70954 -6.63568 2.92614 1.93378 3.91923e-05 
0.250698 -0.747985 1.38521 -0.637224 -0.250698 -2.34601e-05 
1.02572 -1.42366 2.34978 -0.92612 -1.02572 2.25012e-05 
-2.41436 2.51973 -4.77888 2.25915 2.41436 -3.23435e-05 
4.40023 -0.819739 2.98899 -2.16925 -4.40023 4.164e-05 
-3.28622 -0.321472 -0.624937 0.946407 3.28622 -2.62144e-05 
5.59526 0.276732 1.65077 -1.9275 -5.59526 -2.0052e-05 
0.402214 2.20914 0.625559 -2.83471 -0.402214 0.000147236 
-0.0425042 0.729258 -2.87941 2.15015 0.0425042 -0.000652539 
-0.00345011 0.577469 -2.99138 2.41386 0.00345011 0.000208378 
-0.011789 -1.39439 2.9744 -1.5799 0.011789 1.23295e-05 
-2.27709 -3.19386 2.17565 1.01824 2.27709 0.000245897 
-3.05905 -3.66499 1.38131 2.28368 3.05905 -7.37579e-05 
1.20474 1.43135 0.477415 -1.90877 -1.20474 1.38207e-05 
-2.03343 -2.05656 -0.786738 2.8433 2.03343 -2.73506e-05 
2.89458 2.11093 -1.004 -1.10692 -2.89458 4.03429e-05 
-0.723455 0.452636 1.43251 -1.88515 0.723455 -8.48552e-06 
-0.151314 1.43492 1.47619 -2.91112 0.151314 -6.19676e-06 
3.32236 -6.53143 -3.02009 9.55153 -3.32236 -6.48178e-06 
-2.73345 4.39687 1.59595 -5.99283 2.73345 6.15369e-06 
1.32579 -2.8882 -0.438056 3.32625 -1.32579 1.54842e-05 
0.36001 -1.74819 1.04555 0.702734 -0.36001 9.48459e-05 
0.00377404 3.23005 -1.13727 -2.09278 -0.00377404 2.73955e-06 
0.00629686 0.163763 0.465128 -0.628885 -0.00629686 -9.20947e-07 
0.000395356 0.774291 2.90991 -3.68421 -0.000395356 7.71358e-06 
-1.88264e-05 0.42257 -0.712201 0.289631 1.88264e-05 -1.77217e-06 
9.52482e-06 -0.444502 -5.26617 5.71069 -9.52482e-06 3.59453e-06 
-4.87092e-06 0.576347 1.25587 -1.83222 4.87092e-06 1.56672e-08 
4.5412e-07 0.39714 -0.803844 0.406703 -4.5412e-07 -2.9487e-08 
-8.13613e-07 -1.1288 -1.84396 2.97276 8.13613e-07 5.99571e-06 
2.28139e-06 1.4682 3.63317 -5.10136 -2.28139e-06 -7.63201e-06 
-9.47947e-07 0.609631 -1.37909 0.76945 9.47947e-07 3.0194e-06 
-3.60745e-06 -1.1474 2.93935 -1.79194 3.60745e-06 1.25198e-05 
-1.0165e-05 -1.43769 2.94041 -1.50287 1.0165e-05 3.78933e-05 
2.67531e-05 -1.36757 2.944 -1.57637 -2.67531e-05 -0.000117913 
1.65588e-07 1.32518 -2.52911 1.20413 -1.65588e-07 -8.60005e-07 
-3.2683e-07 1.51108 -3.03936 1.52824 3.2683e-07 1.77134e-06 
-1.4697e-07 1.26214 -2.59113 1.32899 1.4697e-07 7.90226e-07 
-4.12985e-07 1.45651 -3 1.54349 4.12985e-07 2.23851e-06 
