1.13194 1.5976 -0.119028 -1.47857 -1.13194 3.55271e-15 
1.1156 1.57747 -0.123193 -1.45428 -1.1156 -3.99918e-10 
1.06661 1.51712 -0.135679 -1.38145 -1.06661 -1.59662e-09 
0.985212 1.41685 -0.156417 -1.26043 -0.985212 -3.56257e-09 
0.872361 1.27777 -0.185139 -1.09263 -0.872361 -6.19064e-09 
0.730535 1.10283 -0.221149 -0.881686 -0.730535 -9.20237e-09 
0.564882 0.898161 -0.262998 -0.635163 -0.564882 -1.20194e-08 
0.384688 0.674778 -0.308075 -0.366704 -0.384688 -1.35981e-08 
0.205181 0.45077 -0.352097 -0.0986728 -0.205181 -1.22279e-08 
0.0496452 0.253795 -0.388517 0.134722 -0.0496452 -5.29226e-09 
-0.0497578 0.122189 -0.408371 0.286182 0.0497578 1.05478e-08 
-0.0783783 0.0760746 -0.409169 0.333094 0.0783783 3.15079e-08 
-0.0520169 0.103339 -0.399335 0.295995 0.0520169 4.25405e-08 
-0.00913637 0.167479 -0.395178 0.227698 0.00913637 2.10115e-08 
0.000255281 0.2158 -0.415362 0.199562 -0.000255281 -5.3112e-08 
-0.0219127 0.236476 -0.45947 0.222993 0.0219127 -1.66621e-07 
-0.0364147 0.24736 -0.513584 0.266224 0.0364147 -2.83109e-07 
-0.00318001 0.266966 -0.563484 0.296518 0.00318001 -3.65635e-07 
0.105146 0.30894 -0.597641 0.288701 -0.105146 -3.85367e-07 
0.25731 0.364476 -0.616953 0.252477 -0.25731 -3.50877e-07 
0.405186 0.418304 -0.625892 0.207588 -0.405186 -2.81501e-07 
0.500903 0.455235 -0.628918 0.173683 -0.500903 -1.96564e-07 
0.522307 0.468242 -0.62924 0.160998 -0.522307 -1.13281e-07 
0.493029 0.464823 -0.627828 0.163006 -0.493029 -4.51082e-08 
0.441427 0.453975 -0.625426 0.171451 -0.441427 -5.11851e-09 
0.390775 0.443656 -0.622475 0.178819 -0.390775 -7.31958e-09 
0.359031 0.440656 -0.61936 0.178704 -0.359031 -5.63639e-08 
0.372121 0.454448 -0.61762 0.163173 -0.372121 -1.02629e-07 
0.448547 0.49563 -0.62462 0.12899 -0.448547 -6.08383e-08 
0.527926 0.560962 -0.670751 0.109789 -0.527926 9.82969e-09 
0.544897 0.638767 -0.775146 0.136378 -0.544897 1.15999e-08 
0.5571 0.720713 -0.889788 0.169075 -0.5571 -2.19259e-08 
0.569301 0.786023 -0.956732 0.170709 -0.569301 -5.58089e-08 
0.556005 0.825523 -0.96817 0.142647 -0.556005 -6.85495e-08 
0.571887 0.862428 -0.986257 0.123829 -0.571887 -1.06256e-08 
0.618331 0.902984 -1.02381 0.120824 -0.618331 -5.9254e-08 
0.666828 0.961083 -1.06329 0.102211 -0.666828 -2.25927e-07 
0.724128 1.03002 -1.10769 0.0776701 -0.724128 -1.63821e-07 
0.753292 1.06723 -1.12897 0.0617409 -0.753292 -1.01607e-07 
0.793443 1.12244 -1.1553 0.0328608 -0.793443 -9.31755e-08 
0.834254 1.18129 -1.17884 -0.00244686 -0.834254 -8.03082e-08 
0.880625 1.25318 -1.19696 -0.0562185 -0.880625 -4.593e-08 
0.900051 1.284 -1.203 -0.0810049 -0.900051 -8.41547e-08 
0.913662 1.30613 -1.20569 -0.100447 -0.913662 -4.40209e-08 
0.938034 1.34696 -1.20596 -0.141002 -0.938034 3.88935e-09 
0.978995 1.41668 -1.19557 -0.221109 -0.978995 -1.20536e-07 
1.0272 1.49813 -1.15533 -0.342799 -1.0272 -2.18323e-08 
1.07085 1.56473 -1.07723 -0.487499 -1.07085 -1.10136e-07 
1.10741 1.60541 -0.96039 -0.645023 -1.10741 -8.23879e-08 
1.13628 1.61536 -0.809824 -0.805533 -1.13628 -1.30111e-07 
1.15453 1.6006 -0.665802 -0.934797 -1.15453 2.75913e-09 
1.16533 1.57675 -0.543346 -1.03341 -1.16533 -8.3495e-08 
1.17309 1.54577 -0.439931 -1.10584 -1.17309 -1.07722e-07 
1.17912 1.50596 -0.318611 -1.18735 -1.17912 -2.52656e-09 
1.17438 1.49239 -0.174608 -1.31778 -1.17438 -5.88521e-08 
1.16463 1.50521 -0.109685 -1.39552 -1.16463 -8.81222e-08 
1.15467 1.53252 -0.128097 -1.40442 -1.15467 -2.15502e-08 
1.14393 1.56493 -0.139264 -1.42567 -1.14393 4.34753e-09 
1.13259 1.5962 -0.120878 -1.47532 -1.13259 -3.79322e-09 
1.13105 1.59623 -0.11404 -1.48219 -1.13105 5.20908e-08 
1.1327 1.61692 -0.135356 -1.48156 -1.1327 -3.5166e-07 
1.13035 1.61324 -0.106939 -1.50631 -1.13035 -6.72289e-07 
1.13423 1.64208 -0.16924 -1.47284 -1.13423 -5.08087e-07 
1.14343 1.68963 -0.264223 -1.42541 -1.14343 -2.8766e-07 
1.14879 1.67815 -0.24434 -1.43381 -1.14879 -1.70761e-07 
1.15173 1.64514 -0.182653 -1.46249 -1.15173 -1.08235e-07 
1.15409 1.5959 -0.0900342 -1.50587 -1.15409 -5.96099e-08 
1.15595 1.53829 0.0184884 -1.55678 -1.15595 -2.41044e-08 
1.15741 1.4784 0.131236 -1.60964 -1.15741 -6.83965e-10 
1.15853 1.42073 0.239639 -1.66037 -1.15853 1.18615e-08 
1.15936 1.36837 0.33779 -1.70616 -1.15936 1.48736e-08 
1.15996 1.32327 0.422019 -1.74529 -1.15996 9.78302e-09 
1.16038 1.28638 0.490509 -1.77688 -1.16038 -1.92828e-09 
1.16065 1.25749 0.543707 -1.8012 -1.16065 -1.85661e-08 
1.16084 1.2351 0.584605 -1.8197 -1.16084 -3.81038e-08 
1.16096 1.21779 0.615947 -1.83374 -1.16096 -5.88389e-08 
1.16105 1.20446 0.639887 -1.84434 -1.16105 -7.9438e-08 
1.16112 1.19424 0.658089 -1.85233 -1.16112 -9.8873e-08 
1.16118 1.18648 0.671817 -1.8583 -1.16118 -1.16366e-07 
1.16124 1.18069 0.682007 -1.8627 -1.16124 -1.31339e-07 
1.16128 1.1765 0.689341 -1.86584 -1.16128 -1.43378e-07 
1.16131 1.17366 0.69429 -1.86795 -1.16131 -1.52192e-07 
1.16133 1.17201 0.697166 -1.86918 -1.16133 -1.57593e-07 
1.16134 1.17145 0.698141 -1.86959 -1.16134 -1.59476e-07 
1.16151 1.16153 0.715309 -1.87684 -1.16151 -1.97381e-07 
1.16254 1.13942 0.753629 -1.89305 -1.16254 -3.24822e-07 
1.16692 1.11024 0.81027 -1.92051 -1.16692 -5.26179e-07 
1.1758 1.07258 0.89032 -1.9629 -1.1758 -5.69851e-07 
1.18733 1.02473 0.987827 -2.01256 -1.18733 -2.05788e-07 
1.20415 0.966814 1.10611 -2.07293 -1.20415 -2.00965e-07 
1.22153 0.917082 1.20718 -2.12426 -1.22153 -9.04744e-08 
1.23419 0.884044 1.27423 -2.15828 -1.23419 -7.79386e-08 
1.25529 0.839565 1.36412 -2.20368 -1.25529 -2.70138e-08 
1.27613 0.799013 1.44593 -2.24494 -1.27613 9.83855e-10 
1.28527 0.782845 1.47848 -2.26132 -1.28527 1.12591e-08 
1.28905 0.776869 1.49048 -2.26735 -1.28905 1.05076e-08 
1.2902 0.775122 1.49398 -2.2691 -1.2902 8.87858e-09 
1.30111 0.758813 1.52671 -2.28552 -1.30111 -3.18146e-08 
1.33177 0.716391 1.61161 -2.328 -1.33177 -2.2731e-09 
1.36581 0.676841 1.68966 -2.3665 -1.36581 -3.77589e-08 
1.394 0.651607 1.74393 -2.39554 -1.394 6.85068e-09 
1.40854 0.632816 1.76957 -2.40239 -1.40854 -2.54067e-08 
1.42944 0.619993 1.80277 -2.42276 -1.42944 -8.14086e-08 
1.46418 0.616473 1.85664 -2.47311 -1.46418 -7.37556e-08 
1.45075 0.593952 1.83074 -2.42469 -1.45075 -4.18706e-08 
1.41017 0.562213 1.76025 -2.32246 -1.41017 -1.77608e-08 
1.42039 0.557389 1.77325 -2.33064 -1.42039 -5.07911e-09 
1.4707 0.574452 1.85275 -2.4272 -1.4707 -5.08709e-10 
1.5357 0.600115 1.95689 -2.557 -1.5357 5.02356e-10 
1.61169 0.631086 2.07895 -2.71004 -1.61169 -7.75532e-12 
1.68224 0.659744 2.19214 -2.85189 -1.68224 -1.26988e-09 
1.73501 0.680353 2.27628 -2.95663 -1.73501 -2.67946e-09 
1.76132 0.688885 2.3172 -3.00609 -1.76132 -3.78178e-09 
1.75572 0.682807 2.30601 -2.98882 -1.75572 -4.25393e-09 
1.71554 0.660876 2.23835 -2.89922 -1.71554 -3.88768e-09 
1.64046 0.622947 2.11372 -2.73666 -1.64046 -2.5733e-09 
1.53215 0.569795 1.93486 -2.50466 -1.53215 -2.84271e-10 
1.3951 0.503499 1.7091 -2.2126 -1.3951 2.8726e-09 
1.24035 0.4292 1.45446 -1.88366 -1.24035 6.45054e-09 
1.07863 0.351885 1.18845 -1.54033 -1.07863 1.00278e-08 
0.918079 0.275341 0.924373 -1.19971 -0.918079 1.33243e-08 
0.76471 0.202351 0.67206 -0.874411 -0.76471 1.61754e-08 
0.622761 0.134883 0.438463 -0.573345 -0.622761 1.85061e-08 
0.495076 0.0742478 0.228254 -0.302502 -0.495076 2.03097e-08 
0.383413 0.0212547 0.044342 -0.0655967 -0.383413 2.16275e-08 
0.288727 -0.0236609 -0.111677 0.135338 -0.288727 2.25307e-08 
0.211416 -0.0603233 -0.239123 0.299446 -0.211416 2.31057e-08 
0.151522 -0.08872 -0.337894 0.426614 -0.151522 2.3441e-08 
0.108904 -0.108923 -0.408198 0.517122 -0.108904 2.36163e-08 
0.083366 -0.121029 -0.450336 0.571364 -0.083366 2.36947e-08 
0.0747527 -0.125111 -0.464549 0.589661 -0.0747527 2.37165e-08 
0.0640138 -0.130201 -0.482272 0.612473 -0.0640138 2.37403e-08 
0.0314427 -0.145639 -0.536033 0.681672 -0.0314427 2.37891e-08 
-0.022594 -0.171248 -0.625253 0.796501 0.022594 2.37886e-08 
-0.0973434 -0.206671 -0.748738 0.955409 0.0973434 2.36061e-08 
-0.191463 -0.25127 -0.904347 1.15562 0.191463 2.30377e-08 
-0.302732 -0.303995 -1.08852 1.39252 0.302732 2.17897e-08 
-0.427681 -0.363209 -1.2957 1.65891 0.427681 1.94558e-08 
-0.561137 -0.426479 -1.51753 1.94401 0.561137 1.54884e-08 
-0.695691 -0.490322 -1.74209 2.23241 0.695691 9.16463e-09 
-0.821072 -0.549917 -1.95277 2.50269 0.821072 -4.5206e-10 
-0.925386 -0.599684 -2.13036 2.73004 0.925386 -1.42141e-08 
-1.00147 -0.63626 -2.26329 2.89955 1.00147 -3.16747e-08 
-1.04491 -0.657579 -2.34445 3.00203 1.04491 -5.13364e-08 
-1.05356 -0.662628 -2.37036 3.03298 1.05356 -7.06365e-08 
-1.02813 -0.651755 -2.34217 2.99392 1.02813 -8.57127e-08 
-0.97295 -0.626998 -2.26686 2.89386 0.97295 -9.11504e-08 
-0.896714 -0.592452 -2.15844 2.75089 0.896714 -7.97114e-08 
-0.813282 -0.554639 -2.03927 2.59391 0.813282 -4.20438e-08 
-0.742298 -0.522806 -1.94103 2.46383 0.742298 3.34001e-08 
-0.697591 -0.503461 -1.88601 2.38947 0.697591 1.49642e-07 
-0.675772 -0.495842 -1.87667 2.37252 0.675772 3.56372e-07 
-0.707666 -0.516142 -1.9767 2.49284 0.707666 6.24425e-07 
-0.700241 -0.521216 -2.03571 2.55692 0.700241 1.90169e-07 
-0.632001 -0.502303 -2.02152 2.52383 0.632001 -4.3698e-07 
-0.568626 -0.493843 -2.05106 2.54491 0.568626 -5.49728e-08 
-0.478579 -0.48385 -2.06913 2.55298 0.478579 -2.82717e-08 
-0.359526 -0.478998 -2.07825 2.55724 0.359526 -2.44847e-08 
-0.21545 -0.487369 -2.06213 2.5495 0.21545 -2.57825e-08 
-0.096236 -0.509099 -2.02016 2.52926 0.096236 6.99416e-09 
-0.00867491 -0.534996 -1.96988 2.50488 0.00867491 -3.68078e-08 
-0.000816274 -0.575832 -1.89007 2.46591 0.000816274 -3.21818e-08 
-5.65747e-05 -0.627285 -1.78875 2.41603 5.65747e-05 -8.30531e-08 
5.67776e-07 -0.696188 -1.65195 2.34814 -5.67776e-07 -3.33096e-08 
-2.44708e-08 -0.783237 -1.47766 2.2609 2.44708e-08 -5.43432e-09 
2.70462e-07 -0.88769 -1.26681 2.1545 -2.70462e-07 1.85793e-08 
-5.41559e-06 -1.00808 -1.02191 2.02999 5.41559e-06 -2.75569e-07 
0.000675272 -1.11971 -0.793429 1.91314 -0.000675272 -1.62849e-07 
-7.87799e-06 -1.2056 -0.616327 1.82193 7.87799e-06 2.10364e-11 
0.00620582 -1.26458 -0.495945 1.76053 -0.00620582 1.86236e-09 
-0.036468 -1.33625 -0.3362 1.67245 0.036468 -2.93207e-08 
-0.022691 -1.37635 -0.256243 1.63259 0.022691 -5.93231e-08 
0.0212785 -1.38823 -0.242625 1.63086 -0.0212785 -7.04456e-08 
0.0793184 -1.39239 -0.248648 1.64103 -0.0793184 -7.59962e-08 
0.129311 -1.39202 -0.262049 1.65407 -0.129311 -7.76367e-08 
0.147232 -1.38925 -0.272344 1.6616 -0.147232 -7.61252e-08 
0.110264 -1.3861 -0.269563 1.65566 -0.110264 -7.21861e-08 
-0.00323618 -1.38448 -0.244241 1.62872 0.00323618 -6.65105e-08 
-0.204826 -1.38706 -0.191083 1.57814 0.204826 -5.95618e-08 
-0.472244 -1.39952 -0.118753 1.51827 0.472244 -5.10557e-08 
-0.776585 -1.42797 -0.0386687 1.46664 0.776585 -4.05556e-08 
-1.08859 -1.47782 0.0379094 1.43991 1.08859 -2.77313e-08 
-1.37699 -1.55216 0.0999135 1.45225 1.37699 -1.25911e-08 
-1.62089 -1.65305 0.139809 1.51324 1.62089 4.9112e-09 
-1.80694 -1.77046 0.156624 1.61383 1.80694 2.33644e-08 
-1.92943 -1.8768 0.157907 1.71889 1.92943 3.91812e-08 
-1.98559 -1.94872 0.150686 1.79803 1.98559 4.93589e-08 
-1.9748 -1.96895 0.140597 1.82835 1.9748 5.17042e-08 
-1.89837 -1.92563 0.132031 1.7936 1.89837 4.47449e-08 
-1.75924 -1.81171 0.128262 1.68344 1.75924 2.76452e-08 
-1.56175 -1.62428 0.131579 1.4927 1.56175 1.25873e-10 
-1.31456 -1.3689 0.14287 1.22603 1.31456 -3.68257e-08 
-1.03786 -1.07045 0.160445 0.910007 1.03786 -7.9151e-08 
-0.742954 -0.744782 0.182961 0.561821 0.742954 -1.24124e-07 
-0.425387 -0.388944 0.210777 0.178167 0.425387 -1.71557e-07 
-0.0954692 -0.0158872 0.243448 -0.227561 0.0954692 -2.18903e-07 
0.234311 0.358812 0.280387 -0.639199 -0.234311 -2.63167e-07 
0.549866 0.717564 0.320905 -1.03847 -0.549866 -3.00983e-07 
0.83542 1.04066 0.364205 -1.40486 -0.83542 -3.286e-07 
1.07343 1.30615 0.409379 -1.71553 -1.07343 -3.41859e-07 
1.24647 1.49225 0.455441 -1.94769 -1.24647 -3.3672e-07 
1.35317 1.59727 0.501688 -2.09896 -1.35317 -3.13633e-07 
1.40178 1.63158 0.547544 -2.17913 -1.40178 -2.75784e-07 
1.40191 1.60725 0.592377 -2.19963 -1.40191 -2.26827e-07 
1.36452 1.53803 0.635489 -2.17352 -1.36452 -1.7089e-07 
1.30201 1.43943 0.67612 -2.11555 -1.30201 -1.12592e-07 
1.22822 1.32883 0.713439 -2.04227 -1.22822 -5.70713e-08 
1.15336 1.21766 0.749151 -1.96681 -1.15336 -6.56293e-09 
1.09138 1.12039 0.787715 -1.90811 -1.09138 3.45983e-08 
1.07572 1.08109 0.822868 -1.90396 -1.07572 4.66315e-08 
1.1131 1.10901 0.852502 -1.96152 -1.1131 2.49455e-08 
1.16535 1.15363 0.883881 -2.03751 -1.16535 -6.77622e-09 
1.17775 1.14228 0.927791 -2.07007 -1.17775 -1.32659e-08 
1.16549 1.09537 0.980543 -2.07592 -1.16549 2.98017e-10 
1.16765 1.06512 1.03352 -2.09864 -1.16765 1.06241e-08 
1.1804 1.04696 1.08654 -2.13349 -1.1804 -8.51733e-09 
1.18963 1.01474 1.1534 -2.16815 -1.18963 -5.69827e-08 
1.20422 0.973437 1.24114 -2.21457 -1.20422 1.28565e-10 
1.22698 0.921172 1.35334 -2.27451 -1.22698 -4.89083e-10 
1.26174 0.855428 1.4955 -2.35093 -1.26174 -1.38112e-08 
1.28149 0.826036 1.55948 -2.38551 -1.28149 -8.15826e-09 
1.30212 0.798576 1.61983 -2.41841 -1.30212 1.12605e-08 
1.32491 0.771753 1.67835 -2.4501 -1.32491 -9.39219e-08 
1.35026 0.744856 1.73551 -2.48037 -1.35026 -6.49236e-09 
1.36839 0.727126 1.77181 -2.49894 -1.36839 -1.37111e-07 
1.39923 0.726374 1.82438 -2.55075 -1.39923 -1.33819e-07 
1.40591 0.715692 1.83624 -2.55193 -1.40591 -9.35394e-08 
1.37671 0.688457 1.78905 -2.4775 -1.37671 -8.36494e-08 
1.35088 0.66622 1.74692 -2.41314 -1.35088 -9.13964e-08 
1.34502 0.658076 1.73708 -2.39516 -1.34502 -9.79759e-08 
1.34624 0.656921 1.7389 -2.39582 -1.34624 -1.0023e-07 
1.34629 0.65691 1.73897 -2.39588 -1.34629 -1.00274e-07 
1.3464 0.656887 1.73914 -2.39603 -1.3464 -1.00371e-07 
1.3466 0.656855 1.73945 -2.39631 -1.3466 -1.00535e-07 
1.34691 0.656822 1.73993 -2.39675 -1.34691 -1.00765e-07 
1.34735 0.656804 1.74062 -2.39742 -1.34735 -1.01057e-07 
1.34795 0.656818 1.74157 -2.39839 -1.34795 -1.01405e-07 
1.34877 0.656889 1.74286 -2.39974 -1.34877 -1.01806e-07 
1.34985 0.657045 1.74456 -2.40161 -1.34985 -1.02249e-07 
1.35126 0.657322 1.74679 -2.40411 -1.35126 -1.02725e-07 
1.35307 0.657762 1.74966 -2.40742 -1.35307 -1.03222e-07 
1.35537 0.658413 1.75332 -2.41174 -1.35537 -1.03723e-07 
1.35826 0.659333 1.75794 -2.41727 -1.35826 -1.04209e-07 
1.36187 0.660586 1.76371 -2.42429 -1.36187 -1.04656e-07 
1.36634 0.662249 1.77084 -2.43309 -1.36634 -1.05037e-07 
1.37181 0.664409 1.7796 -2.44401 -1.37181 -1.05317e-07 
1.37847 0.667163 1.79027 -2.45743 -1.37847 -1.05456e-07 
1.38652 0.670623 1.80318 -2.47381 -1.38652 -1.05407e-07 
1.39619 0.674915 1.81871 -2.49362 -1.39619 -1.05115e-07 
1.40773 0.680181 1.83725 -2.51743 -1.40773 -1.04516e-07 
1.42144 0.686578 1.85929 -2.54587 -1.42144 -1.03537e-07 
1.43761 0.694269 1.8853 -2.57957 -1.43761 -1.02098e-07 
1.45629 0.70328 1.91535 -2.61863 -1.45629 -1.00148e-07 
1.47733 0.713534 1.94921 -2.66275 -1.47733 -9.76593e-08 
1.5005 0.724898 1.9865 -2.7114 -1.5005 -9.46092e-08 
1.52543 0.737177 2.02663 -2.76381 -1.52543 -9.09837e-08 
1.55167 0.750112 2.06884 -2.81895 -1.55167 -8.67777e-08 
1.57858 0.763365 2.11214 -2.8755 -1.57858 -8.19961e-08 
1.60542 0.776516 2.15528 -2.9318 -1.60542 -7.66555e-08 
1.63125 0.789055 2.19676 -2.98582 -1.63125 -7.07849e-08 
1.65496 0.800372 2.23479 -3.03516 -1.65496 -6.44276e-08 
1.67525 0.809748 2.26723 -3.07698 -1.67525 -5.76423e-08 
1.69059 0.816347 2.29164 -3.10798 -1.69059 -5.05045e-08 
1.69924 0.819207 2.30516 -3.12437 -1.69924 -4.31083e-08 
1.6992 0.817229 2.30457 -3.1218 -1.6992 -3.55676e-08 
1.6882 0.80917 2.28619 -3.09536 -1.6882 -2.8018e-08 
1.66369 0.793626 2.2459 -3.03953 -1.66369 -2.06181e-08 
1.62283 0.769032 2.17908 -2.94811 -1.62283 -1.35515e-08 
1.56245 0.733642 2.08058 -2.81422 -1.56245 -7.02852e-09 
1.47901 0.685521 1.94469 -2.63021 -1.47901 -1.28775e-09 
1.36906 0.622762 1.76581 -2.38857 -1.36906 3.42441e-09 
1.23258 0.54535 1.54385 -2.0892 -1.23258 7.0372e-09 
1.0718 0.454502 1.28235 -1.73686 -1.0718 9.58995e-09 
0.889523 0.351752 0.985779 -1.33753 -0.889523 1.11401e-08 
0.686197 0.2373 0.654747 -0.892047 -0.686197 1.17663e-08 
0.461226 0.110747 0.288114 -0.398861 -0.461226 1.15194e-08 
0.219325 -0.0253331 -0.106658 0.131991 -0.219325 1.04584e-08 
-0.0327722 -0.167264 -0.518879 0.686144 0.0327722 8.7023e-09 
-0.286074 -0.31013 -0.93424 1.24437 0.286074 6.43844e-09 
-0.529039 -0.447622 -1.33435 1.78197 0.529039 3.9324e-09 
-0.747284 -0.571869 -1.69627 2.26814 0.747284 1.53762e-09 
-0.92329 -0.673289 -1.99203 2.66532 0.92329 -2.95197e-10 
-1.04316 -0.744241 -2.19939 2.94363 1.04316 -1.21894e-09 
-1.10773 -0.785058 -2.31952 3.10458 1.10773 -1.32133e-09 
-1.12193 -0.798267 -2.36005 3.15831 1.12193 -8.05792e-10 
-1.09309 -0.78768 -2.33239 3.12007 1.09309 5.96695e-11 
-1.03121 -0.758528 -2.25215 3.01067 1.03121 9.36182e-10 
-0.949212 -0.717594 -2.1395 2.8571 0.949212 1.40745e-09 
-0.863199 -0.673357 -2.01965 2.693 0.863199 9.72981e-10 
-0.7847 -0.631805 -1.91252 2.54432 0.7847 -1.34896e-09 
-0.734302 -0.602935 -1.85266 2.4556 0.734302 -6.56266e-09 
-0.729291 -0.59484 -1.86941 2.46425 0.729291 -1.16268e-08 
-0.757713 -0.600747 -1.95114 2.55188 0.757713 -6.86679e-09 
-0.765557 -0.592786 -2.02622 2.61901 0.765557 2.34485e-08 
-0.7259 -0.559428 -2.05132 2.61074 0.7259 4.59664e-08 
-0.663095 -0.519384 -2.04497 2.56436 0.663095 -7.92037e-08 
-0.615186 -0.501003 -2.03796 2.53896 0.615186 -3.37117e-07 
-0.565087 -0.493068 -2.05021 2.54328 0.565087 -5.67388e-08 
-0.476599 -0.483633 -2.06912 2.55276 0.476599 -3.33112e-08 
-0.348958 -0.479049 -2.07814 2.55719 0.348958 -2.5944e-08 
-0.214596 -0.48746 -2.06195 2.54941 0.214596 -2.3544e-08 
-0.116268 -0.504391 -2.02927 2.53366 0.116268 -1.48521e-08 
-0.0571353 -0.518155 -2.00263 2.52078 0.0571353 -6.16107e-08 
-0.023379 -0.537053 -1.96584 2.50289 0.023379 -1.18055e-07 
-0.00259912 -0.560505 -1.92008 2.48058 0.00259912 -6.28865e-08 
0.00259854 -0.571765 -1.89806 2.46983 -0.00259854 -2.78126e-08 
0.00302808 -0.574589 -1.89253 2.46712 -0.00302808 -1.91708e-08 
0.00139854 -0.584842 -1.8724 2.45724 -0.00139854 1.82406e-09 
1.16975e-05 -0.615275 -1.81247 2.42774 -1.16975e-05 -7.03632e-08 
-4.22891e-06 -0.665695 -1.71263 2.37832 4.22891e-06 -9.49639e-08 
1.06809e-06 -0.734326 -1.57577 2.3101 -1.06809e-06 1.57699e-09 
-2.51325e-09 -0.820934 -1.40176 2.2227 2.51325e-09 -1.06274e-07 
2.24182e-08 -0.924617 -1.19189 2.11651 -2.24182e-08 -1.29126e-07 
2.23793e-08 -1.03227 -0.97248 2.00475 -2.23793e-08 -1.32621e-07 
3.31659e-08 -1.11667 -0.799443 1.91611 -3.31659e-08 -1.93418e-07 
-1.19631e-08 -1.16049 -0.709489 1.86997 1.19631e-08 3.8998e-08 
-7.02016e-09 -1.19044 -0.647729 1.83816 7.02016e-09 1.38812e-08 
-2.64202e-10 -1.24211 -0.540613 1.78273 2.64202e-10 -2.15994e-08 
3.67668e-09 -1.29951 -0.421484 1.72099 -3.67668e-09 -4.31155e-08 
6.06123e-09 -1.34591 -0.325144 1.67105 -6.06123e-09 -5.64836e-08 
7.40887e-09 -1.37479 -0.265169 1.63996 -7.40887e-09 -6.41182e-08 
7.85313e-09 -1.38448 -0.245048 1.62953 -7.85313e-09 -6.664e-08 
