-3.24727 -4 -0.827638 4.82764 3.24727 -7.94872e-08 
-3.24591 -3.99839 -0.827258 4.82565 3.24591 -7.93352e-08 
-3.22562 -3.97428 -0.821549 4.79583 3.22562 -7.70546e-08 
-3.13766 -3.86981 -0.796813 4.66663 3.13766 -6.71719e-08 
-2.90086 -3.58855 -0.730216 4.31877 2.90086 -4.05647e-08 
-2.40153 -2.99548 -0.589792 3.58527 2.40153 1.55385e-08 
-1.49355 -1.91703 -0.33444 2.25147 1.49355 1.17558e-07 
0.00170359 -0.141044 0.0860719 0.0549723 -0.00170359 2.85563e-07 
2.29533 2.58321 0.731111 -3.31432 -2.29533 5.43273e-07 
5.63091 6.54503 1.66918 -8.2142 -5.63091 9.18054e-07 
7.21338 8.68233 1.96003 -10.6424 -7.21338 5.81783e-07 
5.63654 7.46879 1.1221 -8.59089 -5.63654 -9.1057e-07 
1.97888 4.1235 -0.504263 -3.61923 -1.97888 -3.31438e-06 
-3.70947 -1.87591 -2.55684 4.43275 3.70947 -5.46329e-06 
-3.2173 -2.81161 -2.40657 5.21818 3.2173 -3.96426e-06 
0.761492 -0.973161 -0.994453 1.96761 -0.761492 -2.96222e-07 
4.74317 0.866619 0.418688 -1.28531 -4.74317 3.37447e-06 
8.72772 2.70773 1.83285 -4.54059 -8.72772 7.04782e-06 
4.35638 1.34764 1.47516 -2.82281 -4.35638 5.38793e-06 
-0.425692 -0.169577 1.03077 -0.861198 0.425692 3.46666e-06 
-5.21122 -1.6879 0.586063 1.10183 5.21122 1.54401e-06 
-7.85243 -2.52586 0.245941 2.27992 7.85243 -2.02989e-07 
-5.03638 -1.63232 0.172229 1.46009 5.03638 -1.50123e-06 
-2.21829 -0.738142 0.0984639 0.639678 2.21829 -2.80041e-06 
0.601833 0.156686 0.0246454 -0.181331 -0.601833 -4.10053e-06 
1.83286 0.705245 0.0239369 -0.729181 -1.83286 -5.1181e-06 
4.3704 1.62943 -0.1247 -1.50473 -4.3704 -4.42464e-07 
7.60724 2.95949 -0.496519 -2.46297 -7.60724 1.19373e-05 
1.00652 2.64483 -3.85218 1.20735 -1.00652 3.81413e-06 
-7.9918 1.16265 -6.69148 5.52883 7.9918 -8.79816e-06 
-0.10016 0.525733 -1.13898 0.613248 0.10016 -3.46867e-06 
0.0822723 -1.84804 5.0954 -3.24737 -0.0822723 1.02991e-07 
-3.89112 -3.03039 6.64691 -3.61652 3.89112 1.546e-06 
2.99946 -0.489791 -0.778765 1.26856 -2.99946 7.26401e-06 
4.0787 0.574789 -2.65389 2.0791 -4.0787 -6.49911e-06 
-0.645368 1.80415 0.319061 -2.12322 0.645368 -2.53707e-05 
1.23348 1.27043 -0.733187 -0.537235 -1.23348 2.71687e-05 
-4.50204 -5.22081 3.56258 1.65823 4.50204 -5.29154e-06 
0.0348506 0.557118 0.29068 -0.847814 -0.0348506 -1.13837e-06 
-1.54131 -1.17749 1.97243 -0.794814 1.54131 -6.22595e-05 
2.40349 4.28897 0.107386 -4.39638 -2.40349 -2.8448e-05 
-4.36534 -6.77318 1.73329 5.03989 4.36534 1.15304e-05 
2.37151 3.80473 -0.620586 -3.18415 -2.37151 7.45006e-07 
0.0493354 0.264634 0.585785 -0.850423 -0.0493354 1.1935e-05 
1.43016 2.5782 1.12655 -3.70478 -1.43016 -6.21926e-07 
0.697765 1.21111 3.18021 -4.39157 -0.697765 0.000284897 
-0.626059 -1.77151 3.69769 -1.9262 0.626059 0.000143024 
-0.752933 -2.66313 3.77167 -1.1086 0.752933 -0.000213518 
-0.741463 -3.12557 3.63842 -0.512821 0.741463 0.000208631 
-1.16572 -2.56146 -1.40238 3.96392 1.16572 -3.09709e-05 
-0.746684 -0.988243 -3.93011 4.91834 0.746684 -7.91063e-05 
-0.300072 -0.725273 -2.73398 3.45926 0.300072 1.5329e-05 
-0.0131197 -1.44721 2.05869 -0.611464 0.0131197 1.73425e-05 
-1.3658 3.26399 4.5317 -7.79572 1.3658 -2.57837e-05 
-0.453382 2.61094 -8.70239 6.09147 0.453382 4.54933e-06 
0.00660841 1.42198 -8.71244 7.29047 -0.00660841 1.05422e-05 
-0.0218055 0.280109 1.35873 -1.63885 0.0218055 -5.21203e-06 
-0.210222 0.359486 3.43372 -3.79322 0.210222 -5.2511e-06 
1.29975 -4.75862 -1.74212 6.50075 -1.29975 1.9239e-05 
0.25804 3.56532 -3.829 0.263681 -0.25804 -6.05641e-05 
-0.482817 -3.58246 6.71652 -3.13407 0.482817 1.23562e-05 
0.848617 5.3669 -13.0952 7.72828 -0.848617 5.18435e-05 
0.517145 1.03195 -1.44807 0.41612 -0.517145 2.47304e-06 
-0.462557 -7.14509 13.8322 -6.6871 0.462557 -1.15809e-05 
-0.0565759 -2.11265 4.03391 -1.92127 0.0565759 -1.32198e-06 
-0.0574279 -1.60729 3.06346 -1.45617 0.0574279 -1.38649e-06 
-0.0486115 -0.816901 1.55056 -0.733664 0.0486115 -1.30548e-06 
-0.0408328 -0.212174 0.394054 -0.18188 0.0408328 -1.2023e-06 
-0.0339976 0.231649 -0.453645 0.221996 0.0339976 -1.08168e-06 
-0.0280174 0.537836 -1.03723 0.499397 0.0280174 -9.4804e-07 
-0.0228094 0.728155 -1.39853 0.670378 0.0228094 -8.05538e-07 
-0.0182964 0.822877 -1.57649 0.753612 0.0182964 -6.58033e-07 
-0.0140953 0.815538 -1.55787 0.742335 0.0140953 -4.96668e-07 
-0.00913164 0.641772 -1.2164 0.574625 0.00913164 -2.84512e-07 
-0.00563686 0.502812 -0.944639 0.441828 0.00563686 -1.15944e-07 
-0.00331262 0.393184 -0.731447 0.338263 0.00331262 1.60448e-08 
-0.00189185 0.307988 -0.566837 0.25885 0.00189185 1.17732e-07 
-0.00113882 0.242896 -0.441996 0.1991 0.00113882 1.94657e-07 
-0.000849086 0.194159 -0.349283 0.155123 0.000849086 2.51624e-07 
-0.000849514 0.158599 -0.282224 0.123625 0.000849514 2.92701e-07 
-0.000998287 0.133613 -0.235518 0.101905 0.000998287 3.21221e-07 
-0.00118489 0.117173 -0.205035 0.0878616 0.00118489 3.39782e-07 
-0.00133013 0.107827 -0.187814 0.0799862 0.00133013 3.50244e-07 
-0.00138611 0.104696 -0.182064 0.0773677 0.00138611 3.53733e-07 
0.0673732 -1.19306 2.01468 -0.821614 -0.0673732 -8.96585e-06 
0.340635 -0.634028 1.71939 -1.08537 -0.340635 -8.98256e-06 
0.51028 -0.842617 2.51671 -1.6741 -0.51028 1.13466e-05 
0.0533033 -0.638735 0.639657 -0.000916452 -0.0533033 6.15845e-05 
0.730436 -1.25993 2.93919 -1.67922 -0.730436 -0.000112819 
-0.064564 1.23095 -2.63403 1.40305 0.064564 3.26604e-05 
-0.769418 2.22458 -4.51817 2.29359 0.769418 -6.35936e-06 
1.27197 -1.97983 3.96913 -1.9893 -1.27197 2.83167e-06 
-0.25083 0.833534 -1.69682 0.863293 0.25083 -2.46229e-06 
-1.42064 2.93003 -5.91852 2.98849 1.42064 -1.65828e-06 
-0.47029 0.882673 -1.77884 0.896163 0.47029 -1.14752e-06 
-0.282202 0.441928 -0.88712 0.445189 0.282202 4.38321e-08 
1.32943 -1.97924 3.96953 -1.99029 -1.32943 -2.7514e-06 
2.42374 -3.54217 7.09337 -3.55123 -2.42374 -3.53713e-06 
0.199674 0.720417 -1.14953 0.429089 -0.199674 -6.07713e-05 
-0.492233 1.78066 -2.36533 0.584685 0.492233 1.386e-05 
-2.10269 0.87244 -4.04974 3.17729 2.10269 -9.01654e-06 
0.682997 0.605078 0.839129 -1.44421 -0.682997 -2.2897e-06 
3.57409 1.93594 5.64509 -7.58103 -3.57409 9.17699e-06 
-5.47302 -2.19583 -9.0462 11.242 5.47302 2.04953e-06 
-3.584 -1.32715 -5.87689 7.20404 3.584 -1.03168e-06 
5.97682 3.10526 9.81543 -12.9207 -5.97682 -1.17745e-06 
4.26935 2.30763 7.07589 -9.38352 -4.26935 -8.13564e-07 
-1.00338 -0.14364 -1.50724 1.65088 1.00338 -3.51711e-07 
1.06282 0.514402 1.73541 -2.24981 -1.06282 -1.50012e-07 
-0.574199 -0.245784 -0.938529 1.18431 0.574199 -7.33279e-08 
-1.7976 -0.813923 -2.93654 3.75047 1.7976 -1.34117e-08 
-2.65556 -1.21239 -4.3374 5.54979 2.65556 3.16218e-08 
-3.19394 -1.46247 -5.21601 6.67849 3.19394 6.3566e-08 
-3.45623 -1.58436 -5.64347 7.22783 3.45623 8.41222e-08 
-3.48357 -1.59716 -5.68702 7.28417 3.48357 9.48998e-08 
-3.31475 -1.51888 -5.41005 6.92892 3.31475 9.74163e-08 
-2.98623 -1.36644 -4.87213 6.23856 2.98623 9.30974e-08 
-1.73377 -0.783686 -2.82916 3.61285 1.73377 4.04336e-08 
-0.671509 -0.289709 -1.09537 1.38508 0.671509 -1.24516e-09 
0.134733 0.0848713 0.221903 -0.306775 -0.134733 -2.8834e-08 
0.727697 0.360016 1.19207 -1.55209 -0.727697 -4.50203e-08 
1.14641 0.553951 1.87853 -2.43248 -1.14641 -5.22576e-08 
1.42618 0.683169 2.33864 -3.02181 -1.42618 -5.27664e-08 
1.59862 0.762427 2.62373 -3.38616 -1.59862 -4.85334e-08 
1.6916 0.804749 2.7791 -3.58385 -1.6916 -4.1312e-08 
1.72931 0.821425 2.84401 -3.66544 -1.72931 -3.26223e-08 
1.7322 0.82201 2.85171 -3.67372 -1.7322 -2.37506e-08 
1.71702 0.814328 2.82939 -3.64372 -1.71702 -1.575e-08 
1.69681 0.804464 2.79824 -3.6027 -1.69681 -9.44018e-09 
1.68089 0.796773 2.77338 -3.57016 -1.68089 -5.40714e-09 
1.67487 0.793875 2.76394 -3.55782 -1.67487 -4.0036e-09 
-2.17166 -1.02928 -3.58459 4.61388 2.17166 2.89584e-09 
-2.13603 -1.01221 -3.5284 4.54062 2.13603 -4.41795e-09 
-2.06293 -0.977357 -3.41247 4.38982 2.06293 -1.74947e-08 
-1.93191 -0.915165 -3.20359 4.11875 1.93191 -3.76196e-08 
-1.71433 -0.812257 -2.85523 3.66748 1.71433 -6.65938e-08 
-1.37332 -0.651421 -2.30751 2.95893 1.37332 -1.06735e-07 
-0.863815 -0.411607 -1.48724 1.89885 0.863815 -1.60877e-07 
-0.132537 -0.0679328 -0.307855 0.375787 0.132537 -2.32369e-07 
0.882007 0.408321 1.33052 -1.73884 -0.882007 -3.25079e-07 
2.2146 1.03335 3.48454 -4.51789 -2.2146 -4.37203e-07 
2.81892 1.31711 4.45958 -5.77669 -2.81892 -3.74527e-07 
3.26134 1.52469 5.17352 -6.69821 -3.26134 -2.27524e-07 
3.48194 1.62793 5.52969 -7.15762 -3.48194 2.51957e-08 
3.41557 1.59619 5.42302 -7.01921 -3.41557 4.06884e-07 
2.99188 1.39638 4.74003 -6.13641 -2.99188 9.42654e-07 
2.1353 0.992976 3.35883 -4.3518 -2.1353 1.65948e-06 
0.765032 0.34798 1.1491 -1.49708 -0.765032 2.5862e-06 
-1.20492 -0.579047 -2.02788 2.60693 1.20492 3.75351e-06 
-2.7362 -1.29983 -4.4972 5.79703 2.7362 4.19668e-06 
-2.48605 -1.18295 -4.09292 5.27587 2.48605 2.67949e-06 
-6.92028 -3.51911 -13.4507 16.9698 6.92028 1.33914e-05 
4.6106 1.84591 5.20651 -7.05241 -4.6106 -8.08367e-05 
7.93231 3.32583 10.6691 -13.9949 -7.93231 -4.13348e-05 
-2.71158 -2.09846 -8.09764 10.1961 2.71158 0.000134799 
2.22393 -0.0370057 0.454604 -0.41764 -2.22393 -7.95346e-05 
3.73654 -0.257327 1.22935 -0.971941 -3.73654 3.40247e-05 
3.56612 -1.36575 2.63175 -1.26587 -3.56612 8.5554e-05 
-3.8572 -1.31667 2.54882 -1.23238 3.8572 -7.37179e-05 
-4.35171 -0.712117 1.41097 -0.698865 4.35171 -6.95612e-05 
-15.8642 -3.44223 6.75184 -3.30962 15.8642 -6.11743e-05 
2.51699 -0.379399 0.822323 -0.442973 -2.51699 2.37092e-05 
0.259959 -1.71511 3.48919 -1.77399 -0.259959 3.16099e-05 
-0.0166346 -1.76259 3.64511 -1.88256 0.0166346 -3.25665e-05 
0.000370165 -1.63077 3.43572 -1.80477 -0.000370165 -8.18993e-05 
-0.00305342 -1.53421 3.28629 -1.75207 0.00305342 -0.000294259 
0.252057 1.98429 -3.93861 1.95502 -0.252057 0.00125412 
-2.01948 2.50569 -4.501 1.99538 2.01948 9.5073e-05 
6.14158 5.80304 -13.5341 7.7311 -6.14158 3.30369e-05 
-8.80533 -2.91079 8.35069 -5.43989 8.80533 -7.29955e-06 
8.18215 4.0074 -10.3937 6.38632 -8.18215 1.10241e-06 
1.73671 3.06361 -6.81519 3.75157 -1.73671 2.2511e-06 
1.69917 0.669222 -1.82265 1.15342 -1.69917 4.66986e-07 
-0.809828 0.448472 -0.728801 0.280329 0.809828 3.88241e-07 
-3.19671 0.237952 0.312874 -0.550826 3.19671 3.1292e-07 
-5.46398 0.0374545 1.30345 -1.3409 5.46398 2.40953e-07 
-7.61414 -0.153227 2.24398 -2.09075 7.61414 1.72274e-07 
-9.54558 -0.34417 3.09263 -2.74846 9.54558 1.09093e-07 
-6.52897 -0.984323 1.90023 -0.915909 6.52897 1.5496e-07 
-3.65709 -1.59114 0.765815 0.825322 3.65709 1.9834e-07 
-0.926864 -2.16533 -0.311863 2.47719 0.926864 2.39287e-07 
2.44063 -2.43738 -1.47886 3.91624 -2.44063 2.28901e-07 
4.46391 -2.657 -2.21738 4.87438 -4.46391 2.36782e-07 
5.82024 -1.82908 -2.38062 4.2097 -5.82024 1.17692e-07 
6.33603 1.15631 -1.53068 0.374365 -6.33603 -2.69434e-07 
6.60922 3.47026 -0.833532 -2.63673 -6.60922 -5.67026e-07 
6.66729 5.18099 -0.274503 -4.90648 -6.66729 -7.84236e-07 
6.53654 6.35386 0.16046 -6.51432 -6.53654 -9.29834e-07 
6.24214 7.05135 0.484792 -7.53614 -6.24214 -1.0122e-06 
5.80809 7.33307 0.711307 -8.04437 -5.80809 -1.03933e-06 
5.25723 7.25573 0.852201 -8.10793 -5.25723 -1.01884e-06 
2.8902 4.22503 0.621231 -4.84626 -2.8902 -5.24469e-07 
1.02655 1.82942 0.427192 -2.25661 -1.02655 -1.42107e-07 
2.32879 3.08339 0.531964 -3.61535 -2.32879 -2.57095e-07 
1.23976 1.72673 0.483233 -2.20996 -1.23976 5.72219e-09 
-0.00034312 0.179968 0.424927 -0.604895 0.00034312 3.03287e-07 
-1.39963 -1.56709 0.356507 1.21059 1.39963 6.37445e-07 
-2.96637 -3.52488 0.277419 3.24746 2.96637 1.01008e-06 
-4.709 -5.70402 0.187102 5.51692 4.709 1.42312e-06 
-6.63611 -8.11537 0.0849805 8.03038 6.63611 1.87851e-06 
-6.6095 -8.07827 0.0185987 8.05967 6.6095 1.7889e-06 
-5.7831 -7.0395 -0.0383084 7.07781 5.7831 1.47062e-06 
-4.82847 -5.84106 -0.101199 5.94226 4.82847 1.10761e-06 
-3.73937 -4.4752 -0.170345 4.64554 3.73937 6.97728e-07 
-2.50948 -2.93402 -0.246023 3.18004 2.50948 2.38785e-07 
-1.13232 -1.2095 -0.328516 1.53801 1.13232 -2.71438e-07 
0.398669 0.70654 -0.418109 -0.28843 -0.398669 -8.35198e-07 
1.19162 1.22715 0.363698 -1.59085 -1.19162 -8.41671e-07 
4.7825 5.99942 -0.375556 -5.62386 -4.7825 -3.007e-06 
5.64017 7.17313 -0.62562 -6.54751 -5.64017 -3.58331e-06 
2.03578 2.40179 0.0560165 -2.45781 -2.03578 -1.35003e-06 
-4.86971 -6.77204 1.43445 5.33758 4.86971 3.04437e-06 
-2.73228 -3.90705 0.935314 2.97174 2.73228 2.1395e-06 
2.63686 3.24953 -0.215499 -3.03403 -2.63686 -4.95135e-07 
1.16488 1.34961 -0.018724 -1.33089 -1.16488 -2.83828e-06 
-0.791122 -1.24386 0.347049 0.896804 0.791122 -3.75079e-06 
0.998805 -0.962568 2.89591 -1.93335 -0.998805 1.80777e-05 
-1.4007 2.24286 -5.5915 3.34866 1.4007 -2.34185e-05 
3.4353 -5.49786 12.1087 -6.61086 -3.4353 4.02818e-06 
-1.30499 3.1709 -6.84479 3.67389 1.30499 3.29238e-06 
-0.0563213 0.570433 -1.08319 0.512726 0.0563213 3.20831e-06 
0.357272 -0.42256 0.504648 -0.082069 -0.357272 -2.32493e-05 
1.57982 0.342203 2.09197 -2.43416 -1.57982 6.49577e-05 
-1.70348 0.473318 -3.69854 3.22521 1.70348 -4.61203e-05 
1.57863 2.23614 2.10491 -4.34105 -1.57863 2.06905e-05 
-2.84967 -1.24502 -4.77023 6.01525 2.84967 2.72257e-06 
-4.10397 -1.94093 -6.73862 8.67954 4.10397 -3.7523e-06 
0.92763 0.822044 1.46258 -2.28463 -0.92763 -1.5205e-06 
2.21225 1.52581 3.58041 -5.10623 -2.21225 2.42167e-07 
0.650443 0.665342 1.07325 -1.7386 -0.650443 4.51525e-07 
-0.384568 0.0955823 -0.594857 0.499275 0.384568 3.60214e-07 
0.00780346 -0.00157918 0.0121002 -0.010521 -0.00780346 -6.83322e-09 
0.00882344 -0.00101776 0.013745 -0.0127273 -0.00882344 -6.71016e-09 
0.0105898 -4.55485e-05 0.0165936 -0.0165481 -0.0105898 -6.49136e-09 
0.0131382 0.00135709 0.0207038 -0.0220609 -0.0131382 -6.16355e-09 
0.0165191 0.00321795 0.0261574 -0.0293753 -0.0165191 -5.70796e-09 
0.0207981 0.00557298 0.0330603 -0.0386333 -0.0207981 -5.10033e-09 
0.0260551 0.00846625 0.0415424 -0.0500087 -0.0260551 -4.31088e-09 
0.0323853 0.01195 0.0517576 -0.0637076 -0.0323853 -3.30433e-09 
0.0398985 0.0160847 0.0638838 -0.0799684 -0.0398985 -2.0399e-09 
0.0487193 0.0209388 0.0781228 -0.0990616 -0.0487193 -4.71304e-10 
0.0589871 0.026589 0.0947006 -0.12129 -0.0589871 1.45325e-09 
0.0708564 0.0331202 0.113867 -0.146987 -0.0708564 3.79107e-09 
0.084496 0.0406253 0.135896 -0.176522 -0.084496 6.60494e-09 
0.10009 0.0492056 0.161086 -0.210292 -0.10009 9.96316e-09 
0.117837 0.0589703 0.189759 -0.248729 -0.117837 1.39396e-08 
0.137951 0.0700368 0.222259 -0.292296 -0.137951 1.86134e-08 
0.160661 0.0825308 0.258959 -0.341489 -0.160661 2.40696e-08 
0.186208 0.0965859 0.30025 -0.396836 -0.186208 3.03984e-08 
0.214852 0.112344 0.346553 -0.458897 -0.214852 3.76956e-08 
0.246865 0.129956 0.398307 -0.528263 -0.246865 4.60626e-08 
0.250005 0.131689 0.403283 -0.534971 -0.250005 5.07853e-08 
0.235816 0.123893 0.380181 -0.504073 -0.235816 5.36421e-08 
0.211911 0.110754 0.341335 -0.452089 -0.211911 5.58321e-08 
0.177052 0.0915914 0.284737 -0.376328 -0.177052 5.72458e-08 
0.129943 0.0656926 0.20829 -0.273983 -0.129943 5.77687e-08 
0.0692346 0.032315 0.109806 -0.142121 -0.0692346 5.72815e-08 
-0.0064791 -0.0093141 -0.0129908 0.022305 0.0064791 5.56598e-08 
-0.0986588 -0.0599982 -0.162468 0.222466 0.0986588 5.27746e-08 
-0.208821 -0.120571 -0.341081 0.461652 0.208821 4.84919e-08 
-0.338536 -0.191896 -0.551375 0.743272 0.338536 4.26727e-08 
-0.489431 -0.274869 -0.795986 1.07086 0.489431 3.51733e-08 
-0.663189 -0.370415 -1.07764 1.44805 0.663189 2.5845e-08 
-0.861546 -0.479488 -1.39915 1.87864 0.861546 1.45341e-08 
-1.0863 -0.603075 -1.76342 2.36649 1.0863 1.08231e-09 
-1.33928 -0.742192 -2.17344 2.91563 1.33928 -1.46738e-08 
-1.62242 -0.897886 -2.6323 3.53018 1.62242 -3.29025e-08 
-1.93765 -1.07123 -3.14317 4.2144 1.93765 -5.37769e-08 
-2.287 -1.26334 -3.70931 4.97265 2.287 -7.74751e-08 
-2.67254 -1.47535 -4.33407 5.80942 2.67254 -1.0418e-07 
-2.64227 -1.45925 -4.28981 5.74906 2.64227 -1.09456e-07 
-2.41932 -1.33747 -3.93574 5.27321 2.41932 -1.05475e-07 
-2.14126 -1.1855 -3.49341 4.67891 2.14126 -9.97743e-08 
-1.80447 -1.00136 -2.95696 3.95833 1.80447 -9.22354e-08 
-2.16811 -1.21188 -3.56522 4.7771 2.16811 -8.71683e-08 
-1.69867 -0.955758 -2.82244 3.7782 1.69867 -8.13765e-08 
-1.03189 -0.59157 -1.76374 2.35531 1.03189 -6.96479e-08 
-0.140686 -0.104468 -0.345679 0.450147 0.140686 -5.10966e-08 
1.00343 0.521152 1.47741 -1.99856 -1.00343 -2.47916e-08 
2.43031 1.30165 3.75341 -5.05506 -2.43031 1.02436e-08 
4.17121 2.25416 6.53243 -8.78659 -4.17121 5.50304e-08 
5.78426 3.13916 9.11167 -12.2508 -5.78426 9.6452e-08 
5.51299 3.00405 8.69621 -11.7003 -5.51299 8.20983e-08 
5.02558 2.75393 7.94131 -10.6952 -5.02558 6.19349e-08 
4.29836 2.37616 6.80976 -9.18592 -4.29836 3.53575e-08 
3.30679 1.85763 5.26293 -7.12056 -3.30679 1.7389e-09 
2.0254 1.18475 3.26081 -4.44556 -2.0254 -3.95707e-08 
0.427864 0.343463 0.761968 -1.10543 -0.427864 -8.9244e-08 
-1.51306 -0.680779 -2.27642 2.9572 1.51306 -1.47976e-07 
-2.98088 -1.35846 -4.97031 6.32877 2.98088 -3.22225e-07 
-4.73969 -2.18121 -7.93204 10.1133 4.73969 -3.87661e-08 
-3.72128 -1.59314 -7.01993 8.61307 3.72128 8.91801e-07 
2.10683 1.42754 0.677774 -2.10531 -2.10683 2.83841e-06 
4.9562 2.66549 5.23587 -7.90136 -4.9562 -2.27419e-07 
3.12942 1.26691 3.45465 -4.72157 -3.12942 -1.2929e-05 
-2.08036 -2.62381 -0.0643668 2.68817 2.08036 -2.13751e-05 
-0.21563 -0.939471 -2.12566 3.06515 0.21563 6.8065e-05 
4.15132 0.287499 -0.424752 0.137218 -4.15132 -5.63966e-05 
3.80418 -0.542791 0.376839 0.166042 -3.80418 5.26096e-05 
3.28927 -1.58855 3.11875 -1.5299 -3.28927 0.000165149 
-3.77245 -0.954875 1.85192 -0.897223 3.77245 -6.39728e-05 
-3.02334 -1.21677 2.38841 -1.1719 3.02334 4.36395e-05 
-2.85207 -1.28481 2.5224 -1.23757 2.85207 1.50106e-05 
-1.45983 -0.254914 0.506122 -0.251219 1.45983 1.03974e-05 
-1.69236 1.41298 -2.75206 1.33907 1.69236 -3.18703e-06 
-0.366673 0.785271 -1.53515 0.749882 0.366673 -2.58147e-06 
0.14967 -2.03217 3.98271 -1.95054 -0.14967 6.01593e-06 
-0.622294 -1.63421 3.22958 -1.59538 0.622294 -1.10341e-05 
-1.09615 -1.11086 2.25684 -1.14594 1.09615 3.60579e-05 
-0.125249 -1.6899 3.44378 -1.75397 0.125249 6.04609e-05 
-0.00681107 -1.8649 3.84936 -1.98444 0.00681107 -1.02869e-05 
0.000148479 -1.74644 3.6643 -1.91792 -0.000148479 0.000122377 
-8.66792e-05 -1.15956 2.51848 -1.35895 8.66792e-05 0.000410678 
1.21008e-05 3.3208 -6.70574 3.38491 -1.21008e-05 -6.59455e-05 
-1.64561e-05 5.02745 -10.3301 5.30272 1.64561e-05 8.37865e-05 
3.06621e-06 1.9268 -3.90907 1.98227 -3.06621e-06 -1.58592e-05 
-1.60262e-08 -2.48201 5.17898 -2.69697 1.60262e-08 -3.65404e-08 
-2.76985e-07 -0.443008 0.93299 -0.489981 2.76985e-07 1.37832e-06 
-1.4796e-07 1.17662 -2.43917 1.26255 1.4796e-07 7.78553e-07 
-1.00037e-07 1.7782 -3.69169 1.91349 1.00037e-07 5.55782e-07 
-8.89775e-08 1.91702 -3.98073 2.06371 8.89775e-08 5.04373e-07 
-8.82403e-08 1.92628 -4 2.07372 8.82403e-08 5.00946e-07 
