-0 -0 -0 0 0 -0 
-0.325734 -0.401242 -0.0830199 0.484262 0.325734 -7.97099e-09 
-0.650654 -0.801517 -0.165811 0.967327 0.650654 -1.58505e-08 
-0.970687 -1.19599 -0.247227 1.44321 0.970687 -2.31809e-08 
-1.27524 -1.57208 -0.324291 1.89637 1.27524 -2.87725e-08 
-1.54396 -1.9056 -0.391277 2.29688 1.54396 -3.03374e-08 
-1.74345 -2.15689 -0.438793 2.59569 1.74345 -2.41235e-08 
-1.82402 -2.26695 -0.452866 2.71981 1.82402 -4.54841e-09 
-1.71645 -2.15353 -0.414026 2.56755 1.71645 3.61667e-08 
-1.32869 -1.70732 -0.296389 2.00371 1.32869 1.08363e-07 
-0.628341 -0.882642 -0.0951459 0.977788 0.628341 2.01336e-07 
0.0315175 -0.0568639 0.0652796 -0.00841571 -0.0315175 1.91636e-07 
0.433028 0.544644 0.103643 -0.648287 -0.433028 -1.18162e-08 
0.330786 0.638634 -0.0539938 -0.58464 -0.330786 -4.5301e-07 
-0.126111 0.316401 -0.342568 0.0261674 0.126111 -9.93961e-07 
-0.249316 0.126548 -0.51317 0.386621 0.249316 -1.20769e-06 
0.0267692 0.121193 -0.542058 0.420865 -0.0267692 -1.05331e-06 
0.702435 0.300469 -0.429131 0.128662 -0.702435 -5.30552e-07 
1.37823 0.511356 -0.259069 -0.252287 -1.37823 1.05662e-07 
1.57542 0.570456 -0.133371 -0.437086 -1.57542 5.49814e-07 
1.29271 0.477296 -0.0522684 -0.425027 -1.29271 8.01157e-07 
0.560165 0.241418 -0.0143091 -0.227109 -0.560165 8.62061e-07 
-0.0863458 0.0328411 0.00666644 -0.0395076 0.0863458 7.76586e-07 
-0.450252 -0.0860652 0.0202446 0.0658205 0.450252 5.60827e-07 
-0.53135 -0.115236 0.0264202 0.0888158 0.53135 2.14689e-07 
-0.447093 -0.0790739 0.031857 0.0472169 0.447093 -2.82352e-07 
-0.143414 0.0346742 0.0277729 -0.0624471 0.143414 -6.18206e-07 
0.46312 0.263436 0.00188517 -0.265322 -0.46312 -8.43173e-08 
0.950858 0.552427 -0.197326 -0.355102 -0.950858 7.82609e-07 
0.453947 0.726651 -0.786598 0.0599476 -0.453947 3.81667e-07 
0.0161559 0.813876 -1.20197 0.388092 -0.0161559 -2.57417e-07 
0.215854 0.774416 -0.974889 0.200473 -0.215854 -3.55174e-07 
-0.0571598 0.501642 -0.318427 -0.183214 0.0571598 -3.04172e-07 
-0.0927272 0.328317 -0.0337427 -0.294574 0.0927272 1.45755e-07 
0.432012 0.421274 -0.358353 -0.0629204 -0.432012 7.9059e-07 
0.371152 0.385363 -0.310227 -0.075137 -0.371152 -2.32807e-06 
0.655109 0.788434 -0.515911 -0.272523 -0.655109 -1.03975e-09 
0.393875 0.480155 -0.299218 -0.180936 -0.393875 7.05893e-07 
0.252722 0.347775 -0.170418 -0.177356 -0.252722 6.21127e-07 
0.516655 0.722321 -0.318944 -0.403377 -0.516655 -1.73125e-06 
0.356915 0.530617 -0.183127 -0.347491 -0.356915 3.33885e-06 
0.393146 0.620223 -0.131328 -0.488895 -0.393146 -1.0147e-06 
0.0669838 0.107178 -0.0183428 -0.0888352 -0.0669838 -2.13e-08 
0.15742 0.262213 -0.0120564 -0.250158 -0.15742 1.09527e-06 
0.358639 0.601048 0.0109217 -0.611969 -0.358639 -4.97563e-07 
0.467159 0.799626 0.222256 -1.02188 -0.467159 9.26901e-07 
0.46749 0.766721 0.586569 -1.35329 -0.46749 7.9667e-07 
0.40041 0.545733 0.972019 -1.51775 -0.40041 -1.89665e-06 
0.329328 0.257909 1.35804 -1.61595 -0.329328 1.77647e-06 
0.233028 -0.0532401 1.52933 -1.47609 -0.233028 -8.89474e-07 
0.139091 -0.221954 1.29758 -1.07563 -0.139091 1.12324e-06 
0.0783946 -0.237582 1.1217 -0.88412 -0.0783946 -1.38494e-06 
0.0867658 -0.413872 1.05698 -0.64311 -0.0867658 9.98633e-07 
0.0109176 -0.301108 1.40293 -1.10182 -0.0109176 3.7898e-07 
-0.0872048 0.0138167 1.22046 -1.23428 0.0872048 -8.95861e-07 
-0.0989824 0.222454 0.0574983 -0.279952 0.0989824 4.43839e-07 
-0.100153 0.302992 -0.256721 -0.0462702 0.100153 6.20863e-07 
-0.121239 0.357846 0.0627255 -0.420572 0.121239 -9.77187e-08 
-0.0798863 0.180826 0.21875 -0.399577 0.0798863 3.3966e-07 
0.0294454 -0.0267952 -0.111363 0.138158 -0.0294454 -6.94295e-07 
-0.00580863 0.278166 -0.1169 -0.161267 0.00580863 -5.77498e-06 
-0.0161976 -0.17143 0.300723 -0.129292 0.0161976 3.05763e-08 
0.0896474 0.704736 -1.40573 0.700995 -0.0896474 2.43275e-06 
0.077898 0.118024 -0.254141 0.136118 -0.077898 1.73539e-06 
0.0322851 -0.224239 0.414844 -0.190606 -0.0322851 6.92752e-07 
0.0262436 -0.424261 0.796485 -0.372224 -0.0262436 5.53e-07 
0.0209338 -0.544198 1.02474 -0.480538 -0.0209338 4.17767e-07 
0.0164556 -0.594369 1.1195 -0.525131 -0.0164556 2.91814e-07 
0.0127097 -0.592147 1.11412 -0.521974 -0.0127097 1.77125e-07 
0.00960586 -0.552492 1.03731 -0.484818 -0.00960586 7.52244e-08 
0.00706254 -0.48811 0.913443 -0.425334 -0.00706254 -1.27913e-08 
0.00500621 -0.409592 0.762841 -0.353248 -0.00500621 -8.62294e-08 
0.0033729 -0.325752 0.602403 -0.276652 -0.0033729 -1.44684e-07 
0.00222147 -0.252969 0.463881 -0.210911 -0.00222147 -1.83472e-07 
0.00149167 -0.195825 0.356019 -0.160194 -0.00149167 -2.03224e-07 
0.0010514 -0.151106 0.272394 -0.121287 -0.0010514 -2.07957e-07 
0.000796862 -0.116121 0.20764 -0.0915187 -0.000796862 -2.01017e-07 
0.000649525 -0.088641 0.157336 -0.0686955 -0.000649525 -1.85162e-07 
0.000552915 -0.0668411 0.117886 -0.051045 -0.000552915 -1.62629e-07 
0.000469499 -0.0492454 0.0864008 -0.0371554 -0.000469499 -1.35208e-07 
0.000377545 -0.0346674 0.0605824 -0.025915 -0.000377545 -1.04321e-07 
0.000267975 -0.0221526 0.038606 -0.0164533 -0.000267975 -7.10912e-08 
0.000141229 -0.0109215 0.0190025 -0.00808105 -0.000141229 -3.64181e-08 
4.12091e-06 -0.000311248 0.000541253 -0.000230004 -4.12091e-06 -1.05163e-09 
0.0040034 -0.185069 0.31901 -0.133942 -0.0040034 -7.99046e-07 
0.0209609 -0.244031 0.434933 -0.190901 -0.0209609 -1.74516e-06 
0.0690459 -0.336784 0.698825 -0.362041 -0.0690459 -1.93458e-06 
0.0986274 -0.410632 0.860576 -0.449944 -0.0986274 2.13522e-06 
0.141499 -0.546428 1.10782 -0.561388 -0.141499 1.82355e-06 
0.172333 -0.543944 1.108 -0.564055 -0.172333 1.97021e-06 
0.160829 -0.427882 0.868994 -0.44111 -0.160829 -2.63208e-07 
0.134796 -0.318516 0.64511 -0.326594 -0.134796 5.50913e-07 
0.254114 -0.509044 1.02761 -0.518561 -0.254114 3.87858e-07 
0.141266 -0.263175 0.530409 -0.267233 -0.141266 1.84995e-07 
0.0564161 -0.0928029 0.186503 -0.0936997 -0.0564161 2.91454e-08 
0.021921 -0.0333841 0.0669796 -0.0335954 -0.021921 -2.37867e-08 
0.0277141 -0.0415282 0.083296 -0.0417677 -0.0277141 -4.81515e-08 
0.212614 -0.319233 0.640658 -0.321427 -0.212614 -8.90472e-07 
0.347918 -0.430985 0.86553 -0.434547 -0.347918 6.38016e-07 
0.310811 -0.334325 0.649512 -0.315186 -0.310811 4.01314e-07 
0.213051 -0.188834 0.386035 -0.197201 -0.213051 1.20443e-07 
0.115192 -0.185276 0.191347 -0.00607091 -0.115192 -6.71136e-07 
0.349467 -0.048212 0.550551 -0.50234 -0.349467 -2.54315e-07 
0.188329 -0.0920833 0.272021 -0.179938 -0.188329 2.84995e-07 
-0.452765 -0.355538 -0.781677 1.13721 0.452765 2.9777e-07 
-0.199417 -0.204463 -0.366098 0.570561 0.199417 1.8061e-07 
0.372517 0.0939556 0.576076 -0.670032 -0.372517 7.84166e-08 
0.540868 0.20459 0.862947 -1.06754 -0.540868 2.0499e-08 
0.733338 0.296485 1.17746 -1.47395 -0.733338 1.083e-09 
0.754181 0.308257 1.21144 -1.5197 -0.754181 -9.97125e-09 
0.631961 0.253593 1.01176 -1.26535 -0.631961 -1.41899e-08 
0.405734 0.150627 0.642226 -0.792853 -0.405734 -1.31597e-08 
0.10984 0.0153029 0.158971 -0.174274 -0.10984 -8.28298e-09 
-0.22586 -0.138514 -0.389217 0.527732 0.22586 -7.86709e-10 
-0.575754 -0.298932 -0.960485 1.25942 0.575754 8.26817e-09 
-0.918237 -0.455919 -1.51953 1.97545 0.918237 1.79776e-08 
-1.23548 -0.601197 -2.03722 2.63842 1.23548 2.7585e-08 
-1.47456 -0.710131 -2.42732 3.13745 1.47456 3.43997e-08 
-1.59288 -0.762886 -2.62038 3.38327 1.59288 3.62358e-08 
-1.61785 -0.772248 -2.66101 3.43326 1.61785 3.46208e-08 
-1.57298 -0.749181 -2.58746 3.33664 1.57298 3.08316e-08 
-1.47767 -0.702729 -2.43132 3.13405 1.47767 2.58871e-08 
-1.34761 -0.6402 -2.21812 2.85832 1.34761 2.05715e-08 
-1.19511 -0.567329 -1.96794 2.53527 1.19511 1.54585e-08 
-1.02952 -0.488462 -1.69603 2.18449 1.02952 1.09336e-08 
-0.857557 -0.406722 -1.41337 1.82009 0.857557 7.21858e-09 
-0.683715 -0.324189 -1.12732 1.45151 0.683715 4.3942e-09 
-0.510614 -0.242071 -0.84221 1.08428 0.510614 2.42394e-09 
-0.339381 -0.160876 -0.559931 0.720807 0.339381 1.17736e-09 
-0.170023 -0.0805909 -0.280562 0.361153 0.170023 4.53492e-10 
-0.00179657 -0.000851559 -0.00296478 0.00381633 0.00179657 4.29439e-12 
-0.21622 -0.102484 -0.356843 0.459327 0.21622 4.41167e-10 
-0.432541 -0.205003 -0.714022 0.919025 0.432541 4.08992e-10 
-0.643544 -0.304982 -1.06279 1.36777 0.643544 -6.37376e-10 
-0.844514 -0.400188 -1.3956 1.79578 0.844514 -3.33621e-09 
-1.02827 -0.48724 -1.7009 2.18814 1.02827 -8.48061e-09 
-1.18435 -0.561224 -1.96181 2.52303 1.18435 -1.70703e-08 
-1.29818 -0.615303 -2.15477 2.77007 1.29818 -3.03632e-08 
-1.35026 -0.640339 -2.24821 2.88855 1.35026 -4.99277e-08 
-1.31531 -0.624504 -2.2012 2.82571 1.31531 -7.7694e-08 
-1.16157 -0.552929 -1.96225 2.51518 1.16157 -1.15994e-07 
-0.907976 -0.434506 -1.56198 1.99648 0.907976 -1.5733e-07 
-0.601399 -0.291212 -1.07621 1.36743 0.601399 -1.8832e-07 
-0.261042 -0.132082 -0.535931 0.668013 0.261042 -1.99447e-07 
0.0876173 0.0309003 0.01778 -0.0486804 -0.0876173 -1.78955e-07 
0.412306 0.182555 0.532866 -0.715422 -0.412306 -1.12661e-07 
0.67343 0.304261 0.945468 -1.24973 -0.67343 1.62293e-08 
0.823554 0.373707 1.17908 -1.55278 -0.823554 2.27309e-07 
0.806876 0.36465 1.14368 -1.50834 -0.806876 5.4316e-07 
0.579497 0.256444 0.768492 -1.02494 -0.579497 9.71177e-07 
0.315966 0.131164 0.335058 -0.466222 -0.315966 1.32094e-06 
0.0114499 -0.0333318 -0.351799 0.385131 -0.0114499 2.95528e-06 
-0.469907 -0.288913 -1.3552 1.64411 0.469907 8.57119e-07 
0.622293 0.18844 0.187547 -0.375986 -0.622293 -8.66157e-06 
0.525461 0.0797896 -0.287504 0.207711 -0.525461 -4.76468e-07 
0.83143 0.12845 -0.14091 0.0124624 -0.83143 4.55964e-06 
1.01749 0.0824388 -0.154456 0.0720172 -1.01749 -7.24499e-07 
1.36519 -0.00132757 0.00354954 -0.0022231 -1.36519 -6.00233e-07 
1.37583 -0.165492 0.3188 -0.153307 -1.37583 3.5553e-06 
1.01168 -0.25245 0.488789 -0.236344 -1.01168 9.53763e-07 
0.660113 -0.276903 0.53923 -0.262326 -0.660113 2.98887e-06 
0.00751539 -0.447617 0.877928 -0.430311 -0.00751539 1.34029e-06 
0.00125981 -0.595728 1.17758 -0.581853 -0.00125981 -8.30855e-08 
0.000129713 -0.777867 1.55063 -0.772761 -0.000129713 1.68139e-06 
-1.7184e-06 -0.955756 1.9213 -0.965536 1.7184e-06 -1.11397e-06 
4.09587e-06 -1.12465 2.27894 -1.15429 -4.09587e-06 -1.39198e-06 
0.00202872 -1.22756 2.50592 -1.27836 -0.00202872 -2.38585e-06 
0.0198661 -0.97137 1.99079 -1.01942 -0.0198661 6.04379e-06 
0.189199 -0.643323 1.2787 -0.63538 -0.189199 -5.06435e-07 
-0.272717 -0.682493 1.48482 -0.802323 0.272717 -3.65349e-08 
-0.22527 -0.606681 1.31914 -0.712454 0.22527 -4.01104e-07 
0.383475 -0.211219 0.342703 -0.131484 -0.383475 -1.80654e-07 
0.535792 -0.0712606 0.0128767 0.058384 -0.535792 -7.74221e-08 
0.57937 -0.0152842 -0.114662 0.129946 -0.57937 -3.45534e-08 
0.377394 0.0190616 -0.135092 0.116031 -0.377394 5.87988e-10 
-0.0580089 0.0327929 -0.0535961 0.0208032 0.0580089 2.83421e-08 
-0.714967 0.0269046 0.124754 -0.151659 0.714967 4.90421e-08 
-1.58175 0.00236101 0.394947 -0.397308 1.58175 6.30167e-08 
-2.38681 -0.064557 0.644896 -0.580339 2.38681 7.62824e-08 
-2.89654 -0.194016 0.778143 -0.584127 2.89654 9.40243e-08 
-3.1253 -0.382707 0.800444 -0.417737 3.1253 1.15995e-07 
-3.03324 -0.614714 0.705438 -0.0907245 3.03324 1.39275e-07 
-2.68268 -0.871155 0.518363 0.352792 2.68268 1.62699e-07 
-2.15623 -1.13153 0.272146 0.859386 2.15623 1.84911e-07 
-1.54433 -1.15937 0.0772985 1.08207 1.54433 1.76512e-07 
-0.893095 -0.921982 -0.0400737 0.962056 0.893095 1.33846e-07 
-0.225468 -0.483277 -0.094557 0.577834 0.225468 6.54326e-08 
0.438298 0.0995339 -0.0992972 -0.000236697 -0.438298 -2.1107e-08 
1.08053 0.77565 -0.0660615 -0.709589 -1.08053 -1.19013e-07 
1.68603 1.5004 -0.0053002 -1.4951 -1.68603 -2.22345e-07 
2.24195 2.23493 0.0737907 -2.30872 -2.24195 -3.25949e-07 
2.64645 2.80564 0.147426 -2.95306 -2.64645 -4.02441e-07 
2.83892 3.10427 0.199713 -3.30398 -2.83892 -4.34987e-07 
3.06637 3.41433 0.251369 -3.6657 -3.06637 -4.64181e-07 
3.2466 3.65715 0.302369 -3.95952 -3.2466 -4.77073e-07 
3.31007 3.75442 0.348004 -4.10243 -3.31007 -4.61871e-07 
3.24121 3.68656 0.387287 -4.07385 -3.24121 -4.14999e-07 
3.02365 3.43296 0.419175 -3.85213 -3.02365 -3.32689e-07 
2.64016 2.97194 0.442572 -3.41451 -2.64016 -2.10988e-07 
2.07268 2.28075 0.45632 -2.73708 -2.07268 -4.57428e-08 
1.38185 1.43536 0.460992 -1.89635 -1.38185 1.45543e-07 
0.759204 0.675761 0.460052 -1.13581 -0.759204 3.09403e-07 
0.225837 0.0283144 0.453106 -0.481421 -0.225837 4.39109e-07 
-0.20507 -0.490574 0.439539 0.051035 0.20507 5.30064e-07 
-0.519712 -0.863714 0.41871 0.445004 0.519712 5.77459e-07 
-0.70364 -1.07312 0.38995 0.683167 0.70364 5.76259e-07 
-0.741753 -1.09998 0.35256 0.74742 0.741753 5.21208e-07 
-0.757492 -1.13636 0.380657 0.755705 0.757492 4.97794e-07 
-0.423463 -0.729839 0.37616 0.353679 0.423463 2.88677e-07 
0.126246 -0.0332688 0.320357 -0.287088 -0.126246 -5.88175e-08 
0.559529 0.511322 0.281671 -0.792993 -0.559529 -3.36678e-07 
0.343908 0.194279 0.371726 -0.566004 -0.343908 -2.08373e-07 
-0.0611925 -0.372971 0.495398 -0.122427 0.0611925 6.40141e-08 
-0.0913718 -0.439684 0.53663 -0.0969456 0.0913718 1.61954e-07 
0.109889 -0.19508 0.52287 -0.32779 -0.109889 4.8189e-09 
0.104818 -0.218957 0.54091 -0.321953 -0.104818 -4.21656e-07 
0.10146 -0.407835 0.803488 -0.395654 -0.10146 -1.69551e-07 
0.143691 -0.364371 0.797991 -0.43362 -0.143691 5.39947e-07 
0.437689 -0.894874 1.92787 -1.033 -0.437689 4.22158e-08 
0.181067 -0.282352 0.614041 -0.331687 -0.181067 -3.19224e-07 
0.219197 -0.316871 0.692989 -0.376118 -0.219197 3.77871e-07 
0.197189 -0.248648 0.538504 -0.289858 -0.197189 -4.49947e-07 
0.27864 -0.271149 0.654551 -0.383401 -0.27864 -1.96952e-08 
0.132786 -0.273107 0.322234 -0.0491275 -0.132786 -8.93816e-07 
0.276818 -0.0546431 0.487446 -0.432803 -0.276818 -6.55032e-07 
0.248663 -0.0224084 0.419766 -0.397356 -0.248663 4.10278e-07 
-0.135692 -0.201791 -0.215018 0.416809 0.135692 2.85829e-07 
-0.347949 -0.287039 -0.565297 0.852336 0.347949 -4.08653e-08 
-0.146945 -0.145354 -0.241745 0.387099 0.146945 -8.46792e-08 
0.00309118 -0.0319117 0.00223887 0.0296727 -0.00309118 -4.33417e-08 
0.00353816 -0.000840584 0.0054761 -0.00463552 -0.00353816 -3.26285e-09 
0.000693939 -0.000154057 0.00107491 -0.000920859 -0.000693939 -6.25665e-10 
0.0015218 -0.000287691 0.00236141 -0.00207372 -0.0015218 -1.30575e-09 
0.00248919 -0.00034453 0.00387291 -0.00352838 -0.00248919 -1.96878e-09 
0.00367264 -0.000282445 0.00573287 -0.00545043 -0.00367264 -2.60452e-09 
0.00515302 -5.69329e-05 0.00807175 -0.00801482 -0.00515302 -3.20115e-09 
0.007017 0.000379711 0.0110294 -0.0114092 -0.007017 -3.74467e-09 
0.00935857 0.0010792 0.0147577 -0.0158369 -0.00935857 -4.21839e-09 
0.0122805 0.00209809 0.0194223 -0.0215204 -0.0122805 -4.60234e-09 
0.0158958 0.00349858 0.025206 -0.0287046 -0.0158958 -4.87274e-09 
0.0203293 0.00534933 0.0323104 -0.0376597 -0.0203293 -5.00146e-09 
0.0257191 0.00772629 0.0409585 -0.0486848 -0.0257191 -4.95541e-09 
0.0322179 0.0107135 0.0513974 -0.0621109 -0.0322179 -4.69607e-09 
0.0399947 0.014404 0.0639002 -0.0783042 -0.0399947 -4.17887e-09 
0.0492363 0.0189004 0.078769 -0.0976694 -0.0492363 -3.35267e-09 
0.0601485 0.0243161 0.0963366 -0.120653 -0.0601485 -2.15922e-09 
0.072958 0.0307756 0.11697 -0.147745 -0.072958 -5.32563e-10 
0.0879134 0.0384158 0.14107 -0.179486 -0.0879134 1.60148e-09 
0.105287 0.0473865 0.16908 -0.216466 -0.105287 4.32587e-09 
0.125377 0.0578514 0.201479 -0.259331 -0.125377 7.7329e-09 
0.148507 0.0699889 0.238793 -0.308782 -0.148507 1.19248e-08 
0.173831 0.0833335 0.279651 -0.362984 -0.173831 1.68365e-08 
0.198276 0.0961951 0.319072 -0.415267 -0.198276 2.20796e-08 
0.22082 0.108012 0.355403 -0.463415 -0.22082 2.75768e-08 
0.240427 0.118215 0.386963 -0.505178 -0.240427 3.32557e-08 
0.255933 0.126164 0.411868 -0.538032 -0.255933 3.90326e-08 
0.266044 0.131145 0.428017 -0.559162 -0.266044 4.48124e-08 
0.269323 0.132371 0.433086 -0.565458 -0.269323 5.04875e-08 
0.264193 0.128974 0.424519 -0.553492 -0.264193 5.59376e-08 
0.248927 0.120003 0.399515 -0.519518 -0.248927 6.10293e-08 
0.221642 0.104423 0.355026 -0.459449 -0.221642 6.56155e-08 
0.180296 0.0811119 0.287741 -0.368853 -0.180296 6.95349e-08 
0.12268 0.048854 0.194083 -0.242937 -0.12268 7.26114e-08 
0.046413 0.0063406 0.0701943 -0.0765348 -0.046413 7.4654e-08 
-0.051061 -0.0478345 -0.0880678 0.135902 0.051061 7.54559e-08 
-0.172482 -0.115178 -0.285142 0.400321 0.172482 7.47941e-08 
-0.320779 -0.1973 -0.525773 0.723074 0.320779 7.24291e-08 
-0.499073 -0.295918 -0.815018 1.11094 0.499073 6.81042e-08 
-0.710685 -0.412857 -1.15826 1.57111 0.710685 6.15451e-08 
-0.959141 -0.550056 -1.5612 2.11126 0.959141 5.24593e-08 
-1.23143 -0.700385 -2.00296 2.70334 1.23143 4.14437e-08 
-1.48577 -0.84091 -2.41626 3.25717 1.48577 3.06491e-08 
-1.715 -0.967721 -2.78966 3.75738 1.715 2.03391e-08 
-1.91342 -1.07769 -3.11402 4.19171 1.91342 1.06921e-08 
-2.1409 -1.20458 -3.48705 4.69163 2.1409 1.8367e-09 
-2.33639 -1.31415 -3.80991 5.12407 2.33639 -6.66344e-09 
-2.47512 -1.39273 -4.04277 5.4355 2.47512 -1.4292e-08 
-2.53593 -1.42873 -4.15177 5.5805 2.53593 -2.04093e-08 
-2.49489 -1.40906 -4.09859 5.50765 2.49489 -2.42846e-08 
-2.32515 -1.31899 -3.84021 5.1592 2.32515 -2.50915e-08 
-1.99678 -1.14215 -3.3287 4.47084 1.99678 -2.19033e-08 
-1.48135 -0.862923 -2.51846 3.38138 1.48135 -1.3829e-08 
-0.91298 -0.553874 -1.62254 2.17642 0.91298 -4.82695e-09 
-0.382469 -0.264045 -0.785028 1.04907 0.382469 2.44871e-09 
0.0873193 -0.005602 -0.0418162 0.047418 -0.0873193 7.38503e-09 
0.471103 0.207995 0.567378 -0.775373 -0.471103 9.30731e-09 
0.741094 0.361947 0.9989 -1.36085 -0.741094 7.47676e-09 
0.866904 0.440069 1.20501 -1.64508 -0.866904 1.0883e-09 
0.815458 0.424741 1.13374 -1.55848 -0.815458 -1.07318e-08 
0.68895 0.373591 0.905983 -1.27957 -0.68895 -3.85623e-08 
0.285938 0.188002 0.237118 -0.425119 -0.285938 -6.07242e-08 
-0.169573 -0.0170821 -0.556563 0.573645 0.169573 -2.478e-08 
-0.300288 -0.050515 -0.945056 0.995571 0.300288 1.52101e-07 
0.181219 0.224468 -0.489287 0.264819 -0.181219 3.94835e-07 
0.58114 0.41973 -0.0438139 -0.375916 -0.58114 -1.4487e-07 
0.566346 0.301426 0.0999922 -0.401419 -0.566346 -2.59706e-06 
0.419376 0.0926481 0.00556851 -0.0982165 -0.419376 -1.06281e-06 
0.668447 0.0815728 -0.23911 0.157539 -0.668447 5.16952e-06 
1.08321 0.0851274 -0.169116 0.0839885 -1.08321 -6.00432e-07 
1.45441 -0.0129945 0.02425 -0.0112551 -1.45441 3.34133e-07 
1.16901 -0.142185 0.273959 -0.131773 -1.16901 2.98177e-06 
0.803939 -0.201091 0.389294 -0.188204 -0.803939 5.40703e-07 
0.397291 -0.0959464 0.185926 -0.0899779 -0.397291 -1.57876e-06 
0.297443 -0.266014 0.518617 -0.252602 -0.297443 3.56701e-07 
0.113967 -0.174796 0.341403 -0.166607 -0.113967 5.22235e-07 
0.0138985 -0.0620691 0.121526 -0.0594568 -0.0138985 1.94108e-07 
0.00109701 -0.0139398 0.0273186 -0.0133789 -0.00109701 4.13779e-08 
-0.0557607 -0.178587 0.35128 -0.172693 0.0557607 1.05681e-07 
0.0204962 -0.424758 0.837894 -0.413137 -0.0204962 -8.27581e-07 
0.00238508 -0.594605 1.18112 -0.586509 -0.00238508 3.24418e-07 
-3.21688e-05 -0.774637 1.55027 -0.77563 3.21688e-05 -1.00842e-07 
1.20401e-06 -0.949791 1.91521 -0.965419 -1.20401e-06 -2.81138e-06 
6.36292e-07 -1.10416 2.24295 -1.13878 -6.36292e-07 -3.15785e-06 
-1.88524e-06 -0.973305 1.99026 -1.01695 1.88524e-06 9.36255e-06 
-7.00037e-07 -0.744896 1.53186 -0.786968 7.00037e-07 3.60724e-06 
-2.69739e-08 -0.224375 0.460279 -0.235904 2.69739e-08 1.44977e-07 
8.2063e-08 -0.407676 0.843466 -0.43579 -8.2063e-08 -4.23805e-07 
5.05562e-08 -0.582819 1.2092 -0.626382 -5.05562e-08 -2.7143e-07 
3.0151e-08 -0.534602 1.10987 -0.575273 -3.0151e-08 -1.67472e-07 
1.81776e-08 -0.380541 0.790177 -0.409636 -1.81776e-08 -1.02709e-07 
8.86693e-09 -0.193056 0.400888 -0.207832 -8.86693e-09 -5.03229e-08 
2.19761e-22 -4.79737e-15 9.96195e-15 -5.16458e-15 -2.19761e-22 -1.2476e-21 
