0 0 -0 -0 -0 -0 
0.691199 0.991628 -0.0821114 -0.909516 -0.691199 -3.32909e-07 
1.29237 1.85394 -0.152665 -1.70128 -1.29237 -6.31798e-07 
1.24023 1.77816 -0.141158 -1.637 -1.24023 -6.64174e-07 
0.297551 0.424492 -0.0222747 -0.402217 -0.297551 -2.84783e-07 
-0.532004 -0.752427 0.00406034 0.748367 0.532004 8.96213e-07 
0.183028 0.369824 -0.532823 0.162999 -0.183028 8.65134e-07 
-0.00975889 0.413491 -1.20148 0.787986 0.00975889 3.32117e-07 
0.0531998 0.271302 -0.598236 0.326932 -0.0531998 6.32162e-08 
0.150215 0.444261 -1.00243 0.558171 -0.150215 2.7127e-07 
0.162817 0.297058 -0.699307 0.402249 -0.162817 -1.17412e-08 
0.151934 0.18656 -0.458558 0.271998 -0.151934 -7.00329e-07 
0.766734 0.431054 -1.17669 0.745633 -0.766734 2.35164e-07 
1.35479 0.0818814 -0.27892 0.197033 -1.35479 4.02739e-07 
0.872705 -0.102553 0.331178 -0.228626 -0.872705 4.1473e-07 
0.342956 -0.242759 0.697133 -0.454377 -0.342956 -2.93524e-06 
0.434615 -0.688121 1.67178 -0.983657 -0.434615 -1.45646e-06 
0.17283 -0.748688 1.65067 -0.901986 -0.17283 2.73174e-07 
0.0392204 -0.436083 0.932591 -0.496509 -0.0392204 1.42709e-07 
3.04031e-17 -3.90065e-16 8.32154e-16 -4.42089e-16 -3.04031e-17 -1.95876e-22 
