2.03486 2.91932 -0.241817 -2.67751 -2.03486 -9.79156e-07 
1.99088 2.85615 -0.23617 -2.61998 -1.99088 -9.62536e-07 
1.33117 1.90854 -0.151475 -1.75707 -1.33117 -7.1324e-07 
-2.42007 -3.47596 0.309458 3.1665 2.42007 9.27907e-07 
-2.34629 -3.36552 0.275566 3.08996 2.34629 1.16429e-06 
3.15291 4.66384 -1.14318 -3.52066 -3.15291 6.79914e-06 
-1.14795 -1.22534 -1.70651 2.93185 1.14795 -7.56543e-06 
0.310424 0.93535 0.406307 -1.34166 -0.310424 4.18212e-06 
0.352312 -0.300291 0.83469 -0.534407 -0.352312 -3.72808e-06 
0.298088 0.465819 -1.18186 0.716124 -0.298088 8.40851e-06 
0.991019 1.33818 -3.25767 1.91947 -0.991019 -6.75356e-07 
0.826246 1.05231 -2.57015 1.51784 -0.826246 -7.55915e-06 
2.87934 -0.246559 -0.0640775 0.310904 -2.87934 1.94667e-06 
1.30655 -0.909164 2.99972 -2.0901 -1.30655 0.000168897 
-2.74859 -0.131275 0.284012 -0.152808 2.74859 8.47748e-06 
1.5179 -0.758374 1.79407 -1.03569 -1.5179 1.99595e-05 
-0.269511 -1.45952 2.83925 -1.37964 0.269511 -7.54759e-05 
-0.748325 1.32909 -3.15679 1.82768 0.748325 3.86799e-05 
-0.170697 1.09588 -2.37483 1.27895 0.170697 -5.34692e-06 
-0.109606 1.40622 -3 1.59378 0.109606 7.06152e-07 
