0 0 0 0 0 0 
0.118244 0.169639 -0.0140501 -0.155589 -0.118244 -5.69155e-08 
0.462738 0.663851 -0.0548862 -0.608965 -0.462738 -2.23794e-07 
0.9359 1.34248 -0.11006 -1.23242 -0.9359 -4.62897e-07 
1.19871 1.71888 -0.137789 -1.58109 -1.19871 -6.2726e-07 
1.14559 1.64263 -0.131211 -1.51142 -1.14559 -6.04578e-07 
1.14789 1.66324 -0.218187 -1.44506 -1.14789 -1.54406e-07 
1.1595 1.76692 -0.538937 -1.22798 -1.1595 -1.02243e-07 
1.16632 1.88035 -0.813508 -1.06685 -1.16632 1.6423e-08 
1.19879 1.99615 -1.07068 -0.925467 -1.19879 -3.40647e-08 
1.24132 2.09876 -1.30626 -0.792499 -1.24132 7.12812e-11 
1.29716 2.18598 -1.51481 -0.671168 -1.29716 -1.48775e-08 
1.42676 2.29651 -1.79871 -0.497803 -1.42676 -9.04464e-10 
1.80058 2.38552 -2.06527 -0.320253 -1.80058 -5.11611e-08 
2.23378 2.37173 -2.01958 -0.352153 -2.23378 -1.47438e-08 
2.39897 2.32701 -1.88402 -0.442994 -2.39897 -9.6892e-08 
2.54071 2.17288 -1.4828 -0.690081 -2.54071 -5.3137e-09 
2.65225 1.88961 -0.833121 -1.05649 -2.65225 6.99245e-10 
2.68303 1.69604 -0.413083 -1.28296 -2.68303 1.96091e-08 
2.68946 1.61734 -0.245048 -1.37229 -2.68946 3.55271e-15 
