-0.0287799 0.657508 -1.39888 0.741368 0.0287799 -1.31737e-06 
-0.0171656 0.605885 -1.28437 0.678484 0.0171656 -1.19818e-06 
0.157049 -0.16845 0.433234 -0.264784 -0.157049 5.89638e-07 
-0.580867 -1.12782 2.08433 -0.956504 0.580867 1.19804e-06 
1.31819 0.800238 -1.02582 0.225587 -1.31819 6.76196e-07 
1.84015 0.678671 -0.44459 -0.234081 -1.84015 1.7941e-06 
-2.66784 -0.769514 0.476046 0.293469 2.66784 -2.99712e-06 
-0.57329 -0.452848 0.67197 -0.219122 0.57329 -6.06467e-07 
2.16667 0.484355 -0.0986848 -0.385671 -2.16667 2.87704e-06 
-3.2461 0.46622 -2.27349 1.80727 3.2461 -2.05959e-06 
3.938 -1.34341 5.36407 -4.02066 -3.938 -5.80047e-06 
-1.66806 0.210979 -1.78115 1.57017 1.66806 3.29804e-06 
0.215706 -0.429801 1.52267 -1.09287 -0.215706 -1.68321e-06 
1.05593 0.777873 -1.04697 0.269097 -1.05593 -2.78e-06 
-1.58893 -0.670875 0.268513 0.402362 1.58893 1.84071e-06 
0.646264 -0.425352 1.55682 -1.13147 -0.646264 -2.82536e-06 
-1.12263 0.611997 -1.26211 0.650116 1.12263 1.09276e-06 
3.25152 -1.61336 4.38187 -2.76851 -3.25152 1.84157e-07 
0.44535 -0.954107 2.78214 -1.82803 -0.44535 6.09153e-08 
-1.66614 5.82942 -17.4297 11.6003 1.66614 -4.24501e-05 
0.200158 3.21575 -5.06559 1.84984 -0.200158 -1.16808e-05 
1.31797 2.69147 0.660856 -3.35234 -1.31797 -4.93464e-05 
-0.745227 -1.90696 2.98326 -1.07632 0.745227 0.000199796 
-0.978127 -1.72539 -1.8076 3.533 0.978127 9.48392e-05 
-0.241445 1.23776 -3.83362 2.59587 0.241445 4.97586e-07 
0.00573392 0.852256 -1.0907 0.23845 -0.00573392 1.93495e-06 
0.451133 -3.33326 7.23345 -3.90019 -0.451133 1.72533e-05 
-0.314863 0.614315 -2.06528 1.45097 0.314863 -6.90619e-06 
0.1194 0.253694 -0.509141 0.255447 -0.1194 1.69236e-06 
1.25545 4.98643 -6.19197 1.20555 -1.25545 2.30409e-05 
-0.0514639 -1.25432 2.3643 -1.10998 0.0514639 -1.54643e-05 
-0.0951197 -1.50085 3.35004 -1.84919 0.0951197 -8.4231e-06 
0.0715069 0.716241 -2.27819 1.56195 -0.0715069 6.75066e-06 
-0.0460442 -0.534311 1.50765 -0.973341 0.0460442 -4.5871e-06 
0.0399229 0.361699 -1.22092 0.859217 -0.0399229 1.45184e-06 
0.000575216 0.669537 -0.631772 -0.0377669 -0.000575216 2.02001e-05 
0.029174 -0.721107 0.135577 0.585533 -0.029174 -2.73016e-05 
0.0232686 -0.561721 1.35673 -0.795006 -0.0232686 2.87414e-06 
0.0371723 -0.942049 1.98504 -1.043 -0.0371723 -5.43968e-07 
0.00530499 -0.622632 1.19225 -0.56962 -0.00530499 -2.75532e-08 
-0.0797662 2.21349 -5.02543 2.81194 0.0797662 1.27502e-07 
0.330025 -1.10247 3.00833 -1.90586 -0.330025 -2.22484e-06 
-0.154894 -0.13879 -0.420759 0.559551 0.154894 2.35811e-06 
-0.319241 -0.477282 1.73485 -1.25756 0.319241 2.5753e-06 
0.425218 0.210516 -0.736412 0.525894 -0.425218 -2.04283e-06 
0.662252 1.02848 -2.12804 1.09956 -0.662252 -2.93291e-05 
0.145247 1.0424 -2.14597 1.10354 -0.145247 -5.25374e-05 
-4.00694 0.904943 -1.73562 0.830663 4.00694 1.02981e-05 
0.010754 -0.184092 0.358094 -0.174003 -0.010754 1.0018e-06 
-0.562083 -0.231446 0.808737 -0.577287 0.562083 -4.15468e-06 
2.19821 -0.110276 -1.00061 1.11088 -2.19821 6.39635e-06 
3.61674 -1.78446 1.43365 0.350789 -3.61674 -1.13971e-05 
1.97767 1.26846 -2.48258 1.21439 -1.97767 0.000190545 
-1.58956 1.41788 -2.61574 1.19789 1.58956 -0.000172297 
-5.83719 -0.344375 0.627172 -0.28284 5.83719 4.55993e-06 
0.749471 1.28795 -2.58079 1.29297 -0.749471 6.23516e-05 
-1.06014 -1.42364 2.71342 -1.28989 1.06014 -0.000286807 
-0.426082 -2.08405 4.24366 -2.15963 0.426082 4.70117e-05 
-0.100658 -0.566114 1.15622 -0.590105 0.100658 -3.14704e-06 
-0.194657 -1.40834 2.89274 -1.48441 0.194657 2.3113e-06 
