-0 0 -0 0 0 -0 
-0.00904619 0.221285 -0.470473 0.249188 0.00904619 -4.42285e-07 
0.00573462 0.336665 -0.706032 0.369367 -0.00573462 -6.40053e-07 
0.045482 -0.012057 0.0481325 -0.0360755 -0.045482 9.98843e-08 
-0.229067 -0.0872642 0.0691966 0.0180676 0.229067 -2.17464e-07 
0.965504 0.369325 -0.29164 -0.077685 -0.965504 9.13885e-07 
0.519156 0.240248 -0.202851 -0.037397 -0.519156 4.13619e-07 
-0.317265 -0.0437154 0.0252749 0.0184406 0.317265 -5.10076e-07 
0.338889 0.00493572 0.194565 -0.199501 -0.338889 2.56837e-07 
0.093638 0.183016 -0.273346 0.0903303 -0.093638 4.1211e-07 
-0.086068 0.123014 -0.0777775 -0.0452363 0.086068 -7.90519e-07 
0.0607775 0.254943 -0.491576 0.236633 -0.0607775 5.13354e-07 
-0.213652 -0.0225592 0.0786019 -0.0560426 0.213652 -3.88811e-07 
0.500418 0.3839 -0.444321 0.0604211 -0.500418 9.82715e-07 
-0.187359 -0.0206807 0.137457 -0.116777 0.187359 -7.18859e-08 
0.0337701 0.183882 -0.344248 0.160367 -0.0337701 -1.05845e-08 
0.0750109 0.0261611 0.249539 -0.2757 -0.0750109 -1.00214e-06 
0.273787 0.0292569 0.230786 -0.260042 -0.273787 1.16728e-06 
-0.0392264 0.166794 -0.279356 0.112562 0.0392264 -7.51775e-07 
-0.0461541 0.445781 -0.698845 0.253063 0.0461541 6.85791e-07 
0.240957 0.296401 -0.214792 -0.081609 -0.240957 -1.71241e-06 
0.640232 0.960458 -0.404208 -0.556249 -0.640232 1.14941e-06 
0.42685 0.669494 0.524402 -1.1939 -0.42685 -2.6485e-06 
0.182467 -0.0765969 1.23493 -1.15833 -0.182467 -2.25697e-07 
0.0353997 -0.19188 0.600854 -0.408974 -0.0353997 9.44862e-08 
0.018129 -0.0472794 0.246241 -0.198961 -0.018129 2.13657e-07 
0.00649941 0.162495 -0.120697 -0.041798 -0.00649941 -1.17167e-06 
-0.00344503 -0.187799 0.475952 -0.288154 0.00344503 2.95793e-07 
-0.0141671 -0.0250208 0.0489707 -0.0239499 0.0141671 -2.0797e-07 
0.0354873 0.616673 -0.827441 0.210768 -0.0354873 7.02308e-07 
-0.000440952 0.222811 -0.153922 -0.0688883 0.000440952 1.80773e-06 
0.00445398 0.151496 -0.199946 0.0484502 -0.00445398 4.44408e-07 
-0.00445626 -0.0454587 0.142418 -0.0969589 0.00445626 -4.22233e-07 
-0.0106368 -0.115622 0.34385 -0.228228 0.0106368 -1.02748e-06 
-0.0197275 -0.239015 0.654645 -0.415629 0.0197275 -2.22515e-06 
0.0075054 0.117162 -0.273177 0.156015 -0.0075054 1.63347e-06 
0.00162938 -0.0387048 0.153608 -0.114903 -0.00162938 1.35818e-06 
-0.00716212 0.173336 -0.376949 0.203613 0.00716212 -8.20822e-08 
0.0145628 -0.353206 0.761475 -0.408268 -0.0145628 4.31833e-08 
0.0197587 -0.545503 1.15202 -0.606515 -0.0197587 -2.25421e-08 
-0.00840795 -0.167551 0.238512 -0.0709605 0.00840795 9.12932e-08 
0.0681671 0.053011 -0.118649 0.0656377 -0.0681671 -5.4719e-07 
-0.0511242 -0.358282 0.590502 -0.232221 0.0511242 6.26306e-07 
0.0982527 -0.0765665 0.00200961 0.0745572 -0.0982527 -9.98516e-08 
-0.0625962 -0.263122 0.540558 -0.277436 0.0625962 -2.88331e-06 
0.0923024 -0.12123 0.249392 -0.128162 -0.0923024 2.88809e-07 
0.109988 -0.443824 0.905222 -0.461399 -0.109988 3.75928e-07 
0.18128 -0.330312 0.66698 -0.336666 -0.18128 -1.34581e-06 
-0.00835853 -0.0330631 0.0660013 -0.0329383 0.00835853 1.14919e-07 
0.127573 0.0201941 -0.0378455 0.0176515 -0.127573 1.46216e-07 
0.376323 -0.257426 0.213371 0.0440551 -0.376323 5.62222e-07 
0.237515 -0.261896 0.516803 -0.254907 -0.237515 -2.34665e-06 
1.05402 -0.433794 0.813392 -0.379595 -1.05402 -3.2248e-05 
1.44234 0.105491 -0.194021 0.0885272 -1.44234 -3.65788e-07 
0.480177 0.146385 -0.275137 0.128753 -0.480177 2.08217e-07 
0.33954 0.500073 -0.960931 0.460856 -0.33954 2.97674e-07 
0.273764 0.746375 -1.48857 0.742194 -0.273764 7.83092e-08 
0.0842438 0.37447 -0.759892 0.385424 -0.0842438 -2.0126e-06 
0.0601292 0.423945 -0.870336 0.446391 -0.0601292 -4.17015e-07 
-1.36127e-16 -9.84875e-16 2.02294e-15 -1.03807e-15 1.36127e-16 1.61632e-21 
