-0 0 -0 0 0 -0 
-0.00777754 0.0721595 -0.158188 0.0860289 0.00777754 -1.45823e-07 
-0.0153767 0.143997 -0.315555 0.171558 0.0153767 -2.90871e-07 
-0.0219052 0.213899 -0.467991 0.254092 0.0219052 -4.31276e-07 
-0.0250437 0.277675 -0.604812 0.327137 0.0250437 -5.56975e-07 
-0.0203316 0.327264 -0.705473 0.378209 0.0203316 -6.48618e-07 
-0.000453384 0.349446 -0.73628 0.386834 0.000453384 -6.74472e-07 
0.0454747 0.324552 -0.647101 0.32255 -0.0454747 -5.87323e-07 
0.124842 0.216802 -0.356674 0.139872 -0.124842 -3.11857e-07 
0.15868 0.0798254 -0.0411301 -0.0386954 -0.15868 -1.87999e-08 
0.0695611 -0.0337489 0.126738 -0.0929889 -0.0695611 1.24363e-07 
-0.172933 -0.11464 0.103043 0.0115974 0.172933 7.38152e-08 
-0.590517 -0.153408 -0.149846 0.303254 0.590517 -2.05947e-07 
-0.893454 -0.161811 -0.38568 0.547491 0.893454 -4.11767e-07 
-0.898245 -0.143574 -0.456977 0.60055 0.898245 -3.56775e-07 
-0.542319 -0.094639 -0.330665 0.425304 0.542319 3.19337e-08 
0.0513545 -0.0338958 -0.054945 0.0888408 -0.0513545 8.59999e-07 
0.39266 -0.028982 0.150674 -0.121692 -0.39266 2.17747e-06 
0.339982 -0.105027 0.236157 -0.13113 -0.339982 4.09384e-06 
0.132395 -0.12353 0.12929 -0.00576056 -0.132395 4.33148e-06 
0.003786 0.062671 -0.260728 0.198057 -0.003786 4.27772e-07 
-0.0244291 0.343019 -0.735437 0.392418 0.0244291 -5.1823e-06 
0.0200479 0.236621 -0.512655 0.276034 -0.0200479 -2.53529e-06 
0.0807507 -0.0147179 -0.0461184 0.0608363 -0.0807507 3.12522e-06 
0.103441 -0.114568 0.131857 -0.0172892 -0.103441 5.41393e-06 
0.0811978 -0.0720197 0.0507581 0.0212615 -0.0811978 4.16714e-06 
0.0246529 0.0809875 -0.2297 0.148713 -0.0246529 1.55532e-07 
-0.0104299 0.185787 -0.412272 0.226484 0.0104299 -2.75419e-06 
-0.0155558 0.217489 -0.450766 0.233277 0.0155558 -3.95088e-06 
0.00971078 0.276706 -0.546832 0.270126 -0.00971078 -5.33821e-06 
-0.0215802 0.224984 -0.650212 0.425228 0.0215802 6.51696e-08 
0.0181684 0.0683262 -0.466283 0.397957 -0.0181684 6.3964e-06 
0.317996 0.103804 -0.199453 0.0956492 -0.317996 9.49014e-07 
0.407405 0.120581 -0.0536434 -0.0669371 -0.407405 -2.40868e-06 
0.247571 0.0768948 -0.0193269 -0.0575679 -0.247571 -1.77153e-06 
0.0506812 0.0163833 -0.0040895 -0.0122938 -0.0506812 -3.69937e-07 
0.153724 0.0507804 -0.0132978 -0.0374825 -0.153724 -1.12169e-06 
0.319489 0.119465 -0.0469679 -0.072497 -0.319489 -2.1763e-06 
0.253247 0.165805 -0.173526 0.00772189 -0.253247 -2.26787e-07 
-0.0627046 0.168391 -0.409817 0.241426 0.0627046 4.51402e-06 
-0.127304 0.135514 -0.574823 0.439309 0.127304 3.77293e-06 
0.0500001 -0.0164222 -0.331335 0.347757 -0.0500001 -2.11057e-06 
0.0058377 -0.210759 0.130176 0.0805826 -0.0058377 -3.62633e-06 
-0.0110861 -0.0898272 0.0148082 0.0750189 0.0110861 -3.35961e-06 
-0.000972229 0.102642 -0.268599 0.165957 0.000972229 -1.89137e-06 
0.00188988 0.132274 -0.294415 0.162141 -0.00188988 9.01683e-07 
0.00135197 0.106961 -0.242274 0.135313 -0.00135197 3.45039e-06 
-0.000459744 0.175372 -0.449017 0.273645 0.000459744 1.25975e-05 
2.46231e-05 0.28891 -0.740111 0.4512 -2.46231e-05 -2.23263e-05 
-0.000207104 0.381379 -1.01456 0.633184 0.000207104 2.90357e-05 
-3.0651e-05 0.471162 -1.31974 0.848583 3.0651e-05 2.91642e-05 
-1.83017e-06 0.526126 -1.62102 1.09489 1.83017e-06 5.71419e-06 
7.98526e-07 0.390453 -1.40565 1.0152 -7.98526e-07 -2.08469e-06 
1.48979e-06 0.248064 -1.10231 0.854248 -1.48979e-06 -3.84653e-06 
1.52435e-06 0.137403 -0.801739 0.664338 -1.52435e-06 -3.93528e-06 
-1.25531e-06 -0.000437103 -0.523875 0.52431 1.25531e-06 3.29405e-06 
-2.03132e-06 0.191548 -0.389165 0.197619 2.03132e-06 5.12359e-06 
2.73025e-07 -0.176917 -0.189132 0.36605 -2.73025e-07 -5.58969e-07 
1.46106e-06 -0.627599 -0.010216 0.637814 -1.46106e-06 -3.32637e-06 
-1.44113e-07 -0.249246 -0.0943022 0.343549 1.44113e-07 4.42068e-07 
-2.56712e-06 0.069024 -0.284359 0.215337 2.56712e-06 6.24125e-06 
-4.90048e-06 0.0191005 -0.375233 0.356131 4.90048e-06 1.19723e-05 
5.57382e-07 -0.182316 -0.0489371 0.231252 -5.57382e-07 -1.34096e-06 
5.34345e-06 -0.545924 0.350307 0.195618 -5.34345e-06 -1.30102e-05 
-8.79052e-07 -0.272777 0.10756 0.165217 8.79052e-07 2.16852e-06 
-1.21918e-06 -0.0864175 -0.302149 0.388566 1.21918e-06 2.95252e-06 
7.60184e-06 0.00132576 -0.366144 0.364819 -7.60184e-06 -1.8421e-05 
-1.02287e-06 -0.449855 -0.105907 0.555761 1.02287e-06 2.47174e-06 
-8.68904e-07 -0.381782 -0.084413 0.466195 8.68904e-07 2.05347e-06 
4.78798e-06 -0.083583 -0.338312 0.421897 -4.78798e-06 -1.16584e-05 
-8.48446e-06 -0.201178 -0.23738 0.438556 8.48446e-06 2.06913e-05 
-9.68786e-07 -0.199302 0.134232 0.0650707 9.68786e-07 2.37481e-06 
4.61521e-07 -0.142763 0.114229 0.0285348 -4.61521e-07 -1.11599e-06 
3.44385e-07 -0.0677967 0.0387307 0.0290662 -3.44385e-07 -8.35985e-07 
3.59249e-08 -0.00685963 0.00267471 0.00418495 -3.59249e-08 -8.7271e-08 
4.53773e-07 -0.095457 -0.00235988 0.097817 -4.53773e-07 -1.10356e-06 
-6.19124e-08 -0.121794 -0.237377 0.359171 6.19124e-08 1.46462e-07 
-3.29137e-07 -0.30617 0.0813802 0.224791 3.29137e-07 8.28594e-07 
7.25213e-07 -0.452846 0.400476 0.0523705 -7.25213e-07 -1.79799e-06 
1.19876e-06 -0.484787 0.332933 0.151853 -1.19876e-06 -3.14056e-06 
-1.12232e-06 -0.423848 0.474855 -0.0510065 1.12232e-06 2.91053e-06 
-2.29036e-07 -0.183634 -0.140271 0.323904 2.29036e-07 5.98597e-07 
4.0579e-08 -0.0968614 -0.126098 0.222959 -4.0579e-08 -1.02835e-07 
-7.66305e-09 -0.043389 -0.00726594 0.050655 7.66305e-09 2.24295e-08 
-6.90889e-09 -0.0151126 0.00314754 0.0119651 6.90889e-09 1.89684e-08 
-7.65287e-08 -0.0807767 0.0694287 0.0113484 7.65287e-08 2.05945e-07 
-2.41194e-07 -0.200626 0.238365 -0.037738 2.41194e-07 6.50983e-07 
-2.59586e-07 -0.473274 0.192085 0.281189 2.59586e-07 7.3143e-07 
8.93209e-07 -0.431403 -0.0929302 0.524334 -8.93209e-07 -2.48869e-06 
-2.50801e-07 -0.194836 -0.273799 0.468635 2.50801e-07 6.96564e-07 
-6.67926e-07 -0.483397 -0.0197893 0.503186 6.67926e-07 1.87856e-06 
2.30714e-07 -0.488064 0.29828 0.189783 -2.30714e-07 -6.34868e-07 
4.70477e-08 -0.177808 0.309927 -0.13212 -4.70477e-08 -1.35641e-07 
1.78007e-07 -0.207696 -0.114248 0.321945 -1.78007e-07 -5.27002e-07 
2.96239e-08 -0.195281 -0.0504407 0.245723 -2.96239e-08 -8.40809e-08 
-1.68615e-07 -0.155472 0.22587 -0.0703976 1.68615e-07 5.0325e-07 
-5.33164e-08 -0.144253 0.325791 -0.181538 5.33164e-08 1.52669e-07 
1.3719e-07 -0.156879 0.25414 -0.0972617 -1.3719e-07 -4.19774e-07 
8.99976e-08 -0.192751 -0.0389775 0.231728 -8.99976e-08 -2.72578e-07 
1.2736e-08 -0.220624 -0.090441 0.311065 -1.2736e-08 -4.427e-08 
9.28322e-10 -0.275479 0.563188 -0.287708 -9.28322e-10 -1.96118e-08 
-2.71746e-07 -0.253853 -0.136202 0.390055 2.71746e-07 8.6782e-07 
-7.49578e-08 -0.174462 -0.11442 0.288882 7.49578e-08 2.39957e-07 
2.18864e-08 -0.15681 -0.0321101 0.18892 -2.18864e-08 -7.00286e-08 
1.72989e-07 -0.170338 0.198651 -0.0283127 -1.72989e-07 -5.5449e-07 
2.56952e-07 -0.183697 0.423291 -0.239593 -2.56952e-07 -8.4395e-07 
-6.17237e-08 -0.298029 0.510033 -0.212007 6.17237e-08 1.79606e-07 
1.24814e-07 -0.422976 0.788006 -0.365027 -1.24814e-07 -4.61594e-07 
-3.52267e-08 -0.577677 1.09066 -0.512979 3.52267e-08 1.29219e-07 
-5.81701e-07 -0.725715 1.39272 -0.666999 5.81701e-07 2.23755e-06 
2.53739e-07 -0.868601 1.69353 -0.824923 -2.53739e-07 -1.03279e-06 
3.50791e-07 -1.00523 1.98836 -0.983121 -3.50791e-07 -1.67538e-06 
-1.19832e-07 -0.945409 1.89307 -0.947661 1.19832e-07 5.94745e-07 
-5.66581e-09 -0.79538 1.6069 -0.811515 5.66581e-09 3.58522e-08 
1.32231e-08 -0.657734 1.33789 -0.680152 -1.32231e-08 -6.34708e-08 
-2.47044e-08 -0.511536 1.04533 -0.533792 2.47044e-08 1.38994e-07 
6.03935e-08 -0.409186 0.840558 -0.431373 -6.03935e-08 -3.25665e-07 
7.67612e-08 -0.296193 0.609782 -0.313589 -7.67612e-08 -4.15851e-07 
4.26509e-08 -0.151217 0.311455 -0.160238 -4.26509e-08 -2.31175e-07 
8.50397e-23 -2.99917e-16 6.17744e-16 -3.17827e-16 -8.50397e-23 -4.60942e-22 
