0 0 0 0 0 0 
0.000913723 0.00960453 -0.0183696 0.00876511 -0.000913723 -1.36003e-06 
0.00129312 -0.0147266 0.0285891 -0.0138625 -0.00129312 -1.92477e-06 
9.1484e-05 -0.0228213 0.0440019 -0.0211806 -9.1484e-05 -1.36196e-07 
-0.000345501 -0.0250671 0.0482679 -0.0232007 0.000345501 5.14236e-07 
-0.000205565 -0.0214417 0.0413105 -0.0198688 0.000205565 3.05951e-07 
-7.35294e-05 -0.0114245 0.0220238 -0.0105993 7.35294e-05 1.09433e-07 
1.84893e-05 0.00501303 -0.00965296 0.00463992 -1.84893e-05 -2.75146e-08 
7.0491e-05 0.0278709 -0.0537198 0.0258489 -7.0491e-05 -1.04891e-07 
8.24759e-05 0.0571492 -0.110177 0.0530277 -8.24759e-05 -1.22697e-07 
6.20991e-05 0.0840616 -0.162071 0.0780097 -6.20991e-05 -9.23369e-08 
3.7977e-05 0.0757652 -0.146033 0.070268 -3.7977e-05 -5.64405e-08 
1.28268e-05 0.0291413 -0.0560453 0.026904 -1.28268e-05 -1.90561e-08 
-1.41336e-05 -0.0296315 0.057282 -0.0276505 1.41336e-05 2.1007e-08 
-4.36818e-05 -0.0745223 0.143624 -0.0691017 4.36818e-05 6.49331e-08 
-7.58179e-05 -0.105531 0.202981 -0.0974497 7.58179e-05 1.12722e-07 
-0.00010757 -0.126631 0.243172 -0.116542 0.00010757 1.59949e-07 
-0.000134162 -0.144203 0.276761 -0.132558 0.000134162 1.99507e-07 
-0.000155531 -0.158334 0.303916 -0.145582 0.000155531 2.31299e-07 
-0.000171677 -0.169023 0.324635 -0.155613 0.000171677 2.55326e-07 
-0.0001826 -0.176269 0.33892 -0.16265 0.0001826 2.71589e-07 
-0.0001883 -0.180074 0.34677 -0.166695 0.0001883 2.80086e-07 
-0.000189822 -0.183725 0.353686 -0.169962 0.000189822 2.82355e-07 
-0.000188814 -0.192398 0.368335 -0.175937 0.000188814 2.80813e-07 
-0.000185295 -0.206157 0.39082 -0.184663 0.000185295 2.75492e-07 
-0.000179267 -0.225002 0.421143 -0.196141 0.000179267 2.6639e-07 
-0.000170727 -0.248934 0.459303 -0.210369 0.000170727 2.53508e-07 
-0.000153551 -0.272752 0.494994 -0.222243 0.000153551 2.27773e-07 
-8.93482e-05 -0.263875 0.463633 -0.199758 8.93482e-05 1.32337e-07 
2.85603e-05 -0.216636 0.353983 -0.137348 -2.85603e-05 -4.26897e-08 
0.000121609 -0.179122 0.2634 -0.0842784 -0.000121609 -1.79795e-07 
9.37716e-05 -0.210123 0.310908 -0.100784 -9.37716e-05 -1.35374e-07 
1.73518e-05 -0.266719 0.410107 -0.143388 -1.73518e-05 -2.05284e-08 
-4.3998e-05 -0.318511 0.495966 -0.177455 4.3998e-05 6.42663e-08 
-2.79788e-05 -0.359864 0.540338 -0.180474 2.79788e-05 1.538e-08 
1.78988e-05 -0.416853 0.589116 -0.172263 -1.78988e-05 -2.82512e-08 
3.11121e-06 -0.495163 0.677043 -0.181879 -3.11121e-06 1.47889e-07 
-2.77731e-06 -0.546418 0.71544 -0.169022 2.77731e-06 -7.44429e-07 
1.36047e-06 -0.50473 0.622634 -0.117905 -1.36047e-06 1.37207e-07 
-6.2455e-07 -0.44557 0.531688 -0.0861187 6.2455e-07 5.23219e-07 
1.87565e-07 -0.383374 0.438255 -0.0548818 -1.87565e-07 -2.39402e-07 
-4.57308e-07 -0.347306 0.342819 0.00448757 4.57308e-07 1.26618e-06 
4.6241e-07 -0.270668 0.307283 -0.0366154 -4.6241e-07 -1.17718e-06 
2.04889e-06 -0.17837 0.301065 -0.122696 -2.04889e-06 -5.11648e-06 
2.34283e-06 -0.16269 0.337281 -0.174592 -2.34283e-06 -5.83676e-06 
4.56798e-07 -0.222849 0.427081 -0.204233 -4.56799e-07 -1.13642e-06 
-3.38169e-06 -0.289004 0.515936 -0.226932 3.38169e-06 8.43189e-06 
-1.09097e-06 -0.335655 0.614324 -0.278668 1.09096e-06 2.72213e-06 
9.5224e-07 -0.397556 0.710705 -0.313148 -9.52181e-07 -2.37572e-06 
3.61448e-06 -0.458574 0.808683 -0.35011 -3.61489e-06 -9.0123e-06 
-5.33448e-06 -0.524888 0.90683 -0.381942 5.33289e-06 1.33156e-05 
2.45968e-06 -0.562 0.946047 -0.384045 -2.44627e-06 -6.22349e-06 
-6.98873e-06 -0.518256 0.847651 -0.329392 7.34393e-06 1.50836e-05 
-7.93891e-06 -0.471836 0.749022 -0.277184 1.11085e-05 -1.14589e-06 
3.87872e-05 -0.422472 0.650223 -0.227767 -5.1636e-05 -1.1826e-05 
0.000116009 -0.369401 0.551253 -0.181895 -0.000153027 -4.46953e-05 
-0.000895133 -0.306759 0.452379 -0.145272 0.00118639 0.000307727 
0.00131718 -0.254579 0.351444 -0.0973768 -0.00174627 -0.000449499 
0.00318316 -0.21436 0.275389 -0.0622697 -0.00422175 -0.0010755 
-0.0132957 -0.123018 0.259493 -0.131294 0.0176337 0.00449279 
-0.000900897 -0.134521 0.186246 -0.0513736 0.00119467 0.000305507 
0.0107623 -0.147627 0.111681 0.0317523 -0.0142738 -0.0036351 
0.0189522 -0.148348 0.0625896 0.0783735 -0.0251361 -0.00640212 
0.0233045 -0.137621 0.0417598 0.0867797 -0.0309087 -0.00787241 
0.0162252 -0.141329 0.0589086 0.0760981 -0.0215195 -0.00548129 
-0.00519776 -0.1694 0.117762 0.0536634 0.00689401 0.0017547 
-0.040946 -0.221792 0.218264 0.0194847 0.0543073 0.0138294 
-0.0660658 -0.243952 0.283715 -0.0140181 0.0876233 0.0223136 
-0.0581889 -0.186978 0.245362 -0.0357119 0.0771738 0.0196515 
-0.0310103 -0.0945227 0.14983 -0.0432267 0.0411256 0.0104715 
-0.00587942 -0.0346395 0.0698006 -0.0328681 0.00779924 0.00198867 
0.0169411 -0.00721982 0.00586993 -0.00523718 -0.0224573 -0.00570849 
0.037145 0.0101626 -0.0483284 0.0237149 -0.0492461 -0.0125248 
0.0546002 0.027184 -0.0955409 0.0471058 -0.0723955 -0.0184191 
0.0693067 0.0438444 -0.135768 0.0649353 -0.0919056 -0.0233915 
0.0812644 0.0601439 -0.169009 0.0772036 -0.107776 -0.027442 
0.0904734 0.0760824 -0.195264 0.0839106 -0.120008 -0.0305705 
0.0969336 0.0916599 -0.214533 0.0850562 -0.1286 -0.0327771 
0.100644 0.106764 -0.226807 0.0807443 -0.133551 -0.0340612 
0.10157 0.117271 -0.23173 0.074767 -0.134805 -0.0344012 
0.099692 0.121106 -0.229122 0.0690333 -0.132333 -0.0337863 
0.0950114 0.11827 -0.218985 0.0635433 -0.126136 -0.0322165 
0.0875278 0.108761 -0.201317 0.058297 -0.116213 -0.0296919 
0.0772413 0.0925804 -0.176119 0.0532944 -0.102565 -0.0262124 
0.0641518 0.0697277 -0.143391 0.0485354 -0.0851914 -0.021778 
0.0482592 0.040203 -0.103133 0.0440201 -0.0640923 -0.0163888 
0.0295637 0.00400629 -0.0553445 0.0397485 -0.0392677 -0.0100447 
0.00806526 -0.0388624 -2.59248e-05 0.0357205 -0.0107175 -0.00274568 
-0.0162362 -0.0884032 0.0628228 0.0319363 0.0215581 0.00550818 
-0.0433407 -0.144616 0.133202 0.0283957 0.0575592 0.0147169 
-0.0732481 -0.207501 0.211111 0.0250987 0.0972858 0.0248805 
-0.105959 -0.277057 0.29655 0.0220455 0.140738 0.035999 
-0.141472 -0.353286 0.38952 0.0192359 0.187915 0.0480724 
-0.179786 -0.436181 0.490012 0.01667 0.238815 0.0610998 
-0.214575 -0.510973 0.58088 0.0142081 0.285003 0.0728984 
-0.24 -0.564031 0.646295 0.0117216 0.318694 0.0814538 
-0.256063 -0.595356 0.686258 0.00921041 0.33989 0.0867659 
-0.262763 -0.604946 0.700768 0.00667455 0.348589 0.0888347 
-0.260099 -0.592803 0.689827 0.00411403 0.344791 0.0876602 
-0.248073 -0.558926 0.653432 0.00152885 0.328498 0.0832425 
-0.226683 -0.503315 0.591586 -0.001081 0.299708 0.0755815 
-0.198808 -0.433195 0.512379 -0.00334695 0.262333 0.0657475 
-0.170926 -0.364836 0.434037 -0.00443902 0.22518 0.0561505 
-0.143282 -0.298852 0.357247 -0.00432584 0.18858 0.0468815 
-0.115877 -0.235244 0.282009 -0.00300742 0.152536 0.0379406 
-0.0887093 -0.174012 0.208323 -0.000483755 0.117045 0.0293278 
-0.0617804 -0.115155 0.13619 0.00324515 0.0821091 0.021043 
-0.0350897 -0.0586739 0.0656097 0.0081793 0.0477273 0.0130864 
-0.00863727 -0.00456824 -0.00341862 0.0143187 0.0138999 0.00545776 
0.0175769 0.0471619 -0.0708946 0.0216633 -0.0193732 -0.00184278 
0.0433069 0.0966822 -0.136499 0.0296456 -0.0519128 -0.00888488 
0.0680827 0.14431 -0.199621 0.0371799 -0.0833762 -0.0158017 
0.0918926 0.190052 -0.260247 0.0442396 -0.113755 -0.0225966 
0.114737 0.23391 -0.318375 0.0508248 -0.14305 -0.0292694 
0.136615 0.275882 -0.374006 0.0569353 -0.171259 -0.0358203 
0.157527 0.31597 -0.42714 0.0625713 -0.198385 -0.0422492 
0.177474 0.354172 -0.477778 0.0677327 -0.224425 -0.0485561 
0.196455 0.39049 -0.525918 0.0724195 -0.249382 -0.054741 
0.21447 0.424922 -0.571561 0.0766317 -0.273253 -0.0608039 
0.231519 0.45747 -0.614707 0.0803693 -0.296041 -0.0667448 
0.247603 0.488133 -0.655356 0.0836323 -0.317743 -0.0725637 
0.26272 0.51691 -0.693508 0.0864208 -0.338361 -0.0782607 
0.276872 0.543803 -0.729163 0.0887347 -0.357895 -0.0838356 
0.290058 0.56881 -0.762321 0.0905739 -0.376344 -0.0892886 
0.302278 0.591933 -0.792982 0.0919386 -0.393708 -0.0946195 
0.313532 0.61317 -0.821146 0.0928288 -0.409988 -0.0998285 
0.32382 0.632523 -0.846813 0.0932443 -0.425184 -0.104915 
0.333143 0.649991 -0.869983 0.0931852 -0.439295 -0.10988 
0.3415 0.665573 -0.890656 0.0926516 -0.452321 -0.114723 
0.348891 0.679271 -0.908832 0.0916434 -0.464263 -0.119444 
0.355316 0.691083 -0.924511 0.0901605 -0.47512 -0.124043 
0.360775 0.701011 -0.937693 0.0882031 -0.484893 -0.128521 
0.365269 0.709054 -0.948378 0.0857712 -0.493581 -0.132876 
0.368797 0.715211 -0.956565 0.0828646 -0.501185 -0.137109 
0.371358 0.719484 -0.962256 0.0794834 -0.507704 -0.14122 
0.372954 0.721871 -0.96545 0.0756277 -0.513138 -0.145209 
0.373658 0.722544 -0.96637 0.0714772 -0.517458 -0.148968 
0.373932 0.722565 -0.966419 0.0681593 -0.520474 -0.151821 
0.373856 0.72212 -0.965841 0.0658701 -0.522153 -0.153649 
0.373431 0.72121 -0.964635 0.0646097 -0.522495 -0.154453 
0.372656 0.719834 -0.962801 0.064378 -0.5215 -0.154233 
0.371531 0.717992 -0.960341 0.0651751 -0.519167 -0.152989 
0.370056 0.715684 -0.957252 0.067001 -0.515498 -0.15072 
0.368232 0.71291 -0.953537 0.0698556 -0.510492 -0.147428 
0.366058 0.70967 -0.949194 0.0737389 -0.504149 -0.143111 
0.363535 0.705965 -0.944223 0.078651 -0.496469 -0.13777 
0.360662 0.701794 -0.938626 0.0845919 -0.487452 -0.131404 
0.357439 0.697157 -0.9324 0.0915615 -0.477098 -0.124015 
0.353866 0.692053 -0.925548 0.0995599 -0.465408 -0.115601 
0.349944 0.686485 -0.918068 0.108587 -0.45238 -0.106163 
0.345672 0.68045 -0.90996 0.118643 -0.438015 -0.0957005 
0.341051 0.673949 -0.901225 0.129728 -0.422313 -0.084214 
0.33608 0.666983 -0.891863 0.141841 -0.405274 -0.0717033 
0.330759 0.659551 -0.881873 0.154983 -0.386898 -0.0581683 
0.325088 0.651653 -0.871256 0.169154 -0.367185 -0.0436091 
0.319068 0.643289 -0.860011 0.184354 -0.346136 -0.0280257 
0.312698 0.634459 -0.84814 0.200582 -0.323749 -0.0114181 
0.305978 0.625163 -0.83564 0.217839 -0.300025 0.00621379 
0.298909 0.615402 -0.822513 0.236125 -0.274965 0.0248699 
0.29149 0.605174 -0.808759 0.25544 -0.248567 0.0445502 
0.283722 0.594481 -0.794377 0.275783 -0.220832 0.0652547 
0.275603 0.583322 -0.779368 0.297156 -0.191761 0.0869835 
0.267135 0.571697 -0.763732 0.319556 -0.161352 0.109737 
0.258318 0.559606 -0.747468 0.342986 -0.129606 0.133514 
0.249151 0.54705 -0.730577 0.367445 -0.0965238 0.158315 
0.239634 0.534027 -0.713058 0.392932 -0.0621043 0.184141 
0.229767 0.520539 -0.694912 0.419448 -0.0263478 0.210991 
0.219551 0.506585 -0.676138 0.446992 0.0107457 0.238865 
0.208107 0.490333 -0.654289 0.474766 0.049966 0.267657 
0.193729 0.468222 -0.624606 0.501212 0.0928478 0.29716 
0.176375 0.440163 -0.586968 0.526292 0.139431 0.327368 
0.156042 0.406153 -0.541374 0.550005 0.189714 0.358283 
0.132733 0.366194 -0.487824 0.572351 0.243699 0.389903 
0.106445 0.320286 -0.426319 0.59333 0.301384 0.422229 
0.0771809 0.268428 -0.356858 0.612943 0.362771 0.45526 
0.044939 0.21062 -0.279442 0.631189 0.427858 0.488998 
0.00971972 0.146863 -0.19407 0.648069 0.496646 0.523441 
-0.028477 0.0771566 -0.100743 0.663582 0.569136 0.558589 
-0.0696511 0.0015004 0.000540518 0.677728 0.645326 0.594444 
-0.113803 -0.0801053 0.109779 0.690507 0.725217 0.631004 
-0.160932 -0.167661 0.226973 0.70192 0.808809 0.66827 
-0.211038 -0.261165 0.352123 0.711966 0.896102 0.706242 
-0.264122 -0.36062 0.485228 0.720645 0.987096 0.744919 
-0.320183 -0.466024 0.626289 0.727957 1.08179 0.784302 
-0.378689 -0.576386 0.773986 0.733876 1.17945 0.824162 
-0.433747 -0.680726 0.913702 0.738097 1.27195 0.861967 
-0.483724 -0.776001 1.04139 0.740535 1.35704 0.897015 
-0.528619 -0.862211 1.15704 0.741192 1.43472 0.929305 
-0.568432 -0.939357 1.26066 0.740067 1.50498 0.958839 
-0.603165 -1.00744 1.35225 0.737161 1.56783 0.985616 
-0.632815 -1.06645 1.43181 0.732472 1.62327 1.00964 
-0.657385 -1.1164 1.49933 0.726002 1.6713 1.0309 
-0.676872 -1.15729 1.55483 0.717749 1.71191 1.0494 
-0.691279 -1.18911 1.59829 0.707715 1.74511 1.06515 
-0.700604 -1.21187 1.62972 0.695899 1.7709 1.07814 
-0.704847 -1.22556 1.64912 0.682301 1.78928 1.08838 
-0.704009 -1.23019 1.65649 0.666921 1.80024 1.09586 
-0.69809 -1.22575 1.65183 0.64976 1.80379 1.10058 
-0.687089 -1.21225 1.63513 0.630816 1.79993 1.10254 
-0.671006 -1.18968 1.60641 0.610091 1.78866 1.10175 
-0.649842 -1.15805 1.56565 0.587584 1.76997 1.0982 
-0.624514 -1.11895 1.51494 0.563531 1.74455 1.09181 
-0.597844 -1.07727 1.46067 0.538662 1.71447 1.08235 
-0.570032 -1.03336 1.40329 0.513028 1.67989 1.06979 
-0.541076 -0.987218 1.34279 0.486628 1.64081 1.05413 
-0.510978 -0.93885 1.27919 0.459463 1.59721 1.03538 
-0.479737 -0.888252 1.21248 0.431532 1.54911 1.01353 
-0.447353 -0.835424 1.14265 0.402836 1.49651 0.988588 
-0.413826 -0.780367 1.06972 0.373374 1.4394 0.96055 
-0.379156 -0.72308 0.993674 0.343148 1.37778 0.929416 
-0.343344 -0.663563 0.914519 0.312155 1.31165 0.895186 
-0.306388 -0.601817 0.832254 0.280398 1.24103 0.857861 
-0.26829 -0.537841 0.746879 0.247875 1.16589 0.817441 
-0.229048 -0.471635 0.658393 0.214586 1.08625 0.773924 
-0.188664 -0.4032 0.566797 0.180532 1.0021 0.727313 
-0.147137 -0.332535 0.47209 0.145713 0.913444 0.677605 
-0.104468 -0.25964 0.374273 0.110129 0.820284 0.624802 
-0.0631244 -0.188366 0.278274 0.0756067 0.724548 0.56909 
-0.025635 -0.12265 0.189134 0.0440187 0.628213 0.51066 
0.00800052 -0.0624946 0.106856 0.0153645 0.531279 0.449511 
0.0377821 -0.00789846 0.0314372 -0.0103558 0.433745 0.385645 
0.0637099 0.0411381 -0.0371206 -0.0331423 0.335611 0.31906 
0.0857837 0.0846151 -0.098818 -0.0529949 0.236878 0.249757 
0.104004 0.122532 -0.153655 -0.0699137 0.137546 0.177736 
0.11837 0.15489 -0.201631 -0.0838986 0.0376149 0.102997 
0.128882 0.181688 -0.242747 -0.0949497 -0.062916 0.0255392 
0.13554 0.202927 -0.277003 -0.103067 -0.164046 -0.0546364 
0.138344 0.218606 -0.304398 -0.10825 -0.265776 -0.13753 
0.137295 0.228726 -0.324932 -0.1105 -0.368105 -0.223142 
0.132391 0.233285 -0.338606 -0.109815 -0.471033 -0.311472 
0.123634 0.232286 -0.34542 -0.106197 -0.574561 -0.402521 
0.111023 0.225726 -0.345373 -0.0996452 -0.678688 -0.496287 
0.0959938 0.215424 -0.340535 -0.0911823 -0.782448 -0.591391 
0.0808793 0.20433 -0.33427 -0.0824703 -0.884269 -0.685589 
0.0657119 0.192485 -0.326623 -0.0735323 -0.984131 -0.778851 
0.0504917 0.17989 -0.317595 -0.0643683 -1.08203 -0.871176 
0.0352186 0.166544 -0.307186 -0.0549783 -1.17797 -0.962563 
0.0198927 0.152447 -0.295395 -0.0453624 -1.27196 -1.05301 
0.00451391 0.137599 -0.282224 -0.0355205 -1.36398 -1.14253 
-0.0109177 0.122 -0.267671 -0.0254527 -1.45404 -1.23111 
-0.0264022 0.105651 -0.251737 -0.0151588 -1.54214 -1.31875 
-0.0419396 0.0885511 -0.234421 -0.00463899 -1.62828 -1.40545 
-0.0575298 0.0707003 -0.215725 0.00610681 -1.71246 -1.49122 
-0.0731729 0.0520988 -0.195647 0.0170786 -1.79468 -1.57605 
-0.0888688 0.0327466 -0.174187 0.0282763 -1.87495 -1.65994 
-0.104618 0.0126436 -0.151347 0.0397 -1.95325 -1.7429 
-0.120419 -0.00821009 -0.127125 0.0513497 -2.02959 -1.82492 
-0.136274 -0.0298146 -0.101523 0.0632254 -2.10397 -1.906 
-0.15077 -0.0508669 -0.0756209 0.0744359 -2.17336 -1.98345 
-0.161283 -0.0689419 -0.0514352 0.0833223 -2.23214 -2.05225 
-0.167752 -0.0839849 -0.029011 0.0898472 -2.28015 -2.11228 
-0.170179 -0.0959958 -0.00834836 0.0940105 -2.31742 -2.16354 
-0.168562 -0.104975 0.0105528 0.0958124 -2.34394 -2.20603 
-0.162901 -0.110921 0.0276925 0.0952528 -2.35971 -2.23976 
-0.153198 -0.113836 0.0430707 0.0923316 -2.36473 -2.26472 
-0.139451 -0.113719 0.0566875 0.087049 -2.35899 -2.28092 
-0.121662 -0.110569 0.0685427 0.0794048 -2.34251 -2.28835 
-0.0998285 -0.104388 0.0786364 0.0693992 -2.31527 -2.28701 
-0.0739523 -0.0951743 0.0869687 0.057032 -2.27729 -2.2769 
-0.0440328 -0.0829287 0.0935394 0.0423033 -2.22855 -2.25803 
-0.0100702 -0.067651 0.0983487 0.0252131 -2.16906 -2.23039 
0.0279357 -0.0493413 0.101396 0.00576144 -2.09882 -2.19399 
0.0699848 -0.0279995 0.102683 -0.0160518 -2.01783 -2.14881 
0.115944 -0.00371438 0.102244 -0.0401518 -1.92634 -2.09504 
0.16246 0.021276 0.101011 -0.0646536 -1.83065 -2.03697 
0.208074 0.0459978 0.0993885 -0.0887371 -1.73349 -1.97647 
0.252784 0.0704511 0.0973756 -0.112402 -1.63486 -1.91353 
0.296592 0.0946358 0.0949728 -0.135649 -1.53477 -1.84816 
0.339498 0.118552 0.09218 -0.158478 -1.43321 -1.78036 
0.3815 0.142199 0.0889973 -0.180888 -1.33019 -1.71012 
0.4226 0.165578 0.0854247 -0.20288 -1.2257 -1.63745 
0.462798 0.188689 0.0814621 -0.224453 -1.11975 -1.56235 
0.502092 0.21153 0.0771095 -0.245608 -1.01233 -1.48481 
0.540484 0.234104 0.072367 -0.266345 -0.903446 -1.40484 
0.577974 0.256408 0.0672346 -0.286664 -0.793096 -1.32244 
0.61456 0.278444 0.0617122 -0.306564 -0.681281 -1.23761 
0.650244 0.300212 0.0557998 -0.326046 -0.568001 -1.15034 
0.685026 0.32171 0.0494975 -0.345109 -0.453255 -1.06064 
0.718904 0.342941 0.0428053 -0.363755 -0.337043 -0.968508 
0.751551 0.363699 0.0357795 -0.3818 -0.219632 -0.874053 
0.779394 0.381777 0.0290324 -0.397273 -0.103902 -0.778479 
0.801457 0.396572 0.0227313 -0.409634 0.0093589 -0.682117 
0.81774 0.408084 0.0168762 -0.418885 0.120151 -0.584967 
0.828243 0.416313 0.0114671 -0.425025 0.228475 -0.487027 
0.832967 0.421258 0.0065039 -0.428054 0.33433 -0.388298 
0.83191 0.42292 0.00198671 -0.427971 0.437716 -0.288781 
0.825073 0.421299 -0.00208451 -0.424778 0.538634 -0.188475 
0.812457 0.416394 -0.00570976 -0.418473 0.637083 -0.0873798 
0.794061 0.408207 -0.00888903 -0.409058 0.733063 0.014504 
0.769885 0.396736 -0.0116223 -0.396531 0.826575 0.117177 
0.739929 0.381982 -0.0139097 -0.380894 0.917618 0.220638 
0.704193 0.363945 -0.015751 -0.362145 1.00619 0.324889 
0.662677 0.342624 -0.0171464 -0.340286 1.0923 0.429928 
0.615381 0.31802 -0.0180958 -0.315315 1.17593 0.535756 
0.562305 0.290133 -0.0185992 -0.287233 1.2571 0.642373 
0.50345 0.258963 -0.0186567 -0.25604 1.3358 0.749778 
0.440601 0.225526 -0.0183844 -0.222707 1.41112 0.856653 
0.376945 0.191636 -0.0179898 -0.188964 1.48143 0.960643 
0.312543 0.157327 -0.017477 -0.154844 1.5467 1.0617 
0.247397 0.1226 -0.0168459 -0.120348 1.60694 1.15983 
0.181506 0.0874555 -0.0160965 -0.0854765 1.66213 1.25503 
0.11487 0.0518924 -0.0152289 -0.0502287 1.71229 1.3473 
0.0474888 0.0159112 -0.0142429 -0.0146047 1.75741 1.43663 
-0.0206371 -0.0204882 -0.0131387 0.0213953 1.79749 1.52304 
-0.089508 -0.0573057 -0.0119163 0.0577715 1.83252 1.60652 
-0.159124 -0.0945413 -0.0105756 0.0945237 1.86253 1.68706 
-0.229485 -0.132195 -0.00911659 0.131652 1.88749 1.76467 
-0.30059 -0.170267 -0.00753933 0.169157 1.90741 1.83936 
-0.372441 -0.208757 -0.00584381 0.207037 1.92229 1.91111 
-0.445036 -0.247665 -0.00403002 0.245294 1.93214 1.97993 
-0.518377 -0.286992 -0.00209796 0.283926 1.93694 2.04582 
-0.591625 -0.326281 -7.33889e-05 0.32249 1.93649 2.10821 
-0.65802 -0.36186 0.00183568 0.357383 1.92898 2.16246 
-0.716085 -0.392927 0.00358381 0.38782 1.91402 2.20758 
-0.76582 -0.419481 0.00517102 0.4138 1.89162 2.24354 
-0.807225 -0.441523 0.00659729 0.435325 1.86177 2.27037 
-0.840301 -0.459052 0.00786262 0.452393 1.82448 2.28805 
-0.865046 -0.472068 0.00896703 0.465005 1.77973 2.29658 
-0.881462 -0.480572 0.0099105 0.473161 1.72755 2.29597 
-0.889547 -0.484564 0.010693 0.47686 1.66791 2.28622 
-0.889303 -0.484042 0.0113146 0.476103 1.60083 2.26733 
-0.880729 -0.479008 0.0117753 0.470891 1.5263 2.23929 
-0.863825 -0.469462 0.0120751 0.461221 1.44433 2.2021 
-0.838591 -0.455403 0.0122139 0.447096 1.35491 2.15578 
-0.805027 -0.436831 0.0121917 0.428514 1.25804 2.10031 
-0.763133 -0.413747 0.0120087 0.405476 1.15372 2.03569 
-0.712909 -0.386151 0.0116647 0.377982 1.04196 1.96194 
-0.655572 -0.354702 0.0111854 0.346684 0.923984 1.88039 
-0.596706 -0.322433 0.0106888 0.314572 0.805421 1.79728 
-0.537004 -0.28972 0.0101894 0.282019 0.686976 1.71338 
-0.476466 -0.256564 0.00968724 0.249024 0.568647 1.62868 
-0.415092 -0.222965 0.00918234 0.215588 0.450435 1.5432 
-0.352883 -0.188922 0.00867469 0.181711 0.332339 1.45692 
-0.289838 -0.154435 0.00816428 0.147392 0.214361 1.36985 
-0.225957 -0.119505 0.00765111 0.112632 0.0964989 1.28198 
-0.161241 -0.0841311 0.0071352 0.0774305 -0.0212461 1.19333 
-0.0956891 -0.0483139 0.00661653 0.0417874 -0.138874 1.10388 
-0.0293015 -0.0120532 0.0060951 0.00570295 -0.256386 1.01365 
0.0379219 0.024651 0.00557093 -0.030823 -0.37378 0.922617 
0.105981 0.0617988 0.005044 -0.0677903 -0.491058 0.830796 
0.174876 0.09939 0.00451431 -0.105199 -0.608219 0.738182 
0.244606 0.137425 0.00398188 -0.143049 -0.725263 0.644777 
0.315172 0.175903 0.00344669 -0.181341 -0.84219 0.550579 
0.386574 0.214825 0.00290874 -0.220074 -0.959001 0.45559 
0.456366 0.252857 0.00240127 -0.257923 -1.07208 0.362274 
0.520927 0.288024 0.00197347 -0.292923 -1.17606 0.274282 
0.580222 0.320308 0.00162581 -0.325058 -1.27091 0.191648 
0.634253 0.349709 0.00135828 -0.354326 -1.35662 0.114371 
0.683018 0.376227 0.00117088 -0.380728 -1.43318 0.0424531 
0.726519 0.399861 0.00106361 -0.404264 -1.50061 -0.0241074 
0.764754 0.420613 0.00103647 -0.424934 -1.5589 -0.0853101 
0.797725 0.438481 0.00108947 -0.442738 -1.60804 -0.141155 
0.82543 0.453467 0.0012226 -0.457676 -1.64805 -0.191642 
0.847871 0.465569 0.00143586 -0.469747 -1.67892 -0.236771 
0.865046 0.474788 0.00172926 -0.478952 -1.70064 -0.276542 
0.876957 0.481124 0.00210279 -0.485291 -1.71323 -0.310955 
0.883602 0.484576 0.00255644 -0.488764 -1.71668 -0.34001 
0.884983 0.485146 0.00309024 -0.489371 -1.71098 -0.363708 
0.881098 0.482833 0.00370416 -0.487112 -1.69615 -0.382047 
0.871948 0.477636 0.00439822 -0.481986 -1.67218 -0.395029 
0.857933 0.469773 0.00519146 -0.474218 -1.63962 -0.403056 
0.840288 0.459915 0.00614306 -0.464503 -1.60021 -0.407382 
0.819104 0.44811 0.00725723 -0.452889 -1.55408 -0.408095 
0.79438 0.434358 0.00853397 -0.439377 -1.50122 -0.405195 
0.766116 0.41866 0.00997329 -0.423967 -1.44163 -0.398684 
0.734311 0.401014 0.0115752 -0.406659 -1.37531 -0.38856 
0.698967 0.381422 0.0133396 -0.387453 -1.30227 -0.374823 
0.660083 0.359883 0.0152667 -0.366349 -1.22249 -0.357475 
0.617658 0.336398 0.0173563 -0.343347 -1.136 -0.336513 
0.571694 0.310965 0.0196085 -0.318447 -1.04277 -0.31194 
0.52219 0.283586 0.0220232 -0.291649 -0.942814 -0.283754 
0.469146 0.25426 0.0246005 -0.262952 -0.836133 -0.251956 
0.412561 0.222987 0.0273404 -0.232358 -0.722724 -0.216545 
0.352437 0.189767 0.0302429 -0.199866 -0.602587 -0.177522 
0.288773 0.154601 0.033308 -0.165475 -0.475723 -0.134887 
0.222776 0.118239 0.036136 -0.129857 -0.344721 -0.0901954 
0.158311 0.0830887 0.037448 -0.095161 -0.21787 -0.0484315 
0.0956694 0.0493304 0.0371477 -0.0615471 -0.0957922 -0.00996915 
0.0348504 0.0169643 0.0352353 -0.0290157 0.0215119 0.0251917 
-0.0241459 -0.0140099 0.0317107 0.00243323 0.134042 0.0570512 
-0.0813195 -0.043592 0.0265739 0.0327997 0.2418 0.0856091 
-0.13667 -0.071782 0.019825 0.0620836 0.344783 0.110866 
-0.190199 -0.09858 0.0114639 0.090285 0.442993 0.13282 
-0.241904 -0.123986 0.00149061 0.117404 0.53643 0.151474 
-0.291787 -0.148 -0.0100948 0.14344 0.625093 0.166826 
-0.334155 -0.16738 -0.0239842 0.165296 0.697197 0.175009 
-0.361904 -0.178079 -0.0410412 0.179104 0.738026 0.171195 
-0.375011 -0.180085 -0.0612683 0.184851 0.747537 0.155369 
-0.373477 -0.173399 -0.0846657 0.182539 0.725731 0.127531 
-0.357302 -0.158019 -0.111233 0.172167 0.672605 0.0876809 
-0.326485 -0.133945 -0.140971 0.153734 0.588162 0.0358194 
-0.281027 -0.101179 -0.173879 0.127242 0.4724 -0.0280539 
-0.221885 -0.061174 -0.20594 0.0933799 0.330759 -0.0987941 
-0.155027 -0.0229913 -0.212119 0.0564495 0.197131 -0.144337 
-0.0814848 0.0118009 -0.188085 0.0171952 0.0773806 -0.159133 
-0.00125875 0.0432026 -0.133838 -0.0243831 -0.0284916 -0.143184 
0.0856512 0.0712137 -0.049378 -0.0682853 -0.120486 -0.0964894 
0.179245 0.0958344 0.0652956 -0.114512 -0.198602 -0.0190486 
0.279523 0.117064 0.210183 -0.163062 -0.26284 0.089138 
0.372013 0.133217 0.358438 -0.207146 -0.309438 0.20566 
0.434861 0.141745 0.469523 -0.23651 -0.332713 0.296674 
0.467845 0.142623 0.543027 -0.251051 -0.332607 0.361839 
0.470966 0.135851 0.578949 -0.250769 -0.309121 0.401153 
0.444224 0.121428 0.577291 -0.235663 -0.262255 0.414617 
0.39101 0.100426 0.541426 -0.207455 -0.19545 0.404137 
0.335121 0.0803677 0.495024 -0.178223 -0.132845 0.38308 
0.281157 0.0627064 0.442663 -0.150302 -0.0791069 0.354032 
0.229119 0.0474422 0.384341 -0.123692 -0.0342367 0.316992 
0.179007 0.0345752 0.32006 -0.0983937 0.00176595 0.27196 
0.13082 0.0241053 0.249819 -0.0744065 0.028901 0.218937 
0.084559 0.0160326 0.173618 -0.0517306 0.0471684 0.157923 
0.0402054 0.0099766 0.0931158 -0.0302935 0.0580911 0.0908417 
-0.00231629 0.00435022 0.0152268 -0.00979289 0.0680198 0.0257242 
-0.0430145 -0.00102128 -0.059287 0.00980437 0.0776539 -0.0365454 
-0.0818892 -0.00613789 -0.130426 0.0284984 0.0869936 -0.0959671 
-0.11894 -0.0109996 -0.198189 0.046289 0.0960387 -0.152541 
-0.154168 -0.0156065 -0.262578 0.0631764 0.104789 -0.206267 
-0.187572 -0.0199585 -0.323591 0.0791605 0.113245 -0.257145 
-0.219153 -0.0240556 -0.381229 0.0942414 0.121407 -0.305175 
-0.24891 -0.0278978 -0.435492 0.108419 0.129274 -0.350357 
-0.276843 -0.0314852 -0.48638 0.121693 0.136847 -0.392691 
-0.302954 -0.0348176 -0.533893 0.134064 0.144125 -0.432178 
-0.32724 -0.0378952 -0.57803 0.145532 0.151108 -0.468816 
-0.349703 -0.0407179 -0.618793 0.156096 0.157797 -0.502607 
-0.370343 -0.0432858 -0.65618 0.165757 0.164192 -0.53355 
-0.389159 -0.0455987 -0.690192 0.174515 0.170292 -0.561644 
-0.406151 -0.0476568 -0.720829 0.182369 0.176098 -0.586891 
-0.42132 -0.04946 -0.748091 0.189321 0.181609 -0.60929 
-0.434666 -0.0510083 -0.771978 0.195369 0.186825 -0.628841 
-0.446188 -0.0523018 -0.792489 0.200513 0.191747 -0.645544 
-0.455886 -0.0533404 -0.809626 0.204754 0.196375 -0.6594 
-0.463761 -0.0541241 -0.823387 0.208092 0.200707 -0.670407 
-0.470558 -0.0547671 -0.83514 0.210899 0.204897 -0.679719 
-0.478135 -0.055554 -0.848292 0.214098 0.20932 -0.690206 
-0.48658 -0.0564985 -0.863004 0.217736 0.213994 -0.702006 
-0.495893 -0.0576004 -0.879277 0.221811 0.218919 -0.715119 
-0.506074 -0.0588598 -0.897109 0.226323 0.224095 -0.729543 
-0.517124 -0.0602766 -0.916503 0.231274 0.229522 -0.74528 
-0.529041 -0.061851 -0.937456 0.236661 0.2352 -0.762329 
-0.541827 -0.0635827 -0.95997 0.242487 0.24113 -0.78069 
-0.555481 -0.065472 -0.984044 0.24875 0.24731 -0.800363 
-0.570003 -0.0675187 -1.00968 0.25545 0.253742 -0.821349 
-0.585393 -0.0697229 -1.03687 0.262588 0.260425 -0.843647 
-0.601651 -0.0720845 -1.06563 0.270164 0.267358 -0.867257 
-0.618778 -0.0746037 -1.09594 0.278178 0.274543 -0.89218 
-0.636773 -0.0772803 -1.12782 0.286629 0.281979 -0.918415 
-0.655635 -0.0801143 -1.16126 0.295517 0.289666 -0.945961 
-0.675366 -0.0831058 -1.19625 0.304843 0.297604 -0.974821 
-0.695965 -0.0862548 -1.23281 0.314607 0.305794 -1.00499 
-0.717432 -0.0895613 -1.27093 0.324808 0.314234 -1.03648 
-0.739768 -0.0930252 -1.3106 0.335447 0.322926 -1.06927 
-0.762971 -0.0966466 -1.35184 0.346524 0.331868 -1.10338 
-0.786672 -0.100384 -1.39398 0.357871 0.340911 -1.13826 
-0.803101 -0.103379 -1.4231 0.365995 0.346893 -1.16257 
-0.809149 -0.105285 -1.43366 0.369499 0.348551 -1.17178 
-0.804817 -0.106104 -1.42565 0.368382 0.345883 -1.16589 
-0.790105 -0.105836 -1.39907 0.362644 0.338891 -1.1449 
-0.765013 -0.10448 -1.35392 0.352285 0.327574 -1.1088 
-0.72954 -0.102036 -1.2902 0.337305 0.311933 -1.0576 
-0.683688 -0.0985051 -1.20791 0.317705 0.291966 -0.991305 
-0.627455 -0.0938863 -1.10705 0.293484 0.267675 -0.909903 
-0.560842 -0.08818 -0.987623 0.264642 0.239059 -0.813399 
-0.483849 -0.0813861 -0.849626 0.23118 0.206118 -0.701794 
-0.396475 -0.0735046 -0.69306 0.193097 0.168852 -0.575086 
-0.30016 -0.0646755 -0.520491 0.151017 0.127864 -0.435367 
-0.207253 -0.0561009 -0.353967 0.110308 0.088328 -0.300592 
-0.120591 -0.0480569 -0.198552 0.0721999 0.051432 -0.174884 
-0.0401745 -0.0405435 -0.0542454 0.0366938 0.0171761 -0.058243 
0.0339972 -0.0335606 0.0789534 0.00378937 -0.0144398 0.0493305 
0.101924 -0.0271082 0.201044 -0.0265133 -0.0434155 0.147837 
0.163606 -0.0211865 0.312027 -0.0542141 -0.0697511 0.237276 
0.219042 -0.0157953 0.411901 -0.0793133 -0.0934466 0.317648 
0.268234 -0.0109346 0.500667 -0.101811 -0.114502 0.388953 
0.310372 -0.00667272 0.57691 -0.121392 -0.132569 0.450019 
0.33632 -0.00377998 0.624649 -0.134511 -0.143712 0.487616 
0.343515 -0.0024727 0.639397 -0.140171 -0.146827 0.498028 
0.331954 -0.00275087 0.621154 -0.138373 -0.141913 0.481256 
0.30164 -0.0046145 0.56992 -0.129115 -0.12897 0.437299 
0.252571 -0.00806358 0.485695 -0.1124 -0.107999 0.366158 
0.184748 -0.0130981 0.368478 -0.088225 -0.0789995 0.267833 
0.103827 -0.0192712 0.228241 -0.0588288 -0.0443931 0.150523 
0.0286698 -0.0250929 0.0982219 -0.03167 -0.0122548 0.0415653 
-0.0392142 -0.0304437 -0.0189161 -0.00734584 0.0167688 -0.0568493 
-0.0998247 -0.0353238 -0.123173 0.0141437 0.0426777 -0.144721 
-0.152812 -0.0397251 -0.213913 0.0326605 0.0653224 -0.221544 
-0.178419 -0.0431946 -0.255229 0.0404143 0.0762635 -0.258671 
-0.165234 -0.0454706 -0.226378 0.0329044 0.0706256 -0.239557 
-0.113257 -0.046553 -0.127358 0.0101309 0.0484086 -0.164201 
-0.0354767 -0.0471722 0.0189473 -0.0230774 0.0151638 -0.0514344 
0.0314091 -0.0493917 0.14789 -0.0530773 -0.013425 0.0455366 
0.0844998 -0.0535073 0.254601 -0.0788997 -0.0361182 0.122507 
0.0845065 -0.0694198 0.283875 -0.0922518 -0.0361214 0.122517 
0.0150937 -0.102108 0.2144 -0.0904653 -0.00645168 0.0218824 
-0.0479734 -0.140866 0.168659 -0.0971678 0.0205056 -0.0695515 
-0.00444181 -0.135777 0.241871 -0.112518 0.00189868 -0.00643902 
0.0138335 -0.148034 0.299939 -0.131901 -0.00591288 0.0200561 
-0.00324677 -0.200286 0.366951 -0.171359 0.00138774 -0.00470761 
0.000428577 -0.244596 0.459527 -0.214313 -0.000183097 0.000622158 
-0.000199291 -0.292606 0.552586 -0.260265 8.51654e-05 -0.000289096 
0.000151956 -0.341564 0.651018 -0.309238 -6.50022e-05 0.000219831 
-3.82235e-05 -0.390197 0.749534 -0.359391 1.6456e-05 -5.4325e-05 
-2.49707e-06 -0.437711 0.847889 -0.410182 1.08755e-06 -3.41536e-06 
3.77815e-07 -0.484417 0.945991 -0.46157 -8.84173e-08 1.28152e-06 
5.14552e-07 -0.52217 1.02766 -0.505495 -4.67863e-07 -1.76523e-06 
-8.66567e-08 -0.474205 0.93958 -0.465376 8.77845e-08 3.4865e-07 
-2.65542e-07 -0.422515 0.84173 -0.419215 2.64881e-07 1.20929e-06 
9.17519e-08 -0.372931 0.746183 -0.373252 -9.16205e-08 -4.19797e-07 
-1.37987e-07 -0.324352 0.651488 -0.327138 1.37956e-07 6.57708e-07 
3.00336e-08 -0.280779 0.565482 -0.284704 -3.00268e-08 -1.38327e-07 
-3.86703e-10 -0.238879 0.481959 -0.243078 3.86945e-10 6.22074e-09 
-2.41906e-09 -0.212459 0.430396 -0.217936 2.41779e-09 1.19257e-08 
4.58888e-09 -0.188325 0.382471 -0.194146 -4.58902e-09 -2.32265e-08 
1.27505e-09 -0.142453 0.28912 -0.146668 -1.27485e-09 -4.65294e-09 
-5.50209e-09 -0.0922353 0.186523 -0.0942884 5.50227e-09 3.17023e-08 
-1.13674e-08 -0.0521868 0.104673 -0.052486 1.13674e-08 6.29172e-08 
-9.29365e-09 -0.0593137 0.119707 -0.0603931 9.29365e-09 5.13774e-08 
7.42715e-10 -0.112774 0.229912 -0.117138 -7.42747e-10 -3.01335e-09 
1.09946e-08 -0.163548 0.3346 -0.171052 -1.09947e-08 -5.85299e-08 
1.96982e-08 -0.200478 0.410848 -0.210369 -1.96982e-08 -1.05672e-07 
2.61007e-08 -0.221911 0.455226 -0.233315 -2.61008e-08 -1.40374e-07 
2.90309e-08 -0.225279 0.462403 -0.237124 -2.90309e-08 -1.56308e-07 
2.84752e-08 -0.210552 0.432316 -0.221764 -2.84752e-08 -1.534e-07 
2.44389e-08 -0.177759 0.365025 -0.187267 -2.44388e-08 -1.3168e-07 
1.91682e-08 -0.139273 0.285997 -0.146724 -1.91682e-08 -1.03282e-07 
1.45073e-08 -0.105252 0.216138 -0.110886 -1.45073e-08 -7.81698e-08 
1.04562e-08 -0.0756964 0.155447 -0.0797508 -1.04562e-08 -5.63429e-08 
7.01494e-09 -0.050606 0.103925 -0.0533193 -7.01494e-09 -3.78013e-08 
4.18344e-09 -0.029981 0.0615724 -0.0315915 -4.18343e-09 -2.25451e-08 
1.96172e-09 -0.0138211 0.0283883 -0.0145673 -1.96172e-09 -1.05742e-08 
3.49797e-10 -0.00212643 0.00437304 -0.00224662 -3.49797e-10 -1.88865e-09 
-6.52337e-10 0.00510301 -0.0104734 0.00537043 6.52337e-10 3.51154e-09 
-1.04468e-09 0.00786722 -0.0161511 0.00828388 1.04468e-09 5.62637e-09 
-8.27235e-10 0.00616622 -0.01266 0.00649374 8.27235e-10 4.45586e-09 
1.32349e-23 0 -1.11022e-16 0 0 -2.64698e-23 
0 0 0 0 0 0 
