0.00730052 0.364534 -0.701519 0.336985 -0.00730052 -1.08661e-05 
0.0109088 -0.173129 0.335437 -0.162308 -0.0109088 -1.62375e-05 
-0.0112354 -0.135584 0.259545 -0.123962 0.0112354 1.67233e-05 
-0.00831473 -0.0506629 0.0963701 -0.0457071 0.00831473 1.23761e-05 
-0.000393807 0.00590668 -0.0113546 0.00544789 0.000393807 5.86174e-07 
0.00151502 0.0678274 -0.13045 0.0626221 -0.00151502 -2.25496e-06 
0.00111628 0.131802 -0.253909 0.122107 -0.00111628 -1.66138e-06 
0.000717534 0.195776 -0.377368 0.181591 -0.000717534 -1.0678e-06 
0.000318792 0.259751 -0.500827 0.241076 -0.000318792 -4.74216e-07 
-7.995e-05 0.323725 -0.624286 0.30056 7.995e-05 1.19367e-07 
-0.000235239 0.108286 -0.208622 0.100336 0.000235239 3.5027e-07 
-0.000245483 -0.273623 0.52824 -0.254617 0.000245483 3.65097e-07 
-0.000255749 -0.654794 1.26368 -0.608882 0.000255749 3.79957e-07 
-0.000281535 -0.516469 0.994786 -0.478317 0.000281535 4.18448e-07 
-0.000307321 -0.378145 0.725897 -0.347752 0.000307321 4.5694e-07 
-0.000333108 -0.239821 0.457007 -0.217187 0.000333108 4.95431e-07 
-0.000290996 -0.192247 0.366753 -0.174506 0.000290996 4.32847e-07 
-0.000238952 -0.15795 0.302634 -0.144684 0.000238952 3.55475e-07 
-0.000186907 -0.123654 0.238515 -0.114861 0.000186907 2.78102e-07 
-0.000134862 -0.0893574 0.174396 -0.0850386 0.000134862 2.0073e-07 
-8.28167e-05 -0.0550609 0.110277 -0.0552161 8.28167e-05 1.23358e-07 
-3.07718e-05 -0.0207644 0.046158 -0.0253936 3.07718e-05 4.59854e-08 
-2.46184e-06 -0.0610829 0.106912 -0.0458295 2.46184e-06 3.47639e-09 
2.25524e-05 -0.111762 0.185006 -0.0732441 -2.25524e-05 -3.41917e-08 
4.75666e-05 -0.162441 0.2631 -0.100659 -4.75666e-05 -7.18598e-08 
7.25808e-05 -0.21312 0.341193 -0.128073 -7.25808e-05 -1.09528e-07 
9.7595e-05 -0.263799 0.419287 -0.155488 -9.7595e-05 -1.47196e-07 
0.000372172 -0.102678 0.0775447 0.0251335 -0.000372172 -5.54421e-07 
0.000907311 0.279578 -0.702539 0.422961 -0.000907311 -1.34749e-06 
0.00144245 0.661835 -1.48262 0.820788 -0.00144245 -2.14056e-06 
0.000322585 0.0310989 -0.211907 0.180808 -0.000322585 -4.58168e-07 
-0.000759949 -0.579213 1.01836 -0.439144 0.000759949 1.16303e-06 
-0.000762996 -0.548662 0.958555 -0.409893 0.000762996 1.12568e-06 
-0.000246862 -0.459444 0.650935 -0.191491 0.000246862 2.00215e-07 
0.00041979 -0.445479 0.376045 0.0694331 -0.00041979 -7.89581e-07 
0.000238534 -0.671862 0.652626 0.0192374 -0.000238534 9.26468e-07 
-0.000275325 -0.939363 1.08152 -0.142148 0.000275325 -7.51216e-07 
0.000119324 0.138706 -0.579756 0.441048 -0.000119324 -9.27727e-06 
-4.58212e-05 0.397261 -0.84647 0.449204 4.58212e-05 2.28528e-05 
7.94723e-06 0.731973 -0.899451 0.167476 -7.94723e-06 -1.51461e-05 
-1.17973e-06 0.439019 -0.987362 0.548347 1.17973e-06 8.35774e-06 
-8.25015e-07 0.502632 -0.66914 0.166511 8.25015e-07 -6.85734e-07 
1.56964e-05 0.989117 -0.202214 -0.786905 -1.56964e-05 -3.95219e-05 
1.07566e-05 0.574544 0.118019 -0.692565 -1.07566e-05 -2.66141e-05 
-7.1382e-06 -0.271059 0.682083 -0.411026 7.13819e-06 1.78434e-05 
-3.18062e-05 -0.745889 0.863053 -0.117163 3.18062e-05 7.92381e-05 
-3.58031e-05 -0.464777 1.02232 -0.557535 3.58032e-05 8.93383e-05 
0.000123298 -0.567336 0.917648 -0.350317 -0.000123299 -0.00030753 
-0.000213317 -0.591612 0.995185 -0.403566 0.00021332 0.000532033 
0.000197793 -0.642816 0.975048 -0.332248 -0.000197794 -0.000493321 
0.000259869 -0.667704 0.946336 -0.278643 -0.000260121 -0.000646492 
-0.0002396 0.412431 -0.959283 0.54682 0.000237509 0.000611422 
0.000186899 0.448 -0.981797 0.533857 -0.000190276 -0.000443842 
-0.000897988 0.479507 -0.983685 0.504389 0.00104041 0.00129846 
-0.00133529 0.51979 -0.984658 0.465467 0.00183513 2.70584e-05 
0.014718 0.479239 -0.988523 0.503463 -0.0195654 -0.00467356 
-0.0425155 0.81263 -0.987746 0.191749 0.0564185 0.0141584 
0.0902229 0.257292 -1.09298 0.80051 -0.119668 -0.0304367 
-0.101885 0.732473 -0.357101 -0.335677 0.135125 0.0344481 
-0.011068 0.365386 -0.440783 0.0797151 0.0146784 0.00374333 
0.134572 -0.177991 -0.790065 0.915618 -0.17848 -0.0454655 
0.0987614 -0.0709267 -0.627453 0.659894 -0.130985 -0.0333682 
0.0644532 0.0565521 -0.350875 0.269205 -0.0854847 -0.0217748 
0.000921937 0.0844215 -0.0369038 -0.0478788 -0.00122449 -0.000312085 
-0.142003 -0.158329 0.378656 -0.164991 0.188339 0.0479639 
-0.284928 -0.40108 0.794217 -0.282103 0.377903 0.0962399 
-0.414698 -0.615071 1.16934 -0.392668 0.550019 0.140072 
-0.0859071 0.173452 0.135007 -0.274999 0.113925 0.0290068 
0.242884 0.961974 -0.899329 -0.157329 -0.32217 -0.0820586 
0.261861 0.762948 -0.87892 0.0139525 -0.347289 -0.0884204 
0.238963 0.430443 -0.715949 0.192481 -0.316861 -0.0806304 
0.215013 0.175002 -0.574854 0.316196 -0.285065 -0.0725132 
0.187624 0.171405 -0.505246 0.260781 -0.248801 -0.0633266 
0.160235 0.167809 -0.435637 0.205367 -0.212537 -0.05414 
0.132845 0.164212 -0.366028 0.149952 -0.176273 -0.0449535 
0.105456 0.160615 -0.29642 0.0945378 -0.140009 -0.0357669 
0.0780667 0.157018 -0.226811 0.0391233 -0.103745 -0.0265804 
0.0506774 0.153421 -0.157203 -0.0162912 -0.0674811 -0.0173938 
0.0231859 0.13794 -0.0865688 -0.0607743 -0.031055 -0.00814522 
-0.00474397 0.0714577 -0.0115356 -0.0583462 0.00606709 0.00136947 
-0.0326739 0.00497558 0.0634975 -0.0559182 0.0431892 0.0108842 
-0.0606037 -0.0615066 0.138531 -0.0534901 0.0803113 0.0203988 
-0.0885336 -0.127989 0.213564 -0.051062 0.117433 0.0299135 
-0.116464 -0.194471 0.288597 -0.048634 0.154556 0.0394282 
-0.144393 -0.260953 0.36363 -0.0462059 0.191678 0.0489429 
-0.172323 -0.327435 0.438663 -0.0437779 0.2288 0.0584576 
-0.200253 -0.393917 0.513696 -0.0413498 0.265922 0.0679723 
-0.228183 -0.460399 0.58873 -0.0389218 0.303044 0.077487 
-0.256113 -0.526882 0.663763 -0.0364937 0.340166 0.0870017 
-0.284043 -0.593364 0.738796 -0.0340657 0.377288 0.0965163 
-0.311973 -0.659846 0.813829 -0.0316376 0.41441 0.106031 
-0.339903 -0.726328 0.888862 -0.0292095 0.451532 0.115546 
-0.367832 -0.79281 0.963895 -0.0267815 0.488654 0.12506 
-0.393296 -0.853534 1.03224 -0.0244078 0.522488 0.133724 
-0.299999 -0.636971 0.778627 -0.0246536 0.397972 0.101407 
-0.206702 -0.420408 0.525011 -0.0248994 0.273455 0.06909 
-0.113406 -0.203845 0.271395 -0.0251452 0.148938 0.0367729 
-0.0201088 0.0127186 0.0177794 -0.025391 0.0244213 0.00445589 
0.0731881 0.229282 -0.235836 -0.0256368 -0.100095 -0.0278612 
0.166485 0.445845 -0.489452 -0.0258826 -0.224612 -0.0601782 
0.259782 0.662408 -0.743068 -0.0261283 -0.349129 -0.0924953 
0.279013 0.692988 -0.788365 -0.0168864 -0.372972 -0.0972625 
0.276638 0.669317 -0.772897 -0.00487698 -0.367448 -0.0939935 
0.274264 0.645646 -0.757429 0.00713246 -0.361924 -0.0907245 
0.27189 0.621975 -0.741961 0.0191419 -0.356401 -0.0874555 
0.269516 0.598304 -0.726492 0.0311514 -0.350877 -0.0841865 
0.267142 0.574633 -0.711024 0.0431608 -0.345353 -0.0809175 
0.264768 0.550962 -0.695556 0.0551702 -0.33983 -0.0776485 
0.262394 0.527292 -0.680087 0.0671797 -0.334306 -0.0743795 
0.260019 0.503621 -0.664619 0.0791891 -0.328782 -0.0711105 
0.251686 0.483968 -0.641413 0.0774388 -0.318916 -0.0695295 
0.242062 0.465185 -0.616532 0.0727099 -0.308109 -0.068314 
0.232438 0.446403 -0.59165 0.0679809 -0.297302 -0.0670984 
0.222814 0.42762 -0.566769 0.063252 -0.286496 -0.0658829 
0.213191 0.408837 -0.541888 0.0585231 -0.275689 -0.0646673 
0.203567 0.390054 -0.517007 0.0537942 -0.264882 -0.0634517 
0.193943 0.371272 -0.492126 0.0490652 -0.254076 -0.0622362 
0.184319 0.352489 -0.467244 0.0443363 -0.243269 -0.0610206 
0.174696 0.333706 -0.442363 0.0396074 -0.232462 -0.0598051 
0.165072 0.314923 -0.417482 0.0348785 -0.221656 -0.0585895 
0.155448 0.296141 -0.392601 0.0301495 -0.210849 -0.0573739 
0.145824 0.277358 -0.36772 0.0254206 -0.200042 -0.0561584 
0.136201 0.258575 -0.342838 0.0206917 -0.189236 -0.0549428 
0.126577 0.239792 -0.317957 0.0159628 -0.178429 -0.0537273 
0.116953 0.22101 -0.293076 0.0112338 -0.167622 -0.0525117 
0.107329 0.202227 -0.268195 0.00650492 -0.156816 -0.0512962 
0.0977056 0.183444 -0.243313 0.00177599 -0.146009 -0.0500806 
0.0880818 0.164661 -0.218432 -0.00295293 -0.135202 -0.048865 
0.078458 0.145879 -0.193551 -0.00768186 -0.124395 -0.0476495 
0.0688343 0.127096 -0.16867 -0.0124108 -0.113589 -0.0464339 
0.0592105 0.108313 -0.143789 -0.0171397 -0.102782 -0.0452184 
0.0495867 0.0895305 -0.118907 -0.0218686 -0.0919754 -0.0440028 
0.039963 0.0707477 -0.0940262 -0.0265976 -0.0811688 -0.0427872 
0.0303392 0.051965 -0.069145 -0.0313265 -0.0703621 -0.0415717 
0.0207154 0.0331823 -0.0442638 -0.0360554 -0.0595554 -0.0403561 
0.0110917 0.0143995 -0.0193826 -0.0407843 -0.0487487 -0.0391406 
0.00447088 0.00253336 -0.00361343 -0.0381864 -0.0367117 -0.0335277 
0.000986638 -0.00210851 0.00263836 -0.0279355 -0.0233896 -0.023322 
-0.0024976 -0.00675038 0.00889015 -0.0176846 -0.0100675 -0.0131163 
-0.00598184 -0.0113923 0.0151419 -0.00743379 0.00325456 -0.00291054 
-0.00946608 -0.0160341 0.0213937 0.00281707 0.0165766 0.0072952 
-0.0129503 -0.020676 0.0276455 0.0130679 0.0298987 0.0175009 
-0.0164346 -0.0253179 0.0338973 0.0233188 0.0432208 0.0277067 
-0.0199188 -0.0299598 0.0401491 0.0335696 0.0565429 0.0379124 
-0.023403 -0.0346016 0.0464009 0.0438205 0.069865 0.0481181 
-0.0268873 -0.0392435 0.0526527 0.0540714 0.0831871 0.0583239 
-0.0303715 -0.0438854 0.0589045 0.0643222 0.0965092 0.0685296 
-0.0338557 -0.0485272 0.0651562 0.0745731 0.109831 0.0787353 
-0.03734 -0.0531691 0.071408 0.0848239 0.123153 0.0889411 
-0.0408242 -0.057811 0.0776598 0.0950748 0.136475 0.0991468 
-0.0443085 -0.0624529 0.0839116 0.105326 0.149798 0.109353 
-0.0477927 -0.0670947 0.0901634 0.115577 0.16312 0.119558 
-0.0512769 -0.0717366 0.0964152 0.125827 0.176442 0.129764 
-0.0547612 -0.0763785 0.102667 0.136078 0.189764 0.13997 
-0.0582454 -0.0810204 0.108919 0.146329 0.203086 0.150175 
-0.0617296 -0.0856622 0.115171 0.15658 0.216408 0.160381 
-0.0652139 -0.0903041 0.121422 0.166831 0.22973 0.170587 
-0.0686981 -0.094946 0.127674 0.177082 0.243052 0.180793 
-0.0721824 -0.0995878 0.133926 0.187333 0.256374 0.190998 
-0.0756666 -0.10423 0.140178 0.197583 0.269696 0.201204 
-0.0791508 -0.108872 0.146429 0.207834 0.283018 0.21141 
-0.0826351 -0.113513 0.152681 0.218085 0.29634 0.221616 
-0.0861193 -0.118155 0.158933 0.228336 0.309663 0.231821 
-0.0896036 -0.122797 0.165185 0.238587 0.322985 0.242027 
-0.0930878 -0.127439 0.171437 0.248838 0.336307 0.252233 
-0.096572 -0.132081 0.177688 0.259089 0.349629 0.262439 
-0.100056 -0.136723 0.18394 0.269339 0.362951 0.272644 
-0.103541 -0.141365 0.190192 0.27959 0.376273 0.28285 
-0.128428 -0.190673 0.256134 0.270329 0.40885 0.290461 
-0.158096 -0.249956 0.335406 0.256711 0.445727 0.297493 
-0.187764 -0.309239 0.414678 0.243093 0.482605 0.304525 
-0.217432 -0.368522 0.49395 0.229475 0.519482 0.311558 
-0.2471 -0.427806 0.573222 0.215856 0.556359 0.31859 
-0.276767 -0.487089 0.652494 0.202238 0.593236 0.325622 
-0.306435 -0.546372 0.731766 0.18862 0.630114 0.332654 
-0.336103 -0.605655 0.811038 0.175002 0.666991 0.339686 
-0.365771 -0.664939 0.89031 0.161383 0.703868 0.346718 
-0.395439 -0.724222 0.969582 0.147765 0.740745 0.35375 
-0.425106 -0.783505 1.04885 0.134147 0.777623 0.360782 
-0.454774 -0.842788 1.12813 0.120529 0.8145 0.367814 
-0.484442 -0.902072 1.2074 0.10691 0.851377 0.374846 
-0.51411 -0.961355 1.28667 0.093292 0.888255 0.381878 
-0.543778 -1.02064 1.36594 0.0796738 0.925132 0.38891 
-0.573446 -1.07992 1.44521 0.0660555 0.962009 0.395942 
-0.573933 -1.08484 1.45212 0.050934 0.958646 0.390436 
-0.5233 -0.994515 1.33223 0.0331789 0.884785 0.362964 
-0.472667 -0.904191 1.21234 0.0154239 0.810924 0.335492 
-0.422033 -0.813866 1.09246 -0.00233118 0.737063 0.30802 
-0.3714 -0.723542 0.972571 -0.0200863 0.663202 0.280548 
-0.320766 -0.633217 0.852684 -0.0378413 0.589341 0.253077 
-0.270133 -0.542893 0.732798 -0.0555964 0.51548 0.225605 
-0.2195 -0.452568 0.612912 -0.0733515 0.441619 0.198133 
-0.168866 -0.362244 0.493026 -0.0911065 0.367758 0.170661 
-0.118233 -0.271919 0.373139 -0.108862 0.293897 0.143189 
-0.0675995 -0.181595 0.253253 -0.126617 0.220036 0.115717 
-0.0169661 -0.0912703 0.133367 -0.144372 0.146175 0.0882455 
0.0336673 -0.000945792 0.0134807 -0.162127 0.0723144 0.0607736 
0.0843006 0.0893787 -0.106406 -0.179882 -0.00154657 0.0333018 
0.134934 0.179703 -0.226292 -0.197637 -0.0754075 0.00582991 
0.185567 0.270028 -0.346178 -0.215392 -0.149269 -0.0216419 
0.236201 0.360352 -0.466064 -0.233147 -0.223129 -0.0491138 
0.260052 0.404198 -0.525287 -0.24399 -0.277227 -0.0788879 
0.27144 0.426415 -0.55628 -0.251617 -0.322127 -0.109733 
0.282828 0.448632 -0.587272 -0.259244 -0.367027 -0.140579 
0.294216 0.47085 -0.618265 -0.26687 -0.411928 -0.171424 
0.305603 0.493067 -0.649258 -0.274497 -0.456828 -0.20227 
0.316991 0.515284 -0.68025 -0.282124 -0.501728 -0.233115 
0.328379 0.537501 -0.711243 -0.28975 -0.546629 -0.263961 
0.339767 0.559718 -0.742236 -0.297377 -0.591529 -0.294806 
0.351155 0.581935 -0.773228 -0.305004 -0.636429 -0.325651 
0.362543 0.604152 -0.804221 -0.31263 -0.68133 -0.356497 
0.373931 0.62637 -0.835214 -0.320257 -0.72623 -0.387342 
0.385319 0.648587 -0.866206 -0.327884 -0.77113 -0.418188 
0.396707 0.670804 -0.897199 -0.33551 -0.816031 -0.449033 
0.408094 0.693021 -0.928191 -0.343137 -0.860931 -0.479879 
0.419482 0.715238 -0.959184 -0.350764 -0.905831 -0.510724 
0.43087 0.737455 -0.990177 -0.358391 -0.950732 -0.541569 
0.392758 0.682508 -0.922394 -0.329371 -0.95693 -0.568676 
0.354356 0.627111 -0.854033 -0.300137 -0.962902 -0.595761 
0.315955 0.571713 -0.785673 -0.270903 -0.968875 -0.622846 
0.277553 0.516316 -0.717313 -0.241669 -0.974847 -0.64993 
0.239152 0.460918 -0.648953 -0.212435 -0.98082 -0.677015 
0.20075 0.40552 -0.580593 -0.183201 -0.986792 -0.7041 
0.162349 0.350123 -0.512233 -0.153967 -0.992765 -0.731185 
0.123947 0.294725 -0.443873 -0.124733 -0.998737 -0.75827 
0.0855458 0.239328 -0.375513 -0.0954996 -1.00471 -0.785354 
0.0471443 0.18393 -0.307153 -0.0662657 -1.01068 -0.812439 
0.00874278 0.128532 -0.238793 -0.0370318 -1.01665 -0.839524 
-0.0296587 0.0731348 -0.170433 -0.00779795 -1.02263 -0.866609 
-0.0680602 0.0177372 -0.102073 0.0214359 -1.0286 -0.893694 
-0.106462 -0.0376604 -0.0337125 0.0506698 -1.03457 -0.920778 
-0.144863 -0.093058 0.0346476 0.0799037 -1.04054 -0.947863 
-0.150343 -0.106804 0.05555 0.0856837 -1.02435 -0.943291 
-0.150869 -0.114285 0.0693132 0.0879354 -1.00482 -0.933956 
-0.151396 -0.121766 0.0830763 0.0901871 -0.985289 -0.924622 
-0.151923 -0.129246 0.0968394 0.0924387 -0.965758 -0.915287 
-0.152449 -0.136727 0.110603 0.0946904 -0.946228 -0.905952 
-0.152976 -0.144208 0.124366 0.0969421 -0.926698 -0.896618 
-0.153503 -0.151688 0.138129 0.0991938 -0.907168 -0.887283 
-0.154029 -0.159169 0.151892 0.101445 -0.887638 -0.877949 
-0.154556 -0.16665 0.165655 0.103697 -0.868108 -0.868614 
-0.155083 -0.17413 0.179418 0.105949 -0.848578 -0.85928 
-0.155609 -0.181611 0.193181 0.108201 -0.829048 -0.849945 
-0.156136 -0.189092 0.206945 0.110452 -0.809518 -0.84061 
-0.156663 -0.196572 0.220708 0.112704 -0.789988 -0.831276 
-0.157189 -0.204053 0.234471 0.114956 -0.770458 -0.821941 
-0.157716 -0.211534 0.248234 0.117207 -0.750928 -0.812607 
-0.158243 -0.219014 0.261997 0.119459 -0.731398 -0.803272 
-0.124895 -0.195212 0.24977 0.100312 -0.639169 -0.729184 
-0.0846075 -0.164999 0.232218 0.0767815 -0.532045 -0.641828 
-0.0443196 -0.134787 0.214666 0.0532507 -0.424922 -0.554472 
-0.00403172 -0.104574 0.197114 0.0297199 -0.317798 -0.467117 
0.0362562 -0.0743618 0.179562 0.00618902 -0.210674 -0.379761 
0.0765441 -0.0441493 0.16201 -0.0173418 -0.10355 -0.292405 
0.116832 -0.0139369 0.144458 -0.0408727 0.0035736 -0.20505 
0.15712 0.0162756 0.126906 -0.0644035 0.110697 -0.117694 
0.197408 0.0464881 0.109353 -0.0879344 0.217821 -0.0303382 
0.237696 0.0767005 0.0918013 -0.111465 0.324945 0.0570175 
0.277984 0.106913 0.0742492 -0.134996 0.432069 0.144373 
0.318271 0.137125 0.0566971 -0.158527 0.539193 0.231729 
0.358559 0.167338 0.0391451 -0.182058 0.646316 0.319085 
0.398847 0.19755 0.021593 -0.205589 0.75344 0.40644 
0.439135 0.227763 0.00404088 -0.229119 0.860564 0.493796 
0.467998 0.250351 -0.010343 -0.246229 0.946239 0.56652 
0.459004 0.247675 -0.0142285 -0.24206 0.960841 0.590764 
0.450009 0.244998 -0.0181141 -0.237892 0.975443 0.615007 
0.441015 0.242322 -0.0219997 -0.233724 0.990045 0.63925 
0.43202 0.239646 -0.0258852 -0.229555 1.00465 0.663493 
0.423026 0.23697 -0.0297708 -0.225387 1.01925 0.687737 
0.414031 0.234294 -0.0336564 -0.221218 1.03385 0.71198 
0.405037 0.231617 -0.037542 -0.21705 1.04845 0.736223 
0.396042 0.228941 -0.0414275 -0.212882 1.06306 0.760466 
0.387048 0.226265 -0.0453131 -0.208713 1.07766 0.78471 
0.378054 0.223589 -0.0491987 -0.204545 1.09226 0.808953 
0.369059 0.220912 -0.0530843 -0.200376 1.10686 0.833196 
0.360065 0.218236 -0.0569698 -0.196208 1.12146 0.857439 
0.35107 0.21556 -0.0608554 -0.19204 1.13607 0.881683 
0.342076 0.212884 -0.064741 -0.187871 1.15067 0.905926 
0.333081 0.210208 -0.0686265 -0.183703 1.16527 0.930169 
0.306232 0.196495 -0.0694519 -0.169677 1.16547 0.948393 
0.248639 0.16378 -0.0650081 -0.138677 1.14087 0.956253 
0.191046 0.131065 -0.0605643 -0.107678 1.11627 0.964114 
0.133454 0.0983496 -0.0561204 -0.0766782 1.09167 0.971974 
0.0758609 0.0656344 -0.0516766 -0.0456787 1.06707 0.979834 
0.0182681 0.0329192 -0.0472328 -0.0146792 1.04248 0.987694 
-0.0393247 0.00020401 -0.0427889 0.0163202 1.01788 0.995554 
-0.0969175 -0.0325112 -0.0383451 0.0473197 0.993278 1.00341 
-0.15451 -0.0652264 -0.0339013 0.0783192 0.968679 1.01127 
-0.212103 -0.0979415 -0.0294574 0.109319 0.94408 1.01913 
-0.269696 -0.130657 -0.0250136 0.140318 0.919481 1.02699 
-0.327289 -0.163372 -0.0205698 0.171318 0.894882 1.03486 
-0.384881 -0.196087 -0.0161259 0.202317 0.870283 1.04272 
-0.442474 -0.228802 -0.0116821 0.233317 0.845684 1.05058 
-0.500067 -0.261517 -0.00723825 0.264316 0.821085 1.05844 
-0.55766 -0.294233 -0.00279441 0.295316 0.796486 1.0663 
-0.615253 -0.326948 0.00164942 0.326315 0.771888 1.07416 
-0.630582 -0.335613 0.00334249 0.334357 0.725714 1.05079 
-0.638005 -0.33978 0.00452095 0.338105 0.675505 1.02159 
-0.645427 -0.343946 0.00569941 0.341853 0.625296 0.99239 
-0.65285 -0.348113 0.00687787 0.3456 0.575087 0.963187 
-0.660273 -0.352279 0.00805633 0.349348 0.524877 0.933985 
-0.667696 -0.356446 0.00923478 0.353095 0.474668 0.904783 
-0.675118 -0.360612 0.0104132 0.356843 0.424459 0.87558 
-0.682541 -0.364779 0.0115917 0.36059 0.374249 0.846378 
-0.689964 -0.368945 0.0127702 0.364338 0.32404 0.817175 
-0.697387 -0.373112 0.0139486 0.368086 0.273831 0.787973 
-0.704809 -0.377278 0.0151271 0.371833 0.223622 0.75877 
-0.712232 -0.381444 0.0163055 0.375581 0.173412 0.729568 
-0.719655 -0.385611 0.017484 0.379328 0.123203 0.700366 
-0.727078 -0.389777 0.0186624 0.383076 0.0729939 0.671163 
-0.7345 -0.393944 0.0198409 0.386823 0.0227846 0.641961 
-0.703083 -0.377007 0.0198244 0.369889 -0.0377291 0.586167 
-0.620081 -0.332042 0.0182208 0.325485 -0.111928 0.495055 
-0.537079 -0.287077 0.0166172 0.281082 -0.186128 0.403944 
-0.454077 -0.242112 0.0150136 0.236678 -0.260327 0.312833 
-0.371075 -0.197147 0.01341 0.192275 -0.334526 0.221721 
-0.288073 -0.152183 0.0118064 0.147872 -0.408726 0.13061 
-0.205071 -0.107218 0.0102029 0.103468 -0.482925 0.0394987 
-0.122069 -0.062253 0.00859927 0.0590649 -0.557124 -0.0516126 
-0.0390669 -0.0172882 0.00699568 0.0146616 -0.631324 -0.142724 
0.0439351 0.0276767 0.00539209 -0.0297418 -0.705523 -0.233835 
0.126937 0.0726415 0.0037885 -0.0741452 -0.779722 -0.324947 
0.209939 0.117606 0.00218491 -0.118549 -0.853922 -0.416058 
0.292941 0.162571 0.000581323 -0.162952 -0.928121 -0.507169 
0.375943 0.207536 -0.00102227 -0.207355 -1.00232 -0.59828 
0.458945 0.252501 -0.00262585 -0.251759 -1.07652 -0.689392 
0.541947 0.297466 -0.00422944 -0.296162 -1.15072 -0.780503 
0.582402 0.319329 -0.004935 -0.317772 -1.18198 -0.824199 
0.590729 0.323749 -0.00496243 -0.322171 -1.18082 -0.832089 
0.599056 0.328168 -0.00498987 -0.326569 -1.17965 -0.83998 
0.607383 0.332588 -0.0050173 -0.330968 -1.17849 -0.847871 
0.61571 0.337007 -0.00504474 -0.335366 -1.17732 -0.855761 
0.624037 0.341426 -0.00507218 -0.339765 -1.17616 -0.863652 
0.632364 0.345846 -0.00509961 -0.344163 -1.175 -0.871543 
0.640691 0.350265 -0.00512705 -0.348562 -1.17383 -0.879433 
0.649018 0.354685 -0.00515448 -0.35296 -1.17267 -0.887324 
0.657345 0.359104 -0.00518192 -0.357359 -1.1715 -0.895215 
0.665672 0.363524 -0.00520935 -0.361757 -1.17034 -0.903105 
0.673999 0.367943 -0.00523679 -0.366156 -1.16918 -0.910996 
0.682326 0.372362 -0.00526422 -0.370554 -1.16801 -0.918887 
0.690653 0.376782 -0.00529166 -0.374953 -1.16685 -0.926778 
0.69898 0.381201 -0.00531909 -0.379351 -1.16568 -0.934668 
0.707307 0.385621 -0.00534653 -0.38375 -1.16452 -0.942559 
0.715634 0.39004 -0.00537396 -0.388148 -1.16336 -0.95045 
0.669535 0.364781 -0.00466194 -0.363038 -1.08169 -0.903476 
0.617072 0.336053 -0.00386348 -0.334479 -0.99062 -0.850088 
0.56461 0.307324 -0.00306501 -0.30592 -0.899546 -0.7967 
0.512148 0.278596 -0.00226655 -0.27736 -0.808472 -0.743313 
0.459685 0.249868 -0.00146808 -0.248801 -0.717398 -0.689925 
0.407223 0.221139 -0.000669615 -0.220241 -0.626323 -0.636537 
0.35476 0.192411 0.000128851 -0.191682 -0.535249 -0.583149 
0.302298 0.163682 0.000927317 -0.163123 -0.444175 -0.529762 
0.249836 0.134954 0.00172578 -0.134563 -0.353101 -0.476374 
0.197373 0.106226 0.00252425 -0.106004 -0.262027 -0.422986 
0.144911 0.0774971 0.00332271 -0.0774445 -0.170953 -0.369599 
0.0924485 0.0487687 0.00412118 -0.0488851 -0.0798788 -0.316211 
0.0399861 0.0200403 0.00491965 -0.0203257 0.0111953 -0.262823 
-0.0124763 -0.00868816 0.00571811 0.00823368 0.102269 -0.209435 
-0.0649387 -0.0374166 0.00651658 0.0367931 0.193344 -0.156048 
-0.117401 -0.066145 0.00731504 0.0653525 0.284418 -0.10266 
-0.158176 -0.0885297 0.00867206 0.0873529 0.359147 -0.061098 
-0.19345 -0.107928 0.010292 0.106266 0.426181 -0.0251031 
-0.228724 -0.127327 0.0119119 0.125179 0.493216 0.0108918 
-0.263998 -0.146726 0.0135319 0.144092 0.560251 0.0468868 
-0.299272 -0.166124 0.0151518 0.163005 0.627285 0.0828817 
-0.334545 -0.185523 0.0167717 0.181918 0.69432 0.118877 
-0.369819 -0.204921 0.0183917 0.200831 0.761355 0.154872 
-0.405093 -0.22432 0.0200116 0.219744 0.82839 0.190866 
-0.440367 -0.243719 0.0216315 0.238657 0.895424 0.226861 
-0.47564 -0.263117 0.0232515 0.25757 0.962459 0.262856 
-0.510914 -0.282516 0.0248714 0.276483 1.02949 0.298851 
-0.546188 -0.301914 0.0264913 0.295396 1.09653 0.334846 
-0.581462 -0.321313 0.0281113 0.31431 1.16356 0.370841 
-0.616736 -0.340712 0.0297312 0.333223 1.2306 0.406836 
-0.652009 -0.36011 0.0313511 0.352136 1.29763 0.442831 
-0.651426 -0.357184 0.0211046 0.35112 1.28777 0.432598 
-0.633264 -0.343314 0.00504036 0.340333 1.2402 0.399701 
-0.615102 -0.329443 -0.0110239 0.329547 1.19264 0.366804 
-0.59694 -0.315572 -0.0270881 0.318761 1.14507 0.333906 
-0.578778 -0.301701 -0.0431523 0.307974 1.09751 0.301009 
-0.560616 -0.287831 -0.0592165 0.297188 1.04995 0.268112 
-0.542454 -0.27396 -0.0752808 0.286402 1.00238 0.235215 
-0.524292 -0.260089 -0.091345 0.275615 0.954816 0.202318 
-0.506129 -0.246218 -0.107409 0.264829 0.907252 0.169421 
-0.487967 -0.232347 -0.123473 0.254043 0.859687 0.136524 
-0.349441 -0.149921 -0.154167 0.177739 0.562872 0.021838 
-0.20355 -0.0633003 -0.185756 0.0974268 0.250806 -0.0978517 
-0.0576593 0.0233204 -0.217344 0.0171145 -0.0612591 -0.217541 
0.0882315 0.109941 -0.248933 -0.0631977 -0.373324 -0.337231 
0.234122 0.196562 -0.280522 -0.14351 -0.68539 -0.456921 
0.380013 0.283183 -0.31211 -0.223822 -0.997455 -0.57661 
0.525904 0.369804 -0.343699 -0.304134 -1.30952 -0.6963 
0.632897 0.397357 -0.212103 -0.356408 -1.40066 -0.606982 
0.699498 0.363573 0.0889527 -0.379565 -1.26237 -0.30062 
0.766099 0.329789 0.390008 -0.402721 -1.12409 0.0057413 
0.8327 0.296005 0.691064 -0.425878 -0.985803 0.312103 
0.8993 0.26222 0.992119 -0.449035 -0.847519 0.618465 
0.965901 0.228436 1.29317 -0.472192 -0.709234 0.924826 
1.0325 0.194652 1.59423 -0.495349 -0.570949 1.23119 
0.775021 0.123093 1.29412 -0.366451 -0.348403 1.03569 
0.477452 0.0468621 0.919652 -0.218744 -0.115434 0.77811 
0.179884 -0.0293692 0.545182 -0.0710377 0.117535 0.520531 
-0.117685 -0.105601 0.170712 0.0766689 0.350505 0.262952 
-0.415254 -0.181832 -0.203758 0.224375 0.583474 0.00537303 
-0.566493 -0.211813 -0.432671 0.297811 0.668001 -0.170001 
-0.547306 -0.187926 -0.492056 0.284746 0.579641 -0.249632 
-0.528118 -0.16404 -0.551441 0.27168 0.491282 -0.329263 
-0.50893 -0.140154 -0.610827 0.258614 0.402922 -0.408894 
-0.489742 -0.116268 -0.670212 0.245549 0.314562 -0.488525 
-0.470555 -0.092382 -0.729598 0.232483 0.226203 -0.568156 
-0.451367 -0.0684959 -0.788983 0.219418 0.137843 -0.647787 
-0.432786 -0.0573329 -0.792928 0.208775 0.1004 -0.663041 
-0.414616 -0.0547932 -0.759297 0.199774 0.0974651 -0.634664 
-0.396445 -0.0522535 -0.725665 0.190773 0.0945306 -0.606286 
-0.378275 -0.0497139 -0.692034 0.181773 0.091596 -0.577909 
-0.360105 -0.0471742 -0.658403 0.172772 0.0886614 -0.549532 
-0.341935 -0.0446345 -0.624772 0.163771 0.0857268 -0.521154 
-0.323765 -0.0420948 -0.591141 0.154771 0.0827922 -0.492777 
-0.305595 -0.0395551 -0.55751 0.14577 0.0798576 -0.464399 
-0.287425 -0.0370154 -0.523879 0.136769 0.076923 -0.436022 
-0.269255 -0.0344757 -0.490248 0.127769 0.0739884 -0.407644 
-0.251084 -0.031936 -0.456617 0.118768 0.0710539 -0.379267 
-0.232914 -0.0293963 -0.422986 0.109767 0.0681193 -0.350889 
-0.214744 -0.0268566 -0.389355 0.100766 0.0651847 -0.322512 
-0.196574 -0.0243169 -0.355724 0.0917658 0.0622501 -0.294135 
-0.178404 -0.0217773 -0.322093 0.0827651 0.0593155 -0.265757 
-0.160234 -0.0192376 -0.288462 0.0737644 0.0563809 -0.23738 
-0.142064 -0.0166979 -0.254831 0.0647637 0.0534463 -0.209002 
-0.123894 -0.0141582 -0.2212 0.055763 0.0505117 -0.180625 
-0.105724 -0.0116185 -0.187569 0.0467623 0.0475772 -0.152247 
-0.0875534 -0.0090788 -0.153938 0.0377616 0.0446426 -0.12387 
-0.0693833 -0.00653911 -0.120307 0.028761 0.041708 -0.0954926 
-0.0711735 -0.00705722 -0.123275 0.0297038 0.0428194 -0.0979653 
-0.079824 -0.00862628 -0.138823 0.0340641 0.0453214 -0.111041 
-0.0884745 -0.0101953 -0.154371 0.0384245 0.0478234 -0.124117 
-0.0971249 -0.0117644 -0.169918 0.0427848 0.0503254 -0.137192 
-0.105775 -0.0133334 -0.185466 0.0471452 0.0528275 -0.150268 
-0.114426 -0.0149025 -0.201014 0.0515055 0.0553295 -0.163344 
-0.123076 -0.0164716 -0.216561 0.0558659 0.0578315 -0.176419 
-0.131727 -0.0180406 -0.232109 0.0602262 0.0603335 -0.189495 
-0.140377 -0.0196097 -0.247657 0.0645866 0.0628355 -0.202571 
-0.149028 -0.0211787 -0.263204 0.0689469 0.0653375 -0.215647 
-0.157678 -0.0227478 -0.278752 0.0733073 0.0678395 -0.228722 
-0.166329 -0.0243168 -0.2943 0.0776676 0.0703415 -0.241798 
-0.174979 -0.0258859 -0.309847 0.082028 0.0728435 -0.254874 
-0.18363 -0.0274549 -0.325395 0.0863883 0.0753456 -0.267949 
-0.19228 -0.029024 -0.340943 0.0907487 0.0778476 -0.281025 
-0.20093 -0.0305931 -0.35649 0.095109 0.0803496 -0.294101 
-0.209581 -0.0321621 -0.372038 0.0994694 0.0828516 -0.307176 
-0.218231 -0.0337312 -0.387586 0.10383 0.0853536 -0.320252 
-0.226882 -0.0353002 -0.403133 0.10819 0.0878556 -0.333328 
-0.235532 -0.0368693 -0.418681 0.11255 0.0903576 -0.346403 
-0.215414 -0.035254 -0.382745 0.103974 0.0811564 -0.317498 
-0.111983 -0.0244171 -0.197714 0.057931 0.0380627 -0.167017 
-0.00855112 -0.0135802 -0.0126836 0.0118884 -0.00503107 -0.0165353 
0.0948805 -0.00274327 0.172347 -0.0341542 -0.0481248 0.133946 
0.198312 0.00809366 0.357378 -0.0801969 -0.0912186 0.284428 
0.301744 0.0189306 0.542409 -0.12624 -0.134312 0.434909 
0.405175 0.0297675 0.72744 -0.172282 -0.177406 0.585391 
0.508607 0.0406044 0.912471 -0.218325 -0.2205 0.735872 
0.612038 0.0514414 1.0975 -0.264367 -0.263594 0.886354 
0.71547 0.0622783 1.28253 -0.31041 -0.306687 1.03684 
0.818902 0.0731152 1.46756 -0.356453 -0.349781 1.18732 
0.922333 0.0839522 1.65259 -0.402495 -0.392875 1.3378 
0.956867 0.0880833 1.71464 -0.418607 -0.407105 1.38812 
0.89464 0.0827966 1.60395 -0.392682 -0.380798 1.29777 
0.832412 0.0775099 1.49327 -0.366757 -0.354491 1.20742 
0.770185 0.0722232 1.38258 -0.340833 -0.328184 1.11707 
0.707958 0.0669365 1.27189 -0.314908 -0.301877 1.02672 
0.645731 0.0616499 1.16121 -0.288983 -0.27557 0.936376 
0.583503 0.0563632 1.05052 -0.263059 -0.249263 0.846028 
0.521276 0.0510765 0.939838 -0.237134 -0.222957 0.755679 
0.459049 0.0457898 0.829153 -0.211209 -0.19665 0.665331 
0.351997 0.0367232 0.640055 -0.167881 -0.151035 0.510064 
0.165123 0.0209252 0.311321 -0.09356 -0.0710351 0.239189 
-0.0217518 0.0051272 -0.0174131 -0.0192392 0.00896442 -0.031686 
-0.208626 -0.0106708 -0.346147 0.0550817 0.0889639 -0.302561 
-0.395501 -0.0264688 -0.674881 0.129403 0.168963 -0.573436 
-0.582375 -0.0422668 -1.00362 0.203723 0.248963 -0.84431 
-0.76925 -0.0580648 -1.33235 0.278044 0.328962 -1.11519 
-0.785133 -0.0603543 -1.35973 0.284743 0.335755 -1.13821 
-0.712657 -0.0556634 -1.23138 0.256497 0.304719 -1.03316 
-0.640181 -0.0509725 -1.10303 0.228251 0.273683 -0.928111 
-0.567705 -0.0462815 -0.974677 0.200006 0.242647 -0.823061 
-0.448433 -0.0405175 -0.761276 0.153307 0.19162 -0.650163 
-0.0618925 -0.0286248 -0.0620993 0.00121508 0.0264212 -0.0897474 
0.324648 -0.016732 0.637077 -0.150877 -0.138778 0.470668 
0.711189 -0.00483925 1.33625 -0.302969 -0.303977 1.03108 
0.73182 -0.0135203 1.39083 -0.319028 -0.312795 1.06099 
0.601125 -0.0307099 1.17882 -0.27883 -0.256941 0.871509 
0.378404 -0.07109 0.837501 -0.219207 -0.161749 0.548606 
-0.378269 -0.246025 -0.254106 -0.0468838 0.161686 -0.548414 
-0.777538 -0.378181 -0.753481 0.00726777 0.33235 -1.12727 
-0.236458 -0.254442 0.0374414 -0.124943 0.101071 -0.342809 
0.562478 0.0978856 0.883553 -0.16804 -0.240424 0.815482 
-0.0816259 -0.358831 0.526724 -0.285916 0.0348889 -0.11835 
-0.121128 -0.548943 0.820439 -0.446664 0.0517745 -0.175611 
0.0771572 -0.413593 0.953428 -0.428262 -0.0329788 0.111872 
-0.0252311 -0.502574 0.94618 -0.480096 0.0107827 -0.0365981 
0.00282653 -0.490791 0.99394 -0.499013 -0.0012046 0.00413077 
0.00139426 -0.476834 0.980915 -0.502152 -0.000601441 0.00197083 
-0.000185315 -0.469238 0.978054 -0.509093 7.77682e-05 -0.000283251 
-5.90078e-05 -0.462549 0.978217 -0.51563 3.28977e-05 -1.01466e-05 
3.52832e-06 0.110608 -0.141714 0.0312128 -3.92872e-06 -2.08387e-05 
-9.00881e-06 0.517315 -0.968702 0.451341 9.18612e-06 4.30837e-05 
1.05236e-05 0.501175 -0.956829 0.455689 -1.05218e-05 -4.87965e-05 
-6.83123e-06 0.500435 -0.973197 0.472718 6.82851e-06 3.22447e-05 
2.2626e-06 0.423057 -0.825181 0.402135 -2.26226e-06 -1.07459e-05 
1.9246e-07 0.458945 -0.91517 0.456246 -1.92412e-07 -9.00318e-07 
-2.34635e-07 0.337414 -0.665514 0.3281 2.34577e-07 1.08854e-06 
6.47017e-08 0.212524 -0.414855 0.202319 -6.46966e-08 -3.41951e-07 
2.27416e-08 0.34465 -0.695641 0.350986 -2.27332e-08 -1.03107e-07 
-6.48783e-08 0.513164 -1.04772 0.534558 6.48787e-08 3.49357e-07 
-7.01811e-08 0.487609 -0.996898 0.509293 7.01803e-08 3.75156e-07 
-2.35489e-08 0.188554 -0.383366 0.194815 2.35479e-08 1.22961e-07 
6.48755e-08 -0.330585 0.68298 -0.352394 -6.4876e-08 -3.52934e-07 
1.09868e-07 -0.574918 1.18485 -0.609931 -1.09868e-07 -5.94908e-07 
9.44395e-08 -0.436959 0.901451 -0.464493 -9.44395e-08 -5.11464e-07 
7.90114e-08 -0.299 0.618055 -0.319056 -7.90112e-08 -4.2802e-07 
4.6565e-08 -0.123712 0.257166 -0.133455 -4.65649e-08 -2.52641e-07 
1.18299e-08 0.0565951 -0.114144 0.0575482 -1.18299e-08 -6.48981e-08 
-2.29051e-08 0.236903 -0.485454 0.248551 2.29052e-08 1.22845e-07 
-5.55567e-08 0.405734 -0.833144 0.42741 5.55567e-08 2.99332e-07 
-4.94806e-08 0.361241 -0.741782 0.380542 4.94806e-08 2.66595e-07 
-4.34044e-08 0.316748 -0.650421 0.333674 4.34044e-08 2.33859e-07 
-3.73283e-08 0.272255 -0.55906 0.286806 3.73283e-08 2.01123e-07 
-3.12521e-08 0.227762 -0.467699 0.239938 3.12521e-08 1.68386e-07 
-2.5176e-08 0.183269 -0.376338 0.193069 2.5176e-08 1.3565e-07 
-1.90998e-08 0.138776 -0.284977 0.146201 1.90998e-08 1.02914e-07 
-1.30237e-08 0.094283 -0.193616 0.0993329 1.30237e-08 7.01774e-08 
-6.94753e-09 0.04979 -0.102255 0.0524647 6.94752e-09 3.74411e-08 
-8.71375e-10 0.00529711 -0.0108936 0.00559652 8.71374e-10 4.70478e-09 
5.20478e-09 -0.0391958 0.0804675 -0.0412717 -5.20477e-09 -2.80315e-08 
1.12809e-08 -0.0836888 0.171829 -0.0881399 -1.12809e-08 -6.07679e-08 
0 0 0 0 0 0 
