0 0 0 0 0 0 
4.28212e-05 0.000933211 -0.0017921 0.000858886 -4.28212e-05 -6.37366e-08 
0.000174709 0.00058739 -0.00110476 0.000517373 -0.000174709 -2.60046e-07 
0.000238936 -0.00135212 0.00264368 -0.00129156 -0.000238936 -3.55648e-07 
0.000219541 -0.0038026 0.0073641 -0.0035615 -0.000219541 -3.26783e-07 
0.000190911 -0.00618888 0.0119602 -0.0057713 -0.000190911 -2.8417e-07 
0.000177241 -0.00789177 0.0152419 -0.00735009 -0.000177241 -2.63824e-07 
0.000174813 -0.00826719 0.0159662 -0.00769905 -0.000174813 -2.60212e-07 
0.000179613 -0.0066708 0.0128899 -0.00621908 -0.000179613 -2.67354e-07 
0.000187623 -0.00245827 0.00476933 -0.00231106 -0.000187623 -2.79273e-07 
0.000194989 0.00483054 -0.00928346 0.00445293 -0.000194989 -2.90228e-07 
0.000200019 0.013171 -0.0253623 0.0121913 -0.000200019 -2.97706e-07 
0.000202577 0.0187557 -0.0361208 0.0173652 -0.000202577 -3.01506e-07 
0.000202533 0.018615 -0.0358331 0.0172181 -0.000202533 -3.01441e-07 
0.000199654 0.0132725 -0.0255262 0.0122536 -0.000199654 -2.97161e-07 
0.000193679 0.00412154 -0.0079082 0.00378666 -0.000193679 -2.88279e-07 
0.000184436 -0.0075608 0.0145408 -0.00698002 -0.000184436 -2.74536e-07 
0.000172263 -0.0211797 0.0406844 -0.0195046 -0.000172263 -2.56433e-07 
0.000157682 -0.0363895 0.069876 -0.0334864 -0.000157682 -2.34751e-07 
0.00014122 -0.0528447 0.10147 -0.0486251 -0.00014122 -2.10268e-07 
0.000123399 -0.0701999 0.13482 -0.0646202 -0.000123399 -1.83763e-07 
0.000104744 -0.0881096 0.169281 -0.0811715 -0.000104744 -1.56016e-07 
8.57481e-05 -0.106325 0.204369 -0.0980436 -8.57481e-05 -1.2776e-07 
6.67275e-05 -0.125156 0.240533 -0.115377 -6.67275e-05 -9.9469e-08 
4.79341e-05 -0.145112 0.278561 -0.133449 -4.79341e-05 -7.15226e-08 
2.96197e-05 -0.166705 0.319239 -0.152534 -2.96197e-05 -4.42999e-08 
1.20364e-05 -0.190444 0.363354 -0.172909 -1.20364e-05 -1.81803e-08 
-4.46369e-06 -0.216755 0.411522 -0.194767 4.46369e-06 6.30822e-09 
-1.71013e-05 -0.244003 0.46028 -0.216277 1.71013e-05 2.50438e-08 
-2.06007e-05 -0.268436 0.501962 -0.233526 2.06007e-05 3.02079e-08 
-1.20586e-05 -0.287724 0.531792 -0.244068 1.20586e-05 1.75318e-08 
-2.65292e-07 -0.306698 0.559485 -0.252788 2.65292e-07 2.37826e-10 
5.31332e-06 -0.330651 0.595715 -0.265064 -5.31332e-06 -7.55383e-09 
3.51083e-06 -0.360096 0.641455 -0.281359 -3.51083e-06 -4.52725e-09 
-7.08756e-07 -0.394174 0.693733 -0.299559 7.08756e-07 4.27226e-10 
-1.14864e-06 -0.432953 0.750195 -0.317242 1.14864e-06 -1.31996e-09 
3.34161e-07 -0.478492 0.81337 -0.334878 -3.34161e-07 6.12696e-09 
-9.97106e-08 -0.531823 0.884904 -0.353081 9.97106e-08 -1.07535e-08 
-9.96185e-09 -0.584654 0.952111 -0.367457 9.96185e-09 -7.26993e-08 
-1.81146e-08 -0.632622 1.01008 -0.377459 1.81146e-08 -7.66663e-09 
-2.6439e-08 -0.67392 1.05884 -0.38492 2.6439e-08 -1.89001e-08 
-3.90677e-08 -0.710613 1.09779 -0.387181 3.90677e-08 3.7733e-08 
-5.20477e-08 -0.742024 1.13005 -0.388029 5.20476e-08 7.32469e-08 
7.96107e-08 -0.764129 1.1603 -0.396171 -7.96107e-08 -2.56984e-07 
3.15287e-07 -0.780532 1.19185 -0.411316 -3.15287e-07 -8.44631e-07 
4.7654e-07 -0.799488 1.23006 -0.430574 -4.7654e-07 -1.24623e-06 
3.33527e-07 -0.825464 1.27719 -0.451725 -3.33527e-07 -8.89659e-07 
-2.12942e-08 -0.85673 1.33399 -0.47726 2.12944e-08 -4.71948e-09 
2.77836e-07 -0.893508 1.4004 -0.506889 -2.77836e-07 -7.50774e-07 
1.11978e-08 -0.936416 1.47666 -0.54024 -1.12039e-08 -8.57018e-08 
2.27591e-08 -0.985736 1.56275 -0.577009 -2.27086e-08 -1.1491e-07 
5.62185e-07 -1.04138 1.65767 -0.616288 -5.6145e-07 -1.46485e-06 
-3.08001e-08 -1.09561 1.74768 -0.65207 3.70786e-08 -2.24866e-08 
5.3584e-07 -1.14532 1.8278 -0.682482 -5.46057e-07 -1.32676e-06 
1.24974e-06 -1.19022 1.89801 -0.707792 -1.70024e-06 -1.97621e-07 
-5.66624e-06 -1.22992 1.95831 -0.728386 7.5935e-06 1.33787e-06 
1.47378e-05 -1.26419 2.00867 -0.744488 -1.95441e-05 -5.05277e-06 
-7.57135e-05 -1.29189 2.0491 -0.757177 0.000100446 2.53347e-05 
0.00030593 -1.31578 2.07991 -0.76425 -0.000405689 -0.000103807 
-0.000277395 -1.33241 2.10682 -0.77431 0.000367953 9.33268e-05 
-0.00107628 -1.34499 2.12942 -0.784005 0.00142749 0.000363335 
-0.000551547 -1.35924 2.14422 -0.784761 0.000731527 0.000186158 
0.000968289 -1.3742 2.15273 -0.778907 -0.00128421 -0.00032723 
0.00313373 -1.3886 2.15772 -0.770333 -0.00415621 -0.00105873 
0.00523725 -1.4024 2.16242 -0.762061 -0.00694611 -0.00176932 
0.00591055 -1.41779 2.17093 -0.755452 -0.0078391 -0.00199684 
0.00371416 -1.43721 2.18745 -0.751683 -0.00492598 -0.00125506 
-0.00193154 -1.46125 2.21351 -0.751508 0.00256197 0.000651777 
-0.00844247 -1.48353 2.24092 -0.754102 0.0111973 0.00285076 
-0.0129107 -1.49741 2.26066 -0.758211 0.0171233 0.00435967 
-0.0147426 -1.50362 2.27154 -0.762179 0.0195527 0.00497836 
-0.0141678 -1.50548 2.27521 -0.764214 0.018791 0.00478501 
-0.0114308 -1.50533 2.27302 -0.76324 0.0151625 0.00386237 
-0.00680415 -1.50345 2.26574 -0.75964 0.00902825 0.00230192 
-0.000563647 -1.49988 2.25408 -0.753971 0.00075335 0.000196196 
0.00701484 -1.49466 2.23873 -0.746792 -0.00929692 -0.00236229 
0.0156555 -1.48782 2.22039 -0.738661 -0.0207573 -0.00528101 
0.0250823 -1.4794 2.19977 -0.730136 -0.0332626 -0.00846744 
0.0350196 -1.46944 2.17756 -0.721774 -0.0464475 -0.0118291 
0.0451899 -1.45814 2.15449 -0.713973 -0.0599445 -0.0152724 
0.0553125 -1.44612 2.1313 -0.706759 -0.0733803 -0.018702 
0.0651059 -1.43405 2.10876 -0.700109 -0.0863812 -0.0220219 
0.074289 -1.42261 2.0876 -0.693997 -0.0985731 -0.0251364 
0.0825804 -1.41245 2.0686 -0.6884 -0.109582 -0.0279496 
0.0896988 -1.40425 2.0525 -0.683292 -0.119035 -0.0303657 
0.0953629 -1.39868 2.04007 -0.67865 -0.126557 -0.0322889 
0.0992914 -1.3964 2.03206 -0.674448 -0.131775 -0.0336232 
0.101203 -1.39809 2.02921 -0.670663 -0.134314 -0.034273 
0.100816 -1.40442 2.0323 -0.66727 -0.133801 -0.0341424 
0.0978504 -1.41606 2.04208 -0.664245 -0.129862 -0.0331355 
0.0920235 -1.43367 2.05929 -0.661563 -0.122124 -0.0311565 
0.0830546 -1.45793 2.0847 -0.659199 -0.110211 -0.0281097 
0.0706622 -1.48951 2.11906 -0.65713 -0.0937506 -0.023899 
0.0545651 -1.52907 2.16314 -0.65533 -0.0723687 -0.0184288 
0.0346982 -1.57678 2.21708 -0.65378 -0.0459795 -0.0116778 
0.0118098 -1.6309 2.27888 -0.652479 -0.0155821 -0.00390545 
-0.0131605 -1.68926 2.34595 -0.651429 0.0175695 0.00456277 
-0.0392729 -1.74967 2.41577 -0.650631 0.0522211 0.0134013 
-0.0655879 -1.80995 2.48576 -0.65009 0.0871187 0.0222848 
-0.0911657 -1.86793 2.55337 -0.649806 0.121008 0.0308876 
-0.115067 -1.92141 2.61606 -0.649784 0.152635 0.0388844 
-0.136426 -1.96841 2.67147 -0.650015 0.180848 0.0459773 
-0.154977 -2.00844 2.71895 -0.650415 0.205306 0.0520912 
-0.170741 -2.04172 2.75864 -0.650865 0.226063 0.0572585 
-0.183744 -2.0685 2.79071 -0.651243 0.243176 0.0615121 
-0.194008 -2.08902 2.8153 -0.651429 0.256698 0.0648848 
-0.201557 -2.10351 2.83257 -0.6513 0.266687 0.0674096 
-0.206416 -2.11221 2.84269 -0.650737 0.273197 0.0691194 
-0.208608 -2.11536 2.84579 -0.649618 0.276285 0.0700472 
-0.208158 -2.11321 2.84205 -0.647823 0.276006 0.0702259 
-0.205095 -2.10597 2.83163 -0.645245 0.27242 0.0696864 
-0.199497 -2.09386 2.81474 -0.641888 0.265622 0.0684466 
-0.191462 -2.07707 2.79164 -0.637798 0.255721 0.0665188 
-0.181085 -2.05578 2.76259 -0.633024 0.242826 0.0639152 
-0.168465 -2.03018 2.72782 -0.627613 0.227045 0.0606481 
-0.153697 -2.00047 2.6876 -0.621612 0.208488 0.0567296 
-0.136879 -1.96683 2.64217 -0.61507 0.187263 0.0521721 
-0.118107 -1.92944 2.59179 -0.608033 0.163478 0.0469877 
-0.0974794 -1.88851 2.5367 -0.60055 0.137244 0.0411888 
-0.0750921 -1.84422 2.47715 -0.592668 0.108668 0.0347875 
-0.0510422 -1.79675 2.4134 -0.584434 0.0778603 0.0277961 
-0.0254267 -1.74631 2.34569 -0.575897 0.0449286 0.0202269 
0.00165758 -1.69306 2.27428 -0.567104 0.00998215 0.012092 
0.0301136 -1.63722 2.19942 -0.558103 -0.0268703 0.00340382 
0.0598444 -1.57896 2.12136 -0.548941 -0.0655198 -0.00582552 
0.0907532 -1.51847 2.04034 -0.539665 -0.105857 -0.0155837 
0.122743 -1.45595 1.95662 -0.530324 -0.147775 -0.0258586 
0.155717 -1.39158 1.87046 -0.520965 -0.191162 -0.0366379 
0.189578 -1.32555 1.78209 -0.511636 -0.235912 -0.0479093 
0.224229 -1.25805 1.69177 -0.502385 -0.281914 -0.0596606 
0.259573 -1.18927 1.59975 -0.493258 -0.32906 -0.0718796 
0.295514 -1.1194 1.50629 -0.484304 -0.377242 -0.084554 
0.331954 -1.04863 1.41163 -0.47557 -0.42635 -0.0976716 
0.368797 -0.977145 1.31602 -0.467104 -0.476275 -0.11122 
0.405945 -0.905138 1.21971 -0.458954 -0.526909 -0.125187 
0.443302 -0.832796 1.12296 -0.451166 -0.578143 -0.139561 
0.480772 -0.760307 1.02601 -0.443787 -0.629867 -0.154327 
0.518288 -0.687789 0.929021 -0.436789 -0.681961 -0.169429 
0.555815 -0.615292 0.832057 -0.430072 -0.73429 -0.184766 
0.593316 -0.542864 0.735183 -0.423533 -0.786721 -0.200235 
0.630756 -0.47055 0.638461 -0.417069 -0.839118 -0.215733 
0.668102 -0.398397 0.541954 -0.410577 -0.891349 -0.231157 
0.705317 -0.326453 0.445726 -0.403953 -0.943279 -0.246406 
0.742366 -0.254764 0.34984 -0.397094 -0.994773 -0.261375 
0.779215 -0.183376 0.254357 -0.389898 -1.0457 -0.275963 
0.815828 -0.112337 0.159342 -0.382259 -1.09592 -0.290065 
0.852171 -0.0416934 0.0648577 -0.374077 -1.1453 -0.303581 
0.888207 0.0285084 -0.0290337 -0.365246 -1.19371 -0.316406 
0.923903 0.0982214 -0.122269 -0.355664 -1.24102 -0.328438 
0.959222 0.167399 -0.214785 -0.345228 -1.28708 -0.339575 
0.99413 0.235994 -0.306519 -0.333835 -1.33177 -0.349713 
1.02859 0.30396 -0.397407 -0.321381 -1.37496 -0.358749 
1.06257 0.371251 -0.487388 -0.307762 -1.41649 -0.366581 
1.09604 0.437819 -0.576397 -0.292876 -1.45626 -0.373107 
1.12895 0.503618 -0.664373 -0.27662 -1.49411 -0.378222 
1.16128 0.5686 -0.751251 -0.25889 -1.52991 -0.381826 
1.19298 0.63272 -0.83697 -0.239583 -1.56354 -0.383813 
1.22403 0.695931 -0.921465 -0.218596 -1.59485 -0.384083 
1.25438 0.758185 -1.00468 -0.195825 -1.62371 -0.382532 
1.28401 0.819436 -1.08654 -0.171167 -1.64999 -0.379057 
1.31288 0.879637 -1.16698 -0.14452 -1.67356 -0.373556 
1.34095 0.938742 -1.24596 -0.115779 -1.69427 -0.365925 
1.36818 0.996704 -1.3234 -0.0848413 -1.712 -0.356062 
1.39455 1.05348 -1.39923 -0.0516042 -1.72661 -0.343865 
1.42002 1.10901 -1.4734 -0.0159641 -1.73797 -0.32923 
1.44455 1.16326 -1.54585 0.0221822 -1.74594 -0.312054 
1.46811 1.21618 -1.6165 0.0629379 -1.75039 -0.292236 
1.49066 1.26773 -1.68531 0.106406 -1.75119 -0.269671 
1.51214 1.3178 -1.75213 0.152669 -1.74817 -0.24426 
1.53233 1.36595 -1.81637 0.201654 -1.74103 -0.215924 
1.55092 1.41158 -1.87723 0.253224 -1.72941 -0.184592 
1.56763 1.45409 -1.93392 0.307243 -1.71292 -0.150193 
1.58214 1.4929 -1.98563 0.363573 -1.69121 -0.112655 
1.59417 1.5274 -2.03156 0.422077 -1.66389 -0.0719093 
1.60341 1.55699 -2.07093 0.482618 -1.63059 -0.0278837 
1.60956 1.58107 -2.10292 0.545059 -1.59095 0.0194923 
1.61233 1.59906 -2.12675 0.609262 -1.54459 0.0702895 
1.61141 1.61035 -2.14161 0.675091 -1.49114 0.124579 
1.60652 1.61435 -2.14671 0.742408 -1.43023 0.182431 
1.59733 1.61046 -2.14124 0.811076 -1.36149 0.243917 
1.58357 1.59807 -2.12441 0.880958 -1.28454 0.309107 
1.56493 1.5766 -2.09541 0.951917 -1.19902 0.378073 
1.54112 1.54545 -2.05346 1.02382 -1.10456 0.450884 
1.51182 1.50402 -1.99775 1.09652 -1.00078 0.527613 
1.47676 1.45173 -1.92751 1.16988 -0.887311 0.608327 
1.43595 1.38857 -1.84272 1.24376 -0.76424 0.692958 
1.38987 1.3154 -1.74451 1.31797 -0.632258 0.781245 
1.33903 1.23312 -1.6341 1.39234 -0.492108 0.872911 
1.28393 1.14264 -1.51268 1.46668 -0.344535 0.967679 
1.2251 1.04488 -1.38147 1.54082 -0.190282 1.06527 
1.16304 0.940737 -1.24167 1.61458 -0.0300938 1.16542 
1.09826 0.831128 -1.09448 1.68778 0.135286 1.26783 
1.03126 0.71696 -0.941128 1.76024 0.305115 1.37224 
0.962568 0.599145 -0.782807 1.83178 0.478647 1.47837 
0.892682 0.47859 -0.620728 1.90223 0.655139 1.58594 
0.822115 0.356206 -0.456098 1.9714 0.833847 1.69468 
0.751378 0.232904 -0.290125 2.03912 1.01403 1.8043 
0.680979 0.109591 -0.124017 2.1052 1.19494 1.91454 
0.61143 -0.012821 0.0410203 2.16948 1.37583 2.02512 
0.54324 -0.133423 0.203778 2.23176 1.55596 2.13575 
0.476919 -0.251306 0.363049 2.29187 1.73459 2.24616 
0.412955 -0.365595 0.517674 2.34964 1.91099 2.35608 
0.351609 -0.475818 0.667013 2.40496 2.0846 2.4652 
0.292997 -0.581745 0.810749 2.45773 2.25496 2.57322 
0.237233 -0.683154 0.94857 2.5079 2.42163 2.67982 
0.184432 -0.779821 1.08016 2.55538 2.58415 2.7847 
0.13471 -0.871522 1.20522 2.6001 2.74207 2.88753 
0.0881798 -0.958033 1.32342 2.64197 2.89493 2.98803 
0.0449572 -1.03913 1.43446 2.68093 3.04229 3.08586 
0.00515662 -1.11459 1.53803 2.71689 3.18369 3.18072 
-0.0311072 -1.18419 1.63381 2.74978 3.31868 3.2723 
-0.0637196 -1.2477 1.72148 2.77952 3.44681 3.36029 
-0.0925659 -1.30491 1.80075 2.80603 3.56762 3.44438 
-0.117531 -1.35558 1.87129 2.82924 3.68067 3.52426 
-0.138501 -1.3995 1.93279 2.84908 3.7855 3.59962 
-0.155361 -1.43644 1.98495 2.86545 3.88166 3.67014 
-0.167996 -1.46617 2.02745 2.8783 3.96869 3.73552 
-0.176373 -1.4886 2.06013 2.88759 4.04621 3.79545 
-0.180795 -1.50416 2.08353 2.89357 4.1141 3.84966 
-0.181648 -1.51341 2.09833 2.89653 4.17229 3.89786 
-0.179318 -1.51689 2.10521 2.89675 4.22071 3.93979 
-0.174193 -1.51518 2.10486 2.89455 4.25932 3.97517 
-0.166659 -1.50882 2.09799 2.8902 4.28806 4.00374 
-0.157104 -1.49838 2.08526 2.88401 4.30685 4.02521 
-0.145913 -1.48441 2.06737 2.87627 4.31564 4.03932 
-0.133474 -1.46748 2.04502 2.86727 4.31438 4.0458 
-0.120173 -1.44813 2.01888 2.85731 4.303 4.04436 
-0.106398 -1.42693 1.98965 2.84668 4.28143 4.03474 
-0.0925344 -1.40444 1.95801 2.83568 4.24963 4.01666 
-0.0789696 -1.38121 1.92466 2.8246 4.20753 3.98986 
-0.0660903 -1.3578 1.89028 2.81373 4.15507 3.95405 
-0.0542832 -1.33477 1.85556 2.80338 4.09219 3.90898 
-0.0438934 -1.31263 1.82113 2.7938 4.01885 3.85439 
-0.0350176 -1.29156 1.78725 2.78509 3.9352 3.79031 
-0.0276614 -1.27164 1.75408 2.77726 3.84143 3.71681 
-0.02183 -1.25295 1.72174 2.77033 3.73774 3.63401 
-0.0175287 -1.23556 1.69038 2.76434 3.62431 3.54199 
-0.0147628 -1.21955 1.66013 2.75931 3.50136 3.44084 
-0.0135377 -1.20499 1.63113 2.75525 3.36908 3.33066 
-0.0138586 -1.19195 1.60353 2.75218 3.22766 3.21155 
-0.0157308 -1.18052 1.57746 2.75015 3.0773 3.08359 
-0.0191597 -1.17077 1.55305 2.74915 2.91819 2.94688 
-0.0241505 -1.16278 1.53045 2.74922 2.75054 2.80152 
-0.0307086 -1.15661 1.5098 2.75038 2.57454 2.6476 
-0.0388392 -1.15234 1.49123 2.75266 2.39038 2.48522 
-0.0485477 -1.15006 1.47488 2.75607 2.19827 2.31446 
-0.0598394 -1.14983 1.46089 2.76063 1.9984 2.13542 
-0.0727196 -1.15173 1.44941 2.76638 1.79097 1.9482 
-0.0871543 -1.1558 1.44053 2.77331 1.57625 1.75296 
-0.102847 -1.16184 1.43417 2.78124 1.3551 1.55038 
-0.119391 -1.16954 1.43015 2.78995 1.12859 1.34134 
-0.136382 -1.1786 1.42829 2.7992 0.897793 1.12671 
-0.153413 -1.18871 1.42842 2.80874 0.663801 0.907375 
-0.17008 -1.19957 1.43035 2.81835 0.427687 0.684216 
-0.185975 -1.21087 1.43392 2.82778 0.19053 0.458112 
-0.200694 -1.22231 1.43894 2.8368 -0.0465916 0.229943 
-0.21383 -1.23359 1.44523 2.84517 -0.282598 0.000588738 
-0.224978 -1.2444 1.45263 2.85266 -0.51641 -0.229071 
-0.233732 -1.25444 1.46096 2.85903 -0.74695 -0.458157 
-0.239686 -1.26341 1.47003 2.86403 -0.973138 -0.685788 
-0.242435 -1.27099 1.47968 2.86744 -1.1939 -0.911086 
-0.241572 -1.27688 1.48971 2.86901 -1.40814 -1.13317 
-0.236692 -1.28079 1.49997 2.86851 -1.6148 -1.35116 
-0.227391 -1.2824 1.51026 2.86571 -1.8128 -1.56418 
-0.213413 -1.28152 1.52047 2.86045 -2.00133 -1.77154 
-0.194813 -1.27814 1.53053 2.85275 -2.18019 -1.97295 
-0.17168 -1.2723 1.5404 2.84265 -2.34922 -2.16817 
-0.144105 -1.26401 1.55006 2.8302 -2.50828 -2.35694 
-0.112179 -1.25331 1.55945 2.81544 -2.65722 -2.53904 
-0.0759926 -1.24022 1.56855 2.79841 -2.7959 -2.71421 
-0.0356362 -1.22478 1.5773 2.77915 -2.92417 -2.88221 
0.00879973 -1.207 1.58568 2.7577 -3.04187 -3.04279 
0.0572244 -1.18691 1.59364 2.73411 -3.14887 -3.19571 
0.109547 -1.16455 1.60114 2.70842 -3.24501 -3.34073 
0.165678 -1.13993 1.60815 2.68066 -3.33015 -3.47761 
0.225526 -1.11309 1.61463 2.65089 -3.40415 -3.60609 
0.289 -1.08405 1.62053 2.61914 -3.46685 -3.72593 
0.35601 -1.05284 1.62581 2.58546 -3.51811 -3.8369 
0.426465 -1.01949 1.63045 2.54989 -3.55778 -3.93874 
0.500271 -0.984023 1.63439 2.51247 -3.58571 -4.03121 
0.577141 -0.946588 1.63764 2.47335 -3.60193 -4.11414 
0.656514 -0.907504 1.64023 2.43283 -3.60665 -4.18744 
0.737812 -0.867099 1.64222 2.39123 -3.60013 -4.25103 
0.820454 -0.825704 1.64364 2.34886 -3.58262 -4.30483 
0.903861 -0.783649 1.64453 2.30603 -3.55435 -4.34876 
0.987451 -0.741261 1.64496 2.26305 -3.51559 -4.38274 
1.07064 -0.698872 1.64495 2.22023 -3.46658 -4.40669 
1.15286 -0.65681 1.64455 2.17789 -3.40756 -4.42054 
1.23352 -0.615405 1.64382 2.13634 -3.33879 -4.4242 
1.31205 -0.574986 1.64278 2.09589 -3.26051 -4.4176 
1.38786 -0.535883 1.6415 2.05685 -3.17297 -4.40066 
1.46037 -0.498426 1.64001 2.01954 -3.07641 -4.37329 
1.52901 -0.462944 1.63835 1.98427 -2.97109 -4.33542 
1.59319 -0.429766 1.63658 1.95135 -2.85725 -4.28697 
1.65233 -0.399222 1.63474 1.92109 -2.73514 -4.22786 
1.70586 -0.371641 1.63286 1.8938 -2.60501 -4.15801 
1.75324 -0.347325 1.631 1.86977 -2.46713 -4.07738 
1.79427 -0.326388 1.62918 1.84911 -2.32195 -3.98616 
1.82887 -0.308874 1.6274 1.83186 -2.16996 -3.88466 
1.85698 -0.294824 1.62567 1.81804 -2.01167 -3.77316 
1.8785 -0.284281 1.62402 1.80771 -1.84759 -3.65196 
1.89338 -0.277285 1.62245 1.8009 -1.67822 -3.52136 
1.90154 -0.273879 1.62097 1.79764 -1.50407 -3.38164 
1.90289 -0.274105 1.61959 1.79798 -1.32565 -3.2331 
1.89737 -0.278005 1.61833 1.80195 -1.14346 -3.07604 
1.8849 -0.285621 1.6172 1.80959 -0.958001 -2.91074 
1.86541 -0.296995 1.61621 1.82094 -0.769787 -2.73751 
1.83881 -0.312169 1.61538 1.83603 -0.579321 -2.55664 
1.80505 -0.331184 1.6147 1.8549 -0.387108 -2.36842 
1.76403 -0.354084 1.61421 1.87759 -0.193654 -2.17315 
1.7157 -0.380909 1.6139 1.90415 0.000534333 -1.97112 
1.65997 -0.411695 1.61379 1.93459 0.194949 -1.76263 
1.5972 -0.446263 1.61388 1.96874 0.388977 -1.54825 
1.52818 -0.484175 1.61415 2.00617 0.581877 -1.32889 
1.45375 -0.524979 1.61459 2.04643 0.772903 -1.10546 
1.37474 -0.568221 1.61519 2.08908 0.961307 -0.878885 
1.292 -0.613448 1.61591 2.13366 1.14634 -0.650072 
1.20636 -0.660209 1.61676 2.17973 1.32726 -0.419943 
1.11865 -0.708049 1.61771 2.22685 1.50331 -0.189417 
1.02972 -0.756516 1.61874 2.27455 1.67376 0.0405892 
0.940385 -0.805158 1.61985 2.32241 1.83784 0.269158 
0.851497 -0.85352 1.62101 2.36997 1.99482 0.495372 
0.763888 -0.901151 1.62221 2.41678 2.14394 0.718313 
0.678393 -0.947598 1.62343 2.46239 2.28447 0.937063 
0.595848 -0.992407 1.62465 2.50637 2.41565 1.15071 
0.51709 -1.03513 1.62587 2.54825 2.53673 1.35832 
0.442954 -1.0753 1.62706 2.5876 2.64697 1.559 
0.374253 -1.11249 1.6282 2.62398 2.74564 1.75183 
0.311408 -1.14648 1.6293 2.65717 2.83242 1.93638 
0.254513 -1.1772 1.63035 2.68711 2.90731 2.11255 
0.203651 -1.20461 1.63135 2.71376 2.97031 2.28026 
0.158906 -1.22868 1.63229 2.73708 3.02145 2.43943 
0.120363 -1.24935 1.63319 2.75702 3.06072 2.58998 
0.088105 -1.26658 1.63404 2.77353 3.08816 2.73183 
0.062216 -1.28033 1.63483 2.78659 3.10375 2.8649 
0.0427798 -1.29055 1.63557 2.79613 3.10753 2.98911 
0.0298803 -1.2972 1.63626 2.80211 3.09949 3.10439 
0.0236014 -1.30024 1.6369 2.8045 3.07966 3.21065 
0.024027 -1.29961 1.63748 2.80324 3.04804 3.30782 
0.0312409 -1.29527 1.63802 2.7983 3.00464 3.39581 
0.045327 -1.28719 1.6385 2.78962 2.94948 3.47455 
0.0663691 -1.27531 1.63892 2.77717 2.88256 3.54395 
0.0944512 -1.25959 1.6393 2.76089 2.80391 3.60394 
0.129657 -1.23999 1.63961 2.74076 2.71353 3.65443 
0.171997 -1.2165 1.63988 2.71675 2.61153 3.69543 
0.221081 -1.18933 1.6401 2.68908 2.49865 3.72733 
0.27638 -1.15878 1.64028 2.65805 2.37578 3.75066 
0.337365 -1.12514 1.64043 2.62393 2.24386 3.76597 
0.403508 -1.08869 1.64055 2.58703 2.1038 3.7738 
0.474281 -1.04972 1.64067 2.54761 1.9565 3.77467 
0.549156 -1.00853 1.64077 2.50598 1.80291 3.76914 
0.627603 -0.965393 1.64088 2.46242 1.64392 3.75773 
0.709096 -0.920612 1.64099 2.41721 1.48045 3.74099 
0.793104 -0.874472 1.64112 2.37065 1.31343 3.71944 
0.879101 -0.827261 1.64128 2.32302 1.14377 3.69364 
0.966557 -0.779271 1.64147 2.27461 0.972391 3.66412 
1.05494 -0.730789 1.64171 2.22571 0.800205 3.63141 
1.14373 -0.682105 1.64199 2.1766 0.628133 3.59605 
1.2324 -0.633509 1.64233 2.12758 0.45709 3.55858 
1.32041 -0.585289 1.64274 2.07893 0.287994 3.51955 
1.40724 -0.537731 1.64322 2.03093 0.121751 3.47947 
1.49249 -0.491064 1.64378 1.98381 -0.040877 3.43877 
1.57579 -0.445484 1.64445 1.93776 -0.199212 3.39782 
1.65678 -0.401186 1.64525 1.89297 -0.35258 3.35698 
1.73511 -0.358366 1.64617 1.84963 -0.500305 3.31661 
1.81043 -0.31722 1.64725 1.80794 -0.641712 3.27708 
1.88238 -0.277942 1.6485 1.76807 -0.776127 3.23874 
1.95061 -0.240727 1.64994 1.73023 -0.902873 3.20196 
2.01475 -0.205772 1.65157 1.69461 -1.02128 3.16711 
2.07446 -0.173272 1.65343 1.66138 -1.13066 3.13454 
2.12938 -0.143422 1.65551 1.63075 -1.23035 3.10462 
2.17916 -0.116417 1.65785 1.60291 -1.31967 3.07771 
2.22343 -0.0924532 1.66046 1.57804 -1.39795 3.05417 
2.26184 -0.0717253 1.66334 1.55633 -1.46451 3.03437 
2.29405 -0.054429 1.66653 1.53798 -1.51867 3.01866 
2.31971 -0.0407428 1.67003 1.52317 -1.55983 3.00738 
2.33882 -0.030652 1.67373 1.51189 -1.58802 3.00045 
2.35155 -0.024019 1.67749 1.50403 -1.60372 2.99755 
2.35808 -0.020704 1.68113 1.4995 -1.6074 2.99834 
2.35861 -0.0205674 1.68451 1.49817 -1.59956 3.00249 
2.3533 -0.0234695 1.68744 1.49995 -1.58066 3.00968 
2.34235 -0.0292705 1.68979 1.50472 -1.55119 3.01956 
2.32593 -0.0378307 1.69137 1.51237 -1.51162 3.03182 
2.30423 -0.0490105 1.69203 1.5228 -1.46243 3.04611 
2.27744 -0.0626701 1.69162 1.5359 -1.40411 3.06211 
2.2459 -0.0785676 1.68993 1.55146 -1.3375 3.07937 
2.21085 -0.0959751 1.6867 1.56881 -1.26522 3.09684 
2.17375 -0.11402 1.68159 1.58714 -1.19041 3.11333 
2.13607 -0.13183 1.67429 1.60564 -1.11622 3.12762 
2.09928 -0.148533 1.66449 1.62351 -1.04579 3.13852 
2.06485 -0.163256 1.65186 1.63993 -0.982265 3.14482 
2.03424 -0.175127 1.63609 1.6541 -0.928786 3.14531 
2.00892 -0.183298 1.61692 1.66521 -0.888406 3.13887 
1.98995 -0.187493 1.59569 1.67275 -0.862033 3.12641 
1.97802 -0.188026 1.57535 1.67646 -0.848374 3.11093 
1.97381 -0.185237 1.55895 1.67612 -0.846037 3.0955 
1.97799 -0.179468 1.5495 1.67149 -0.853629 3.08322 
1.99123 -0.171057 1.55005 1.66234 -0.869756 3.07716 
2.01419 -0.160346 1.56362 1.64843 -0.893027 3.08042 
2.04713 -0.147724 1.59245 1.62973 -0.921936 3.09542 
2.08786 -0.133863 1.63431 1.60735 -0.954354 3.12084 
2.13341 -0.119529 1.68543 1.58276 -0.987935 3.1541 
2.18077 -0.105492 1.74204 1.55745 -1.02033 3.1926 
2.22694 -0.092518 1.80038 1.53292 -1.0492 3.23375 
2.26899 -0.0813589 1.85671 1.51062 -1.07224 3.27499 
2.30541 -0.0723069 1.90877 1.49128 -1.08864 3.31455 
2.33631 -0.0651476 1.95587 1.47481 -1.0992 3.35161 
2.3619 -0.0596405 1.99742 1.46107 -1.10482 3.38535 
2.38237 -0.055545 2.03281 1.44993 -1.10637 3.41497 
2.3979 -0.0526206 2.06146 1.44127 -1.10476 3.43967 
2.40869 -0.0506265 2.08276 1.43496 -1.10087 3.45864 
2.41493 -0.04933 2.09614 1.43085 -1.09556 3.47113 
2.41682 -0.0486132 2.10155 1.42885 -1.08923 3.47696 
2.41453 -0.0484483 2.09931 1.42885 -1.08191 3.47639 
2.40825 -0.0488096 2.08976 1.43078 -1.07365 3.46972 
2.39815 -0.0496717 2.07324 1.43454 -1.06446 3.45723 
2.38443 -0.0510089 2.0501 1.44004 -1.05438 3.4392 
2.36727 -0.0527957 2.02065 1.44719 -1.04344 3.41592 
2.34685 -0.0550064 1.98526 1.4559 -1.03166 3.38768 
2.32334 -0.0576155 1.94425 1.46608 -1.01908 3.35476 
2.29695 -0.0605974 1.89796 1.47763 -1.00572 3.31745 
2.26784 -0.0639265 1.84674 1.49047 -0.991623 3.27604 
2.2362 -0.0675773 1.79091 1.50451 -0.976806 3.2308 
2.20222 -0.0715242 1.73083 1.51965 -0.961303 3.18203 
2.16607 -0.0757415 1.66682 1.53581 -0.945144 3.13002 
2.12795 -0.0802038 1.59924 1.55289 -0.928357 3.07504 
2.08802 -0.0848854 1.52841 1.57081 -0.910973 3.01738 
2.04649 -0.0897607 1.45467 1.58947 -0.893022 2.95733 
2.00352 -0.0948043 1.37836 1.60878 -0.874532 2.89518 
1.9593 -0.0999904 1.29983 1.62865 -0.855533 2.83121 
1.91402 -0.105294 1.21941 1.649 -0.836055 2.76571 
1.86786 -0.110688 1.13744 1.66972 -0.816127 2.69895 
1.82098 -0.116151 1.05422 1.69074 -0.795776 2.63121 
1.77338 -0.121686 0.969764 1.71206 -0.774993 2.56248 
1.72498 -0.127307 0.883906 1.73373 -0.753753 2.49263 
1.67569 -0.133031 0.796494 1.75578 -0.732032 2.42153 
1.62542 -0.138874 0.707369 1.77827 -0.709805 2.34905 
1.57408 -0.144851 0.616377 1.80122 -0.687045 2.27506 
1.5216 -0.150978 0.523361 1.8247 -0.663727 2.19942 
1.46787 -0.15727 0.428163 1.84874 -0.639828 2.122 
1.41281 -0.163745 0.330627 1.87339 -0.61532 2.04268 
1.35634 -0.170417 0.230597 1.89868 -0.59018 1.96131 
1.29838 -0.177302 0.127916 1.92467 -0.564382 1.87778 
1.23882 -0.184417 0.0224282 1.9514 -0.537901 1.79194 
1.17759 -0.191776 -0.0860243 1.97891 -0.510711 1.70366 
1.11459 -0.199396 -0.197597 2.00725 -0.482787 1.61282 
1.04975 -0.207293 -0.312448 2.03646 -0.454105 1.51928 
0.982965 -0.215482 -0.430732 2.06658 -0.424638 1.42291 
0.91416 -0.223979 -0.552607 2.09766 -0.394362 1.32357 
0.843244 -0.2328 -0.678229 2.12974 -0.363252 1.22114 
0.770131 -0.24196 -0.807754 2.16287 -0.331282 1.11549 
0.694732 -0.251476 -0.94134 2.19709 -0.298427 1.00648 
0.616965 -0.261364 -1.07914 2.23244 -0.264664 0.893985 
0.537105 -0.271597 -1.22065 2.2688 -0.230114 0.778405 
0.456117 -0.282077 -1.36415 2.30574 -0.195181 0.661144 
0.375043 -0.292693 -1.50779 2.34281 -0.160299 0.543715 
0.294924 -0.303337 -1.64968 2.37953 -0.125902 0.427636 
0.216803 -0.3139 -1.78798 2.41544 -0.092423 0.314421 
0.141722 -0.324272 -1.92082 2.45008 -0.0602971 0.205587 
0.0707204 -0.334344 -2.04632 2.48299 -0.0299579 0.102649 
0.00484184 -0.344007 -2.16264 2.5137 -0.00183948 0.00712172 
-0.0548725 -0.353152 -2.2679 2.54174 0.0236241 -0.0794781 
-0.107381 -0.36167 -2.36025 2.56666 0.0459987 -0.155635 
-0.151641 -0.369451 -2.43782 2.58799 0.0648505 -0.219834 
-0.186632 -0.376389 -2.49877 2.60527 0.0797538 -0.270588 
-0.212042 -0.382445 -2.54256 2.61836 0.09058 -0.307442 
-0.22844 -0.387667 -2.57019 2.6275 0.0975709 -0.331225 
-0.236455 -0.392108 -2.58278 2.63294 0.100992 -0.342847 
-0.236713 -0.395822 -2.58145 2.63495 0.101107 -0.343218 
-0.22984 -0.398862 -2.56731 2.63379 0.0981816 -0.333249 
-0.216464 -0.401281 -2.54147 2.62972 0.0924809 -0.313849 
-0.197211 -0.403133 -2.50505 2.62299 0.0842697 -0.285927 
-0.172708 -0.404469 -2.45917 2.61388 0.073813 -0.250395 
-0.143591 -0.405346 -2.40495 2.60265 0.0613799 -0.208176 
-0.110984 -0.405857 -2.34438 2.58975 0.0474492 -0.160899 
-0.0767133 -0.406158 -2.28068 2.5759 0.0328031 -0.111213 
-0.0426621 -0.406406 -2.21715 2.56186 0.0182473 -0.061846 
-0.0107121 -0.406763 -2.1571 2.54838 0.00458754 -0.0155265 
0.0172544 -0.407386 -2.10386 2.5362 -0.00737049 0.0250175 
0.0393555 -0.408434 -2.06072 2.52607 -0.016821 0.0570578 
0.0538336 -0.410058 -2.03078 2.51869 -0.0230118 0.0780472 
0.0604214 -0.412288 -2.01451 2.51417 -0.0258283 0.0875978 
0.0598314 -0.415079 -2.01064 2.51224 -0.0255757 0.0867427 
0.0527938 -0.418383 -2.01787 2.5126 -0.0225667 0.07654 
0.0400401 -0.422153 -2.03493 2.51498 -0.0171146 0.0580501 
0.0230949 -0.426324 -2.05905 2.51877 -0.00987127 0.033483 
0.00552624 -0.430783 -2.08381 2.52258 -0.00236187 0.00801205 
-0.00877261 -0.43541 -2.10214 2.52487 0.00374979 -0.0127185 
-0.016216 -0.440104 -2.10756 2.52422 0.00693126 -0.0235099 
-0.0163104 -0.444935 -2.09901 2.52036 0.00697163 -0.0236468 
-0.0103538 -0.450076 -2.0786 2.5137 0.00442559 -0.0150109 
-0.00123813 -0.456098 -2.05066 2.50497 0.000529216 -0.00179516 
0.00414696 -0.464588 -2.02515 2.49574 -0.00177258 0.00601206 
0.00215395 -0.47682 -2.0065 2.48644 -0.0009207 0.00312259 
-0.00130099 -0.491071 -1.98677 2.47596 0.000556074 -0.00188632 
-0.000270681 -0.504932 -1.95924 2.46378 0.000115692 -0.000392521 
0.000278441 -0.522265 -1.92602 2.44869 -0.000119024 0.000403585 
-8.81082e-05 -0.544754 -1.88468 2.4293 3.76528e-05 -0.000127833 
2.29366e-05 -0.57163 -1.83387 2.40553 -9.80514e-06 3.32176e-05 
-4.30876e-06 -0.603466 -1.77351 2.37697 1.83247e-06 -6.35633e-06 
-2.8606e-08 -0.640198 -1.70322 2.34342 1.59298e-08 -3.15392e-08 
1.02692e-07 -0.681748 -1.62306 2.30481 -3.98776e-08 1.63347e-07 
1.09795e-08 -0.728024 -1.53305 2.26107 -7.7913e-09 -3.85941e-08 
5.00295e-09 -0.778871 -1.43336 2.21223 -5.40416e-09 -4.98999e-08 
3.49572e-08 -0.82906 -1.33424 2.1633 -3.50512e-08 -1.82465e-07 
-2.2638e-09 -0.874045 -1.24486 2.11891 2.27343e-09 -1.27524e-08 
8.65883e-09 -0.913965 -1.16516 2.07912 -8.65944e-09 -6.48329e-08 
-3.38652e-09 -0.948894 -1.09514 2.04403 3.38686e-09 -6.9856e-09 
-6.09195e-09 -0.979325 -1.03392 2.01325 6.09164e-09 6.20214e-09 
-4.24128e-09 -1.0053 -0.981572 1.98687 4.24141e-09 -2.11781e-09 
-4.59282e-09 -1.02785 -0.935985 1.96383 4.59285e-09 -2.04584e-10 
-4.43487e-09 -1.04809 -0.894919 1.94301 4.43483e-09 -1.03991e-09 
-4.05867e-09 -1.06485 -0.860883 1.92573 4.05864e-09 -2.86222e-09 
-4.26633e-09 -1.07661 -0.837058 1.91366 4.26632e-09 -1.52656e-09 
-5.15406e-09 -1.08359 -0.822984 1.90657 5.15407e-09 3.44428e-09 
-6.26503e-09 -1.08875 -0.81262 1.90137 6.26504e-09 9.57889e-09 
-6.73533e-09 -1.09716 -0.795542 1.8927 6.73534e-09 1.22275e-08 
-6.13342e-09 -1.11114 -0.766978 1.87812 6.13342e-09 9.06931e-09 
-4.58033e-09 -1.12952 -0.729334 1.85886 4.58033e-09 7.59777e-10 
-2.25367e-09 -1.15087 -0.685567 1.83643 2.25366e-09 -1.17407e-08 
5.41939e-10 -1.17346 -0.639209 1.81267 -5.41941e-10 -2.67855e-08 
3.45669e-09 -1.19548 -0.594002 1.78948 -3.45669e-09 -4.24839e-08 
6.14076e-09 -1.21511 -0.553683 1.7688 -6.14076e-09 -5.69451e-08 
8.32381e-09 -1.23098 -0.521092 1.75208 -8.32382e-09 -6.87077e-08 
1.00085e-08 -1.24322 -0.495972 1.73919 -1.00085e-08 -7.77853e-08 
1.12561e-08 -1.25226 -0.477403 1.72966 -1.12561e-08 -8.45076e-08 
1.21276e-08 -1.25856 -0.464465 1.72302 -1.21276e-08 -8.92041e-08 
1.26845e-08 -1.26257 -0.456237 1.7188 -1.26845e-08 -9.22048e-08 
1.29877e-08 -1.26473 -0.4518 1.71653 -1.29877e-08 -9.38392e-08 
1.30986e-08 -1.26549 -0.450232 1.71572 -1.30986e-08 -9.44371e-08 
1.30783e-08 -1.2653 -0.450615 1.71592 -1.30783e-08 -9.43282e-08 
1.29881e-08 -1.26461 -0.452028 1.71664 -1.29881e-08 -9.38422e-08 
1.28891e-08 -1.26387 -0.45355 1.71742 -1.28891e-08 -9.33088e-08 
1.28424e-08 -1.26353 -0.454262 1.71779 -1.28424e-08 -9.30577e-08 
1.28424e-08 -1.26353 -0.454262 1.71779 -1.28424e-08 -9.30577e-08 
