0 0 -0 -0 -0 -0 
-0.0177195 -0.162002 0.314524 -0.152522 0.0177195 -3.94897e-07 
0.0195504 0.147893 -0.292024 0.144131 -0.0195504 4.91013e-07 
0.00409748 0.025863 -0.0511822 0.0253192 -0.00409748 9.83275e-08 
0.0140879 0.0593676 -0.119199 0.0598319 -0.0140879 3.26356e-07 
0.0241176 -0.0668362 0.116388 -0.0495521 -0.0241176 5.4241e-07 
0.0240168 -0.608025 1.1408 -0.532775 -0.0240168 5.15431e-07 
0.0059872 -0.7179 1.34765 -0.629749 -0.0059872 -2.3358e-07 
0.00622316 -0.401071 0.694829 -0.293758 -0.00622316 -1.58532e-06 
0.0976839 -0.503714 1.1146 -0.610884 -0.0976839 -2.64483e-06 
0.592567 -0.936255 1.83769 -0.901436 -0.592567 -7.6554e-07 
1.05295 -0.468847 0.876011 -0.407169 -1.05295 1.5601e-06 
1.38166 0.0461248 -0.084096 0.0379719 -1.38166 -2.77993e-06 
0.498185 0.0973822 -0.179617 0.0822348 -0.498185 -4.13629e-07 
0.184228 0.215455 -0.406846 0.191388 -0.184228 -1.02203e-06 
0.365146 0.616652 -1.1982 0.581548 -0.365146 -1.3898e-06 
0.210882 0.67507 -1.35509 0.68002 -0.210882 -2.02075e-06 
0.0701186 0.356031 -0.725175 0.369143 -0.0701186 -1.64606e-06 
0.0386421 0.27745 -0.569798 0.292349 -0.0386421 3.57505e-07 
2.61442e-17 1.89152e-16 -3.88521e-16 1.99368e-16 -2.61442e-17 2.69512e-22 
