-0 -0 0 -0 0 -0 
-0.253526 -0.0120812 0.038021 -0.02594 0.253526 9.90806e-07 
-0.0720318 0.0982076 -0.138031 0.0398239 0.0720318 -1.14448e-08 
-0.00687606 0.0635378 -0.10039 0.0368524 0.00687606 -6.38237e-08 
-0.355979 -0.377165 0.0305746 0.34659 0.355979 -2.65829e-08 
-0.345366 -0.447701 0.112729 0.334973 0.345366 8.06853e-07 
0.176279 0.193133 0.0212447 -0.214378 -0.176279 9.00603e-09 
-0.142774 -0.429805 0.502583 -0.0727776 0.142774 5.88785e-07 
0.0109205 0.0147438 -0.0616693 0.129252 -0.0169743 -0.0673319 
0.0235427 0.270883 -0.890043 1.48683 -0.0526698 -2.21775 
0.0334366 0.0328095 -0.0605914 0.0995441 -0.004881 -1.28592 
-0.586585 -0.567451 -0.122063 -0.139205 0.607904 0.39777 
-0.113704 -0.110772 -0.024531 -0.0280664 0.107283 0.171343 
0.00595409 -0.159093 0.456284 -0.648352 0.277588 0.283542 
0.00513536 -0.146925 0.471466 -0.770738 0.355143 0.360279 
-0.00387336 0.0613384 -0.223668 0.346129 -5.1936 -5.19747 
-0.00620435 0.009174 -0.0551309 0.0639711 2.91857 2.91236 
0.0709958 0.0704087 -0.0156932 0.031263 -0.481013 -0.410017 
2.36894 2.11073 0.370149 0.417587 0.613969 2.98291 
-1.21815e-16 -8.82167e-16 1.81224e-15 -9.29913e-16 1.21986e-16 1.72281e-19 
