-0.314324 -0.192704 0.252272 -0.0595675 0.314324 -1.13627e-05 
-0.488106 0.701617 -1.57692 0.875301 0.488106 2.64593e-06 
-0.0392559 0.0405149 -0.311309 0.270794 0.0392559 1.91739e-07 
0.0288044 0.353871 -0.53574 0.181869 -0.0288044 -3.54327e-07 
-1.26544 -1.34008 0.105866 1.23422 1.26544 -1.28296e-07 
-0.593218 -1.00321 0.454372 0.548841 0.593218 -4.52585e-08 
0.920041 1.01023 0.111575 -1.1218 -0.920041 7.05299e-08 
-1.34007 -1.6852 -0.400066 2.08527 1.34007 6.32472e-07 
0.0138094 0.00121836 -0.0205276 0.0653567 -0.0171955 -0.0376604 
-0.00016695 -1.03244 3.36684 -5.70884 0.279394 2.54914 
0.00766832 -0.0260506 0.117799 -0.191645 -0.00201037 -5.29584 
-2.93109 -2.67943 -0.487839 -0.725662 2.70438 4.22125 
-1.12591 -1.10455 -0.249005 -0.278457 1.06177 1.71166 
-0.0456479 0.973584 -3.12702 5.12161 -2.35098 -2.39663 
0.0217272 -0.645241 2.1585 -3.68915 1.73518 1.7569 
0.0065012 -0.209958 0.7062 -1.19295 -3.04149 -3.03499 
-0.018779 -0.0168355 -0.0016473 -0.00652534 -4.43423 -4.45301 
-0.0285831 -0.0233975 -0.0103048 0.00358677 2.49962 2.47104 
-1.04833 -0.930151 -0.176603 -0.184116 -0.0487664 -1.0971 
-0.196286 -1.42148 2.92016 -1.49842 0.196562 0.000277605 
