0 0 0 0 0 0 
0.457719 0.461493 -0.553942 0.0924482 -0.457719 -1.35251e-07 
0.594815 0.810433 -0.863295 0.0528616 -0.594815 -5.52947e-09 
1.12888 1.43915 -0.287091 -1.15206 -1.12888 1.72289e-08 
0.679351 0.908761 0.00218603 -0.910947 -0.679351 5.48625e-07 
-1.54471 -1.53915 0.289445 1.24971 1.54471 -3.6012e-08 
-1.83028 -1.9191 0.0989753 1.82012 1.83028 -2.60586e-07 
1.17324 1.27915 0.574159 -1.85331 -1.17324 -6.71559e-08 
1.39186 0.702888 1.61538 -2.25907 -1.39621 -0.0484201 
1.46555 1.67298 -1.61351 3.29166 -1.69414 -3.56667 
1.52748 1.62462 -1.48578 3.01868 -1.62125 3.00205 
1.8036 1.795 -1.51954 3.11375 -1.69543 -3.31376 
-0.87268 -0.705457 -2.01075 2.46268 0.862716 0.265898 
-0.0328695 -0.605559 -1.80246 2.33666 0.0904937 0.0576242 
-0.0351065 -0.535977 -2.08452 2.90461 -0.194295 -0.229402 
-0.00102311 -1.53626 1.21193 -2.75689 2.09271 2.09169 
0.0043785 -1.5326 1.18996 -2.80323 2.39149 2.39587 
0.0414519 -1.4741 1.09745 -2.71584 -3.98524 -3.94378 
1.5553 -0.0890405 1.2089 -2.35753 -2.8454 -1.2901 
2.68055 1.26353 0.454262 -1.71779 -2.68055 -1.13484e-07 
