0 0 0 0 0 0 
-0.00382276 -0.166557 0.348329 -0.181772 0.00382276 -1.37698e-08 
-0.0395278 -0.222552 0.443818 -0.221266 0.0395278 -1.72063e-07 
0.0869877 -0.255487 0.593481 -0.337994 -0.0869877 -4.92399e-07 
0.521029 -0.132656 0.629234 -0.496578 -0.521029 -1.57372e-07 
0.363004 -0.137242 0.617652 -0.480409 -0.363004 -2.51138e-07 
0.545274 -0.100449 0.794174 -0.693726 -0.545274 6.80413e-08 
0.556728 -0.0653122 0.909991 -0.844679 -0.556728 -2.48584e-07 
0.557653 -0.097322 1.01738 -0.920063 -0.557653 5.49352e-08 
0.579796 -0.17393 1.21378 -1.03985 -0.579796 1.03361e-07 
0.610072 0.022358 0.828353 -0.850711 -0.610072 -3.48358e-08 
0.622334 0.344597 0.162794 -0.507391 -0.622334 -1.16948e-07 
0.642947 0.861482 -0.894971 0.0334893 -0.642947 -2.02799e-07 
0.684544 1.08352 -1.29112 0.207604 -0.684544 -2.09662e-07 
0.744834 1.02795 -1.06395 0.0359955 -0.744834 -1.24333e-07 
0.819133 1.15882 -1.16941 0.0105898 -0.819133 -1.86885e-07 
0.968815 1.39926 -1.19979 -0.199471 -0.968815 -9.03036e-08 
1.15256 1.60352 -0.683857 -0.91966 -1.15256 -1.99432e-08 
1.17068 1.49471 -0.133841 -1.36087 -1.17068 -8.73474e-08 
1.13194 1.5976 -0.119028 -1.47857 -1.13194 3.55271e-15 
