0 0 0 0 0 0 
4.26269e-05 0.0399086 -0.0838759 0.0439673 -4.26269e-05 -7.90241e-08 
0.000151968 0.145569 -0.306134 0.160565 -0.000151968 -2.85371e-07 
0.000189358 0.205288 -0.433077 0.227789 -0.000189358 -3.82048e-07 
0.000245006 0.180983 -0.377568 0.196585 -0.000245006 -4.00624e-07 
-6.49359e-05 0.218089 -0.479076 0.260988 6.49359e-05 -1.47462e-07 
0.000516315 0.277723 -0.663437 0.385714 -0.000516315 -1.98706e-07 
-0.00500053 0.330531 -0.891094 0.560563 0.00500053 -7.17529e-07 
0.0242 0.349789 -0.965761 0.615971 -0.0242 -8.68004e-07 
0.154909 0.383041 -0.970273 0.587232 -0.154909 -2.33675e-07 
0.209048 0.397884 -0.972173 0.574289 -0.209048 4.89264e-08 
0.253318 0.411266 -0.975681 0.564414 -0.253318 2.8864e-07 
0.333162 0.450823 -1.0112 0.560379 -0.333162 7.91776e-07 
0.272144 0.453977 -1.06603 0.612052 -0.272144 4.88148e-07 
0.200336 0.415672 -1.06613 0.650456 -0.200336 4.88224e-08 
0.202411 0.44499 -1.13278 0.687787 -0.202411 -1.61384e-07 
0.163462 0.432928 -1.17935 0.746417 -0.163462 -4.81537e-07 
0.135117 0.39742 -1.17791 0.78049 -0.135117 -2.97089e-07 
0.11932 0.355407 -1.1447 0.78929 -0.11932 -4.41618e-06 
0.120213 0.369809 -1.17885 0.809045 -0.120213 -3.94188e-06 
0.118101 0.443941 -1.34599 0.90205 -0.118101 -2.769e-06 
0.116157 0.481025 -1.43233 0.951305 -0.116157 -2.12158e-06 
0.115945 0.484004 -1.43948 0.955478 -0.115945 -2.05796e-06 
0.115543 0.489104 -1.45188 0.962774 -0.115543 -1.94023e-06 
0.114772 0.496881 -1.47142 0.974535 -0.114772 -1.72392e-06 
0.113588 0.503604 -1.49039 0.986785 -0.113588 -1.41381e-06 
0.111952 0.501935 -1.49349 0.991558 -0.111952 -1.0242e-06 
0.109854 0.478811 -1.45328 0.974473 -0.109854 -5.87141e-07 
0.107346 0.412661 -1.32421 0.911548 -0.107346 -1.63193e-07 
0.104584 0.271233 -1.03791 0.766679 -0.104584 1.4876e-07 
0.101824 0.0427697 -0.568754 0.525984 -0.101824 2.76122e-07 
0.0994199 -0.228603 -0.0081708 0.236774 -0.0994199 2.45255e-07 
0.0974545 -0.502628 0.559455 -0.0568272 -0.0974545 1.34835e-07 
0.0959875 -0.739791 1.05121 -0.311421 -0.0959875 2.75032e-08 
0.0949646 -0.920986 1.4263 -0.505317 -0.0949646 1.51289e-08 
0.0947497 -0.972585 1.52947 -0.556886 -0.0947497 2.09025e-07 
0.0955199 -0.862732 1.29442 -0.431684 -0.0955199 -2.74629e-07 
0.095479 -0.891862 1.34821 -0.456346 -0.095479 -9.18103e-07 
0.0953409 -0.938482 1.43762 -0.499134 -0.0953409 4.58977e-06 
0.095399 -0.971935 1.49219 -0.520251 -0.095399 1.917e-06 
0.0953937 -1.07983 1.6732 -0.59337 -0.0953937 -1.24125e-07 
0.0953925 -1.26651 1.95951 -0.692995 -0.0954014 -1.21783e-05 
0.0956391 -1.3624 2.09266 -0.73082 -0.0947738 0.000872121 
0.0880631 -1.47757 2.18083 -0.699105 -0.0944445 -0.00638178 
0.0853106 -1.50898 2.19451 -0.693239 -0.0734736 0.0118332 
0.0830471 -1.53436 2.20227 -0.68972 -0.0495339 0.0335066 
0.0790704 -1.56164 2.20111 -0.627763 -0.0970484 -0.017975 
0.0769365 -1.57156 2.20281 -0.541036 -0.215516 -0.138558 
0.0807217 -1.60789 2.25371 -0.689917 -0.0129829 0.0677271 
0.0856893 -1.64928 2.31188 -0.901385 0.281114 0.366744 
0.0874795 -1.6659 2.33422 -0.978777 0.389421 0.476824 
0.08767 -1.66794 2.33684 -0.987077 0.401091 0.488683 
0.0879956 -1.67193 2.34176 -1.00134 0.421233 0.509147 
0.088123 -1.67652 2.34643 -1.00735 0.430237 0.518277 
0.0867786 -1.67375 2.33847 -0.950118 0.351623 0.438331 
0.0813293 -1.64692 2.29229 -0.715478 0.026378 0.10769 
0.0675234 -1.56904 2.1665 -0.118696 -0.791908 -0.724274 
0.0453338 -1.43971 1.96059 0.839977 -1.98896 -1.94337 
0.0237542 -1.3141 1.7603 1.76877 -2.90421 -2.88016 
0.00728603 -1.2206 1.60925 2.47196 -3.24838 -3.24092 
-0.00272278 -1.16761 1.52043 2.8918 -2.99186 -2.9947 
-0.00754437 -1.14672 1.48118 3.0862 -2.31912 -2.32713 
-0.00933017 -1.14407 1.47025 3.15185 -1.45835 -1.46848 
-0.00931521 -1.15144 1.47529 3.14429 -0.56963 -0.579966 
-0.0083558 -1.16329 1.48797 3.101 0.248961 0.239474 
-0.00702012 -1.17607 1.50292 3.04587 0.945607 0.937451 
-0.00566202 -1.18774 1.51703 2.99281 1.50077 1.49405 
-0.00448378 -1.19725 1.52868 2.94886 1.91528 1.90985 
-0.00358786 -1.20419 1.53722 2.91677 2.20052 2.19611 
-0.0030175 -1.20849 1.54251 2.89699 2.37074 2.36699 
-0.00278632 -1.2102 1.54462 2.88912 2.43739 2.43392 
-0.00232442 -1.21359 1.54879 2.87368 2.5667 2.56377 
-0.00056635 -1.22597 1.56388 2.8189 3.01329 3.01254 
0.00220994 -1.24358 1.58449 2.75056 3.56297 3.56609 
0.00510212 -1.26008 1.60104 2.7117 3.88725 3.89511 
0.00625386 -1.27072 1.6051 2.73379 3.75376 3.76426 
0.0021265 -1.27623 1.59364 2.81138 3.24652 3.2504 
-0.0112293 -1.28546 1.57402 2.87658 2.96098 2.93946 
-0.0137575 -1.29242 1.56 2.88349 3.08455 3.05771 
0.0411706 -1.27337 1.57216 2.83754 3.11632 3.19721 
0.0426589 -1.29222 1.60041 2.83265 3.07547 3.1594 
-0.1225 -1.41039 1.61566 2.93447 3.36554 3.12443 
-0.229396 -1.49051 1.62 3.00694 3.57516 3.12361 
-0.139602 -1.4488 1.62166 2.9652 3.40881 3.134 
0.152326 -1.28421 1.62375 2.8061 2.84796 3.14776 
0.624125 -1.01062 1.62683 2.54062 1.9348 3.16118 
1.16736 -0.691968 1.63011 2.2266 0.881363 3.16865 
1.69673 -0.378519 1.63292 1.90847 -0.145204 3.16497 
2.1413 -0.111316 1.63452 1.61821 -1.00536 3.14141 
2.36193 0.0279763 1.63331 1.43237 -1.42553 3.09256 
2.36197 0.0371458 1.62672 1.38915 -1.40349 3.05199 
2.23448 -0.0368606 1.61116 1.51005 -1.10634 3.08404 
2.13179 -0.114332 1.58332 1.7999 -0.815212 3.26914 
2.12297 -0.139906 1.56624 2.03681 -0.722975 3.46344 
2.15384 -0.117352 1.59033 1.93853 -0.808951 3.41164 
2.1833 -0.0615532 1.66232 1.43376 -1.01453 3.0345 
2.19858 0.00993948 1.76502 0.656354 -1.27465 2.43124 
2.20546 0.078081 1.8659 -0.128436 -1.52091 1.81546 
2.20849 0.133145 1.94775 -0.77624 -1.71887 1.30458 
2.20991 0.172279 2.0055 -1.23985 -1.85887 0.937879 
2.21065 0.196125 2.0403 -1.52246 -1.94382 0.71392 
2.21096 0.206332 2.05506 -1.64323 -1.98007 0.618116 
2.2112 0.213777 2.06575 -1.73119 -2.00647 0.548299 
2.21243 0.245255 2.11005 -2.10073 -2.11752 0.254561 
2.21614 0.288168 2.16505 -2.58666 -2.26586 -0.133431 
2.22537 0.315573 2.18378 -2.83607 -2.35084 -0.336686 
2.2395 0.312939 2.14428 -2.65934 -2.31481 -0.202101 
2.24956 0.30161 2.0938 -2.33697 -2.22779 0.0584318 
2.24755 0.320595 2.10492 -2.36994 -2.22684 0.0555642 
2.26567 0.355972 2.09499 -2.46829 -2.27212 -0.0173229 
2.36574 0.451302 1.92737 -2.37875 -2.36577 -8.09705e-05 
2.50026 0.63617 1.59997 -2.23614 -2.50026 -1.14346e-07 
2.61094 0.889788 1.11922 -2.00901 -2.61094 1.32568e-08 
2.65671 1.07362 0.755935 -1.82956 -2.65671 -1.84905e-07 
2.67391 1.18027 0.541316 -1.72159 -2.67391 -2.65258e-08 
2.68372 1.28957 0.314381 -1.60395 -2.68372 -6.35202e-08 
2.68932 1.3858 0.116655 -1.50246 -2.68932 -3.41384e-08 
2.69032 1.39901 0.108239 -1.50725 -2.69032 -3.32241e-08 
2.68973 1.38347 0.157741 -1.54122 -2.68973 -4.31682e-08 
2.68946 1.37686 0.177565 -1.55443 -2.68946 -4.71216e-08 
