1.13194 1.5976 -0.119028 -1.47857 -1.13194 3.55271e-15 
0.94769 1.37061 -0.165971 -1.20464 -0.94769 -4.45231e-09 
0.438508 0.741608 -0.294678 -0.446931 -0.438508 -1.33477e-08 
-0.00566052 0.181906 -0.400361 0.218455 0.00566052 8.60642e-10 
-0.0470181 0.109734 -0.398203 0.288468 0.0470181 4.21893e-08 
-0.0304051 0.240713 -0.479365 0.238652 0.0304051 -2.11964e-07 
0.0940732 0.304823 -0.595483 0.29066 -0.0940732 -3.86047e-07 
0.426494 0.426208 -0.626704 0.200496 -0.426494 -2.67588e-07 
0.484475 0.463139 -0.627443 0.164304 -0.484475 -3.53569e-08 
0.364639 0.449932 -0.617732 0.1678 -0.364639 -9.88949e-08 
0.537375 0.580703 -0.693925 0.113222 -0.537375 1.70019e-08 
0.569661 0.781028 -0.953331 0.172303 -0.569661 -5.28055e-08 
0.611571 0.896359 -1.0182 0.121845 -0.611571 -2.29778e-08 
0.754102 1.06834 -1.12951 0.0611682 -0.754102 -9.96229e-08 
0.887297 1.26372 -1.19915 -0.0645744 -0.887297 -6.27747e-08 
1.00167 1.45541 -1.18124 -0.274166 -1.00167 1.77996e-08 
1.13546 1.61553 -0.81513 -0.800396 -1.13546 -1.27255e-07 
1.17914 1.50219 -0.299205 -1.20298 -1.17914 1.59226e-10 
1.16222 1.5113 -0.109754 -1.40154 -1.16222 -8.00146e-08 
1.13194 1.5976 -0.119028 -1.47857 -1.13194 3.55271e-15 
