0 0 0 0 0 0 
7.44191e-05 0.00110255 -0.00211354 0.00101099 -7.44191e-05 -1.10769e-07 
0.000191061 0.000316302 -0.000579664 0.000263361 -0.000191061 -2.84386e-07 
0.000212023 -0.00389036 0.00753223 -0.00364187 -0.000212023 -3.15593e-07 
0.000199517 -0.00461721 0.0089313 -0.0043141 -0.000199517 -2.96979e-07 
0.000190678 -0.0002138 0.000442082 -0.000228281 -0.000190678 -2.83816e-07 
0.000193032 0.00845328 -0.0162639 0.0078106 -0.000193032 -2.87311e-07 
0.000200292 0.0168084 -0.0323678 0.0155594 -0.000200292 -2.98107e-07 
0.000205275 0.0204409 -0.0393687 0.0189279 -0.000205275 -3.05521e-07 
0.000205679 0.0188552 -0.0363122 0.017457 -0.000205679 -3.06124e-07 
0.000200869 0.0121519 -0.023392 0.0112401 -0.000200869 -2.98971e-07 
0.000190532 0.000409497 -0.000759352 0.000349855 -0.000190532 -2.83599e-07 
0.000174735 -0.0161866 0.0312195 -0.0150329 -0.000174735 -2.60104e-07 
0.000154292 -0.0371119 0.0714922 -0.0343803 -0.000154292 -2.29701e-07 
0.000129012 -0.0629062 0.121034 -0.0581276 -0.000129012 -1.92105e-07 
9.9245e-05 -0.0936384 0.179883 -0.0862442 -9.9245e-05 -1.47838e-07 
6.58377e-05 -0.129162 0.247592 -0.11843 -6.58377e-05 -9.8163e-08 
3.26239e-05 -0.166558 0.318351 -0.151793 -3.26239e-05 -4.87861e-08 
4.6204e-06 -0.201864 0.384328 -0.182463 -4.6204e-06 -7.17216e-09 
-1.48328e-05 -0.234669 0.444053 -0.209385 1.48328e-05 2.17011e-08 
-2.09884e-05 -0.265907 0.49784 -0.231933 2.09884e-05 3.07877e-08 
-6.43492e-06 -0.296506 0.544682 -0.248176 6.43492e-06 9.25017e-09 
5.28146e-06 -0.327994 0.591592 -0.263597 -5.28146e-06 -7.54495e-09 
3.14693e-06 -0.363324 0.646447 -0.283123 -3.14693e-06 -4.07255e-09 
-1.37236e-06 -0.404404 0.708983 -0.304579 1.37236e-06 6.68432e-10 
-1.91094e-07 -0.454148 0.779841 -0.325692 1.91094e-07 -6.06053e-10 
9.21156e-08 -0.5117 0.858288 -0.346588 -9.21156e-08 7.63736e-09 
-7.61564e-08 -0.567412 0.930621 -0.363209 7.61564e-08 -6.39956e-08 
1.9318e-09 -0.618498 0.993198 -0.3747 -1.9318e-09 -2.91741e-08 
-3.16059e-08 -0.662824 1.04598 -0.383156 3.16059e-08 -9.866e-09 
-2.79724e-08 -0.701649 1.08887 -0.387223 2.79724e-08 6.01899e-09 
-5.97099e-08 -0.735471 1.1228 -0.387328 5.97099e-08 9.26915e-08 
3.69618e-08 -0.759814 1.15341 -0.393592 -3.69618e-08 -1.50411e-07 
2.82854e-07 -0.778646 1.1878 -0.409157 -2.82854e-07 -7.63833e-07 
4.79625e-07 -0.800144 1.23138 -0.431238 -4.79625e-07 -1.25391e-06 
2.83223e-07 -0.829615 1.2846 -0.454984 -2.83222e-07 -7.64228e-07 
-1.70622e-08 -0.864218 1.34766 -0.483444 1.70621e-08 -1.5253e-08 
2.32792e-07 -0.904841 1.42063 -0.515789 -2.3279e-07 -6.3845e-07 
1.93263e-07 -0.951736 1.50358 -0.551849 -1.93277e-07 -5.39749e-07 
6.35523e-08 -1.00537 1.59652 -0.59115 -6.37019e-08 -2.15331e-07 
4.86619e-07 -1.06253 1.69309 -0.630552 -4.87818e-07 -1.26359e-06 
-4.77828e-08 -1.11553 1.78008 -0.664546 5.02869e-08 4.48164e-08 
-1.58964e-07 -1.16387 1.85708 -0.693205 3.00545e-07 -5.97006e-07 
1.25314e-07 -1.20724 1.92407 -0.716828 -1.75676e-07 -3.75393e-08 
1.09125e-05 -1.24532 1.98106 -0.735745 -1.44008e-05 -4.22176e-06 
-4.95923e-05 -1.27727 2.02805 -0.750756 6.57669e-05 1.67389e-05 
7.8255e-05 -1.30395 2.06501 -0.761087 -0.000103736 -2.68418e-05 
0.00027478 -1.32503 2.0929 -0.767984 -0.000364378 -9.32647e-05 
-0.000783465 -1.33712 2.11672 -0.779301 0.00103914 0.000264339 
-0.00112111 -1.34819 2.1339 -0.785277 0.00148694 0.000378507 
0.000389252 -1.36583 2.14712 -0.781443 -0.000516246 -0.000131639 
0.00316338 -1.39179 2.1599 -0.769336 -0.00419553 -0.00106875 
0.00441298 -1.42515 2.1786 -0.755168 -0.00585283 -0.00149102 
0.00129357 -1.45476 2.20312 -0.748866 -0.00171556 -0.000437582 
-0.00591882 -1.47811 2.2323 -0.751886 0.00785021 0.00199836 
-0.0126752 -1.49358 2.25658 -0.758062 0.0168112 0.00428038 
-0.0163034 -1.50228 2.27142 -0.762788 0.0216232 0.00550586 
-0.0161677 -1.50549 2.27631 -0.76452 0.0214432 0.00546013 
-0.0120139 -1.50397 2.27126 -0.762602 0.015934 0.00405729 
-0.00370465 -1.49811 2.25619 -0.756639 0.0049135 0.00125098 
0.00864652 -1.48841 2.23157 -0.74653 -0.0114678 -0.0029205 
0.0237807 -1.47724 2.20072 -0.732744 -0.0315402 -0.00803192 
0.0387516 -1.46863 2.17064 -0.717115 -0.051396 -0.0130882 
0.0503991 -1.46578 2.14841 -0.702266 -0.066844 -0.0170221 
0.0581204 -1.46887 2.13534 -0.689118 -0.0770848 -0.01963 
0.0619038 -1.47831 2.1317 -0.677511 -0.0821027 -0.0209079 
0.0617799 -1.49475 2.13771 -0.667041 -0.0819384 -0.0208662 
0.0575977 -1.51789 2.15358 -0.65814 -0.0763915 -0.0194538 
0.0492586 -1.54736 2.17939 -0.651224 -0.0653314 -0.0166374 
0.0368875 -1.58307 2.21489 -0.64619 -0.0489237 -0.0124593 
0.0205781 -1.62503 2.25992 -0.64291 -0.0272924 -0.00695109 
0.000259512 -1.67342 2.3147 -0.641374 -0.000344012 -8.88216e-05 
-0.0239927 -1.72814 2.37903 -0.641542 0.0318216 0.00810199 
-0.0511394 -1.78728 2.45029 -0.643077 0.0678262 0.0172704 
-0.0798 -1.84831 2.52494 -0.645542 0.105839 0.0269501 
-0.108427 -1.9083 2.59906 -0.648512 0.143807 0.0366185 
-0.135311 -1.96401 2.6683 -0.65157 0.179463 0.0456982 
-0.159026 -2.01272 2.72905 -0.654356 0.210916 0.0537076 
-0.179364 -2.05419 2.78082 -0.656736 0.23789 0.0605766 
-0.196438 -2.08879 2.82397 -0.658636 0.260535 0.066343 
-0.210323 -2.11681 2.85875 -0.659983 0.278951 0.0710328 
-0.220952 -2.13819 2.88498 -0.660699 0.293048 0.0746226 
-0.228218 -2.15275 2.90239 -0.660707 0.302685 0.0770766 
-0.232015 -2.16034 2.91068 -0.659931 0.307721 0.0783588 
-0.232236 -2.16077 2.90959 -0.658322 0.308013 0.0784329 
-0.228771 -2.15387 2.89888 -0.65586 0.303417 0.0772626 
-0.221511 -2.13945 2.87829 -0.652525 0.293789 0.0748113 
-0.210367 -2.11736 2.84764 -0.6483 0.27901 0.0710492 
-0.19537 -2.08769 2.807 -0.643181 0.259122 0.0659859 
-0.176598 -2.0506 2.75659 -0.63717 0.234224 0.0596461 
-0.154126 -2.00626 2.69659 -0.63027 0.204418 0.0520545 
-0.128025 -1.95483 2.62719 -0.62248 0.169795 0.043234 
-0.0983086 -1.89634 2.54843 -0.613792 0.130376 0.0331913 
-0.0649602 -1.83077 2.46026 -0.60419 0.0861428 0.0219251 
-0.0279641 -1.75811 2.36265 -0.59366 0.0370788 0.00943413 
0.0126949 -1.67832 2.25556 -0.582188 -0.0168324 -0.00428253 
0.0569609 -1.59151 2.13913 -0.569751 -0.0754902 -0.0191787 
0.104635 -1.49805 2.01384 -0.556305 -0.138559 -0.0351134 
0.155501 -1.39834 1.88023 -0.541807 -0.205676 -0.0519338 
0.209341 -1.29279 1.73883 -0.526213 -0.276476 -0.0694875 
0.265947 -1.18177 1.59015 -0.509476 -0.350602 -0.0876227 
0.325288 -1.06532 1.43423 -0.491458 -0.427906 -0.106215 
0.38755 -0.943036 1.27053 -0.471918 -0.508482 -0.125171 
0.452931 -0.81449 1.09849 -0.450607 -0.59244 -0.144399 
0.521628 -0.679257 0.917532 -0.427275 -0.67989 -0.16381 
0.593744 -0.5371 0.727338 -0.401703 -0.770818 -0.183281 
0.668562 -0.389383 0.529734 -0.373919 -0.864144 -0.202438 
0.744951 -0.238288 0.327637 -0.344073 -0.958248 -0.220774 
0.821774 -0.0860012 0.123974 -0.312321 -1.0515 -0.237783 
0.897905 0.065304 -0.0783517 -0.278817 -1.1423 -0.252964 
0.972443 0.213881 -0.277004 -0.24376 -1.22942 -0.265981 
1.04473 0.358438 -0.470259 -0.207397 -1.31204 -0.276672 
1.11414 0.497706 -0.656422 -0.169976 -1.38937 -0.284884 
1.18 0.630415 -0.8338 -0.131746 -1.46063 -0.290463 
1.24184 0.755585 -1.00108 -0.0928991 -1.5252 -0.293294 
1.29959 0.873114 -1.15814 -0.0534597 -1.58302 -0.293367 
1.3533 0.983074 -1.30506 -0.013418 -1.63415 -0.290698 
1.403 1.08553 -1.44194 0.027235 -1.67863 -0.285299 
1.44872 1.18056 -1.56888 0.0685087 -1.71651 -0.277184 
1.49049 1.26821 -1.68595 0.110395 -1.74784 -0.266378 
1.52833 1.34851 -1.79318 0.152848 -1.77269 -0.252928 
1.56225 1.42147 -1.89059 0.195814 -1.79112 -0.236885 
1.59228 1.48711 -1.97822 0.239242 -1.80318 -0.2183 
1.61841 1.54546 -2.05609 0.283078 -1.80896 -0.197223 
1.64067 1.59652 -2.12421 0.327285 -1.80849 -0.173694 
1.65905 1.64029 -2.18259 0.371971 -1.80167 -0.147617 
1.67351 1.67677 -2.23121 0.41733 -1.78831 -0.118826 
1.68403 1.70593 -2.27005 0.463554 -1.76822 -0.0871481 
1.69058 1.72778 -2.2991 0.510838 -1.74122 -0.052415 
1.69314 1.74229 -2.31835 0.559374 -1.70711 -0.0144562 
1.69168 1.74946 -2.32777 0.60935 -1.6657 0.0268945 
1.68617 1.74926 -2.32733 0.660875 -1.61683 0.071769 
1.6766 1.74164 -2.31697 0.714018 -1.56037 0.12028 
1.66294 1.72658 -2.29665 0.768849 -1.49617 0.17254 
1.64516 1.70403 -2.2663 0.825435 -1.42409 0.228663 
1.62325 1.67396 -2.22588 0.883846 -1.34399 0.288759 
1.59719 1.63635 -2.17536 0.944131 -1.25575 0.352926 
1.56703 1.59127 -2.11483 1.00624 -1.15942 0.421153 
1.53285 1.53883 -2.04444 1.07007 -1.0551 0.493394 
1.49471 1.47915 -1.96433 1.13554 -0.942895 0.569604 
1.4527 1.41233 -1.87464 1.20256 -0.8229 0.649737 
1.40689 1.33847 -1.7755 1.27103 -0.695213 0.733751 
1.35726 1.25757 -1.66691 1.34096 -0.559708 0.821754 
1.30378 1.1695 -1.54867 1.41244 -0.416048 0.913995 
1.24635 1.07413 -1.4206 1.48556 -0.263886 1.01073 
1.18492 0.971323 -1.28253 1.56042 -0.102872 1.11222 
1.11945 0.860991 -1.13431 1.63709 0.0672873 1.21869 
1.05023 0.743599 -0.976571 1.7153 0.246146 1.32993 
0.977774 0.620021 -0.810457 1.79452 0.432714 1.44543 
0.902635 0.491139 -0.637143 1.87422 0.625989 1.56465 
0.825349 0.357842 -0.457804 1.95388 0.824962 1.68706 
0.746704 0.221475 -0.274238 2.03282 1.02801 1.81177 
0.667942 0.0842212 -0.0893692 2.11008 1.23237 1.93724 
0.590353 -0.0516478 0.0937541 2.1847 1.43516 2.06185 
0.515226 -0.183861 0.272086 2.2557 1.63352 2.18397 
0.443533 -0.310692 0.443316 2.32238 1.82533 2.30246 
0.375413 -0.431869 0.607076 2.38486 2.01045 2.4173 
0.310863 -0.547354 0.763321 2.44333 2.1891 2.52872 
0.249882 -0.657111 0.912004 2.49803 2.36149 2.63692 
0.192482 -0.761088 1.05306 2.54915 2.52782 2.74211 
0.138782 -0.859083 1.18623 2.59676 2.68825 2.84452 
0.088965 -0.950814 1.31117 2.64083 2.84293 2.9444 
0.0432134 -1.036 1.42751 2.68136 2.99199 3.042 
0.00170979 -1.11435 1.5349 2.71832 3.13559 3.13758 
-0.0354047 -1.18562 1.63301 2.75168 3.27362 3.23115 
-0.0680961 -1.2497 1.72165 2.78143 3.40543 3.32218 
-0.0963474 -1.30645 1.80062 2.80753 3.53024 3.41003 
-0.120142 -1.35579 1.86972 2.82994 3.6473 3.49408 
-0.139485 -1.39762 1.92881 2.84867 3.75589 3.57371 
-0.154572 -1.4322 1.97818 2.86385 3.85557 3.64844 
-0.165687 -1.45991 2.01828 2.87569 3.94606 3.71787 
-0.173116 -1.48115 2.04959 2.8844 4.02708 3.78157 
-0.177144 -1.4963 2.0726 2.89019 4.09837 3.83915 
-0.178072 -1.50581 2.08781 2.8933 4.15975 3.89028 
-0.176216 -1.51012 2.09581 2.89396 4.21117 3.93474 
-0.171889 -1.50971 2.09717 2.89241 4.25259 3.97227 
-0.165409 -1.50502 2.09248 2.88892 4.28397 4.00266 
-0.157082 -1.49653 2.08229 2.8837 4.30526 4.02568 
-0.147202 -1.48466 2.06715 2.877 4.31647 4.04117 
-0.136061 -1.46985 2.04761 2.86903 4.31763 4.04896 
-0.12395 -1.45253 2.02421 2.86003 4.30873 4.04887 
-0.111158 -1.43314 1.99749 2.85022 4.2898 4.04074 
-0.0979562 -1.41207 1.96796 2.83981 4.26083 4.02441 
-0.0846098 -1.38973 1.93612 2.82901 4.22182 3.99972 
-0.0713844 -1.3665 1.90245 2.81803 4.17278 3.9665 
-0.0585448 -1.34279 1.86744 2.80706 4.11371 3.9246 
-0.0463438 -1.31895 1.83158 2.79631 4.04461 3.87386 
-0.0350204 -1.29536 1.79529 2.78597 3.96546 3.81412 
-0.0248124 -1.27236 1.75903 2.77621 3.87624 3.74521 
-0.0159581 -1.25031 1.72322 2.76723 3.77694 3.66699 
-0.00869469 -1.22956 1.68833 2.75921 3.66757 3.57929 
-0.00325622 -1.21045 1.65478 2.75232 3.54815 3.48203 
0.000124311 -1.19335 1.62301 2.74676 3.41875 3.3751 
0.0012139 -1.17858 1.59347 2.74271 3.27942 3.25842 
-0.000215536 -1.16651 1.56658 2.74033 3.13023 3.13189 
-0.00419779 -1.15724 1.54254 2.73969 2.9714 2.99564 
-0.010513 -1.1506 1.52122 2.74064 2.80339 2.85004 
-0.0189241 -1.1464 1.50249 2.74304 2.62669 2.69547 
-0.0291942 -1.14443 1.48619 2.74675 2.44177 2.53233 
-0.0410923 -1.14451 1.4722 2.75164 2.24901 2.36092 
-0.0544348 -1.14649 1.46042 2.75759 2.04819 2.18094 
-0.0690613 -1.15028 1.45078 2.76452 1.83875 1.99174 
-0.0848116 -1.15574 1.44321 2.77233 1.62014 1.79271 
-0.101525 -1.16277 1.43766 2.78094 1.39183 1.58323 
-0.118942 -1.17121 1.43406 2.7902 1.15413 1.36345 
-0.136617 -1.18079 1.43235 2.79987 0.909025 1.13502 
-0.154086 -1.19123 1.4325 2.8097 0.65869 0.899756 
-0.170882 -1.20226 1.43446 2.81943 0.405288 0.659468 
-0.186559 -1.2136 1.43813 2.82882 0.151062 0.416096 
-0.200747 -1.22493 1.4433 2.83763 -0.101491 0.171997 
-0.213085 -1.23592 1.4497 2.84564 -0.349825 -0.070386 
-0.223218 -1.24624 1.4571 2.85261 -0.591389 -0.308608 
-0.230815 -1.2556 1.46524 2.85835 -0.823936 -0.540512 
-0.235719 -1.26382 1.47396 2.86275 -1.04696 -0.7656 
-0.237834 -1.27079 1.48313 2.86574 -1.2606 -0.983976 
-0.237065 -1.27639 1.49263 2.86726 -1.46497 -1.19574 
-0.233316 -1.28052 1.50232 2.86723 -1.66021 -1.40101 
-0.226537 -1.28308 1.51208 2.86562 -1.84628 -1.59968 
-0.216755 -1.28404 1.52181 2.86242 -2.02288 -1.79137 
-0.204004 -1.28336 1.53143 2.85765 -2.18968 -1.97564 
-0.188317 -1.28102 1.54083 2.8513 -2.34635 -2.15207 
-0.169726 -1.27698 1.54993 2.84338 -2.49257 -2.32024 
-0.148173 -1.27118 1.55866 2.83384 -2.62831 -2.4801 
-0.123445 -1.2635 1.567 2.82259 -2.754 -2.63227 
-0.0953164 -1.25382 1.57494 2.80949 -2.87015 -2.7774 
-0.0635592 -1.24202 1.58246 2.79444 -2.97724 -2.91615 
-0.0279468 -1.22798 1.58955 2.77731 -3.07576 -3.0492 
0.011737 -1.21159 1.5962 2.75799 -3.16615 -3.17713 
0.0556363 -1.19277 1.60241 2.73642 -3.24839 -3.30008 
0.103865 -1.17147 1.60817 2.71253 -3.32228 -3.41799 
0.156537 -1.14764 1.61349 2.68626 -3.38763 -3.5308 
0.213766 -1.12122 1.61838 2.65757 -3.44425 -3.63844 
0.275654 -1.09215 1.62283 2.62639 -3.49194 -3.74084 
0.341992 -1.06056 1.62683 2.59284 -3.53046 -3.83765 
0.412253 -1.02671 1.6304 2.5572 -3.55954 -3.92822 
0.485891 -0.99087 1.6335 2.51974 -3.57891 -4.01186 
0.562361 -0.953331 1.63615 2.48075 -3.58829 -4.08792 
0.641127 -0.914364 1.63833 2.44051 -3.58744 -4.15575 
0.721734 -0.874211 1.64006 2.39926 -3.57628 -4.21499 
0.803797 -0.833089 1.64135 2.3572 -3.55491 -4.26549 
0.886932 -0.791213 1.64223 2.31455 -3.52341 -4.30712 
0.970754 -0.748797 1.64272 2.2715 -3.48188 -4.33973 
1.05485 -0.706075 1.64285 2.22828 -3.43043 -4.3632 
1.13862 -0.663369 1.64265 2.1852 -3.36927 -4.37731 
1.22142 -0.62103 1.64213 2.14261 -3.29866 -4.38189 
1.30261 -0.579407 1.64133 2.10084 -3.21883 -4.37671 
1.38154 -0.538853 1.64028 2.06024 -3.13004 -4.36159 
1.45762 -0.499697 1.639 2.02113 -3.03258 -4.33642 
1.53029 -0.462242 1.63752 1.9838 -2.92684 -4.30119 
1.59901 -0.426789 1.63589 1.94853 -2.81319 -4.25593 
1.66324 -0.39364 1.63413 1.91561 -2.69203 -4.20066 
1.72246 -0.363092 1.63228 1.88534 -2.56371 -4.13539 
1.77616 -0.33542 1.63037 1.85797 -2.42856 -4.06011 
1.82387 -0.310892 1.62844 1.83375 -2.28685 -3.97479 
1.86511 -0.289778 1.62651 1.81295 -2.13887 -3.8794 
1.89939 -0.272344 1.62462 1.79582 -1.98491 -3.7739 
1.92623 -0.25887 1.62279 1.78263 -1.8253 -3.65832 
1.9451 -0.249647 1.62108 1.77365 -1.66046 -3.53273 
1.95546 -0.244967 1.61949 1.76917 -1.49082 -3.39721 
1.95681 -0.245125 1.61809 1.76946 -1.31679 -3.25183 
1.94871 -0.250358 1.61688 1.77476 -1.13877 -3.09669 
1.93134 -0.260576 1.61589 1.78497 -0.956982 -2.93196 
1.9051 -0.27556 1.61509 1.79987 -0.771593 -2.75783 
1.8704 -0.295094 1.61449 1.81925 -0.582762 -2.57451 
1.82764 -0.318959 1.61407 1.84289 -0.390654 -2.38218 
1.77723 -0.346942 1.61383 1.87058 -0.195546 -2.1811 
1.71954 -0.378835 1.61377 1.90211 0.00210606 -1.97156 
1.65496 -0.414429 1.61388 1.93728 0.20183 -1.75386 
1.58387 -0.453517 1.61414 1.97588 0.403154 -1.5283 
1.50676 -0.495827 1.61456 2.01764 0.605401 -1.29546 
1.4247 -0.540783 1.61513 2.06199 0.8069 -1.05722 
1.33892 -0.587714 1.61581 2.10826 1.00568 -0.815844 
1.25065 -0.635952 1.61661 2.1558 1.19977 -0.573596 
1.16109 -0.684838 1.61751 2.20396 1.38727 -0.332681 
1.07122 -0.733847 1.61848 2.25222 1.56708 -0.0945998 
0.981867 -0.782529 1.61952 2.30013 1.73856 0.139573 
0.89386 -0.83044 1.6206 2.34726 1.90108 0.368769 
0.808025 -0.877132 1.6217 2.39316 2.05402 0.591922 
0.725016 -0.922253 1.62283 2.43749 2.19698 0.80826 
0.645173 -0.96562 1.62396 2.48007 2.32991 1.01755 
0.568802 -1.00707 1.62509 2.52074 2.45286 1.21962 
0.496207 -1.04644 1.62621 2.55933 2.56582 1.41431 
0.427692 -1.08357 1.62731 2.59569 2.66882 1.60143 
0.363512 -1.11831 1.62839 2.62968 2.76187 1.78084 
0.303868 -1.15057 1.62944 2.6612 2.84494 1.95245 
0.248959 -1.18023 1.63045 2.69014 2.91804 2.11614 
0.198984 -1.2072 1.63143 2.71639 2.98114 2.2718 
0.154142 -1.23135 1.63236 2.73985 3.03425 2.41933 
0.114608 -1.25261 1.63324 2.76043 3.07734 2.55862 
0.0805195 -1.27088 1.63407 2.77806 3.11047 2.68951 
0.0520086 -1.28611 1.63485 2.79266 3.13364 2.81187 
0.0292078 -1.29823 1.63556 2.80417 3.14688 2.92557 
0.0122496 -1.30716 1.63621 2.81251 3.15023 3.03047 
0.00124384 -1.31284 1.63679 2.81764 3.14373 3.12646 
-0.00391003 -1.31533 1.63731 2.8196 3.12758 3.2139 
-0.003426 -1.31475 1.63776 2.81851 3.10208 3.29334 
0.00248087 -1.3112 1.63816 2.81448 3.06753 3.36537 
0.0135955 -1.30482 1.63851 2.80762 3.02422 3.43055 
0.0297027 -1.29571 1.63882 2.79806 2.97244 3.48945 
0.0506281 -1.28397 1.63909 2.78587 2.91242 3.5426 
0.0764544 -1.26955 1.63932 2.77101 2.84395 3.59014 
0.107365 -1.25236 1.63952 2.75338 2.76665 3.63208 
0.143542 -1.23228 1.63969 2.73288 2.68014 3.66843 
0.185169 -1.20923 1.63983 2.70941 2.58403 3.6992 
0.232429 -1.18311 1.63995 2.68285 2.47795 3.72439 
0.285455 -1.15382 1.64006 2.65314 2.36165 3.74394 
0.344294 -1.12137 1.64015 2.62026 2.23509 3.75768 
0.408981 -1.08572 1.64023 2.58418 2.09828 3.76542 
0.479553 -1.04686 1.64031 2.54488 1.95123 3.76696 
0.556035 -1.00478 1.6404 2.50235 1.79396 3.76211 
0.638165 -0.959616 1.6405 2.45674 1.62702 3.7509 
0.725325 -0.911716 1.64063 2.40838 1.45167 3.73356 
0.816876 -0.861431 1.64079 2.35763 1.26916 3.71036 
0.912181 -0.809113 1.64101 2.30484 1.08078 3.68156 
1.01035 -0.755247 1.6413 2.25048 0.888227 3.64763 
1.10986 -0.700676 1.64166 2.19541 0.694383 3.60965 
1.20906 -0.646296 1.6421 2.14053 0.502297 3.56874 
1.30632 -0.593005 1.64262 2.08673 0.315024 3.52606 
1.40031 -0.541531 1.64324 2.03474 0.135015 3.48261 
1.49075 -0.492023 1.64395 1.98472 -0.0373106 3.43893 
1.57759 -0.444512 1.64477 1.93668 -0.201963 3.39542 
1.66077 -0.399025 1.64569 1.89065 -0.358952 3.35252 
1.74023 -0.355599 1.64673 1.84667 -0.508257 3.31064 
1.81575 -0.314349 1.6479 1.80484 -0.649552 3.27022 
1.88705 -0.275433 1.6492 1.76533 -0.782333 3.23165 
1.95383 -0.239013 1.65067 1.72827 -0.906092 3.19535 
2.01582 -0.205247 1.65231 1.69384 -1.02032 3.16174 
2.0728 -0.174245 1.65413 1.66214 -1.12468 3.1311 
2.12479 -0.145997 1.65613 1.63315 -1.2192 3.1035 
2.17184 -0.120479 1.6583 1.60686 -1.30397 3.07892 
2.21397 -0.0976621 1.66064 1.58323 -1.37909 3.05737 
2.25124 -0.0775243 1.66312 1.56224 -1.44463 3.03886 
2.28363 -0.0600625 1.66574 1.54389 -1.50057 3.02338 
2.31112 -0.0452832 1.66847 1.5282 -1.54686 3.0109 
2.33368 -0.0331933 1.67131 1.51516 -1.58344 3.00142 
2.35128 -0.0238015 1.67421 1.5048 -1.61024 2.99491 
2.36385 -0.0171355 1.67713 1.49714 -1.62719 2.99136 
2.37129 -0.0132315 1.67999 1.49224 -1.63417 2.99073 
2.3735 -0.0121258 1.68273 1.49016 -1.63108 2.99301 
2.37047 -0.0138147 1.68527 1.4909 -1.61794 2.99813 
2.36231 -0.0182096 1.68753 1.49438 -1.59502 3.00593 
2.34917 -0.0252107 1.68945 1.50053 -1.56261 3.01625 
2.33113 -0.0347398 1.69091 1.50926 -1.52092 3.02893 
2.30804 -0.0468172 1.69172 1.52064 -1.46978 3.04382 
2.2797 -0.0614903 1.69164 1.53476 -1.40888 3.06079 
2.24635 -0.078556 1.69039 1.55145 -1.33889 3.07939 
2.20947 -0.0971179 1.68759 1.5699 -1.2631 3.0983 
2.17086 -0.116128 1.68288 1.58914 -1.18538 3.11606 
2.13298 -0.13422 1.67606 1.60787 -1.11079 3.13101 
2.0986 -0.14988 1.66705 1.62459 -1.04495 3.14141 
2.06895 -0.162445 1.65589 1.63864 -0.990165 3.14659 
2.04353 -0.172205 1.64275 1.65026 -0.945125 3.14708 
2.02206 -0.179363 1.62793 1.65958 -0.908829 3.14338 
2.00494 -0.183813 1.61201 1.66637 -0.88148 3.13595 
1.9928 -0.1854 1.59581 1.67033 -0.863497 3.12537 
1.9866 -0.183946 1.58079 1.67101 -0.855459 3.11275 
1.9873 -0.179361 1.56884 1.66797 -0.857677 3.09968 
1.99582 -0.171781 1.56252 1.66086 -0.869762 3.08858 
2.01212 -0.161808 1.56414 1.64989 -0.889952 3.08207 
2.03521 -0.150448 1.57543 1.63576 -0.915275 3.08266 
2.0638 -0.13852 1.59676 1.61922 -0.943035 3.0915 
2.09666 -0.126678 1.62802 1.60096 -0.970969 3.10919 
2.13297 -0.115337 1.66909 1.58139 -0.997587 3.13606 
2.17197 -0.104706 1.71917 1.56089 -1.02203 3.17164 
2.21287 -0.0947061 1.7762 1.53973 -1.04433 3.21407 
2.25436 -0.0853454 1.83734 1.51846 -1.06433 3.26086 
2.29427 -0.076844 1.89844 1.49807 -1.08142 3.30852 
2.33045 -0.0694232 1.95543 1.47955 -1.09505 3.35364 
2.36108 -0.0632554 2.00474 1.46375 -1.10496 3.39315 
2.38476 -0.0584483 2.04352 1.45133 -1.11106 3.42458 
2.40168 -0.0548744 2.07167 1.44216 -1.11371 3.44773 
2.4124 -0.0523481 2.08977 1.43595 -1.11336 3.46296 
2.41725 -0.0507457 2.09814 1.43251 -1.11033 3.47042 
2.41627 -0.0500221 2.09668 1.4318 -1.1047 3.47001 
2.40947 -0.0501375 2.0853 1.4338 -1.09655 3.4616 
2.39689 -0.0510571 2.06395 1.4385 -1.08596 3.44513 
2.37859 -0.0527528 2.03265 1.44584 -1.07303 3.42059 
2.35464 -0.0551967 1.99146 1.45579 -1.05784 3.38799 
2.32509 -0.0583637 1.94038 1.46833 -1.04047 3.34733 
2.28997 -0.0622364 1.87942 1.48344 -1.02098 3.29857 
2.24931 -0.0667983 1.80856 1.5011 -0.999402 3.2417 
2.20312 -0.0720325 1.72779 1.5213 -0.975779 3.1767 
2.15157 -0.0779145 1.63738 1.54396 -0.950182 3.10376 
2.09492 -0.0844122 1.53781 1.56896 -0.922701 3.0233 
2.03346 -0.0914931 1.42959 1.59617 -0.893431 2.93573 
1.96743 -0.0991274 1.31317 1.62546 -0.862453 2.84141 
1.89683 -0.107321 1.18852 1.65686 -0.829736 2.74034 
1.82141 -0.116105 1.05525 1.69046 -0.795158 2.6322 
1.74094 -0.125513 0.912959 1.72636 -0.758599 2.51664 
1.65522 -0.135573 0.761274 1.76467 -0.719944 2.39339 
1.56424 -0.146296 0.600192 1.80539 -0.679188 2.26244 
1.46812 -0.157677 0.429935 1.84847 -0.636388 2.12395 
1.36698 -0.16971 0.250729 1.89386 -0.591603 1.97812 
1.26128 -0.182353 0.0633888 1.94136 -0.545032 1.82559 
1.15266 -0.195421 -0.129187 1.99024 -0.497377 1.66873 
1.043 -0.2087 -0.323637 2.03966 -0.44945 1.51028 
0.934159 -0.221976 -0.516649 2.08879 -0.402051 1.35294 
0.827703 -0.235066 -0.705444 2.13691 -0.355835 1.19896 
0.724999 -0.247801 -0.887584 2.18341 -0.311367 1.05035 
0.627408 -0.260015 -1.06064 2.22768 -0.269211 0.909087 
0.535723 -0.27161 -1.22321 2.26934 -0.229685 0.776334 
0.449566 -0.282638 -1.37594 2.30857 -0.192611 0.65155 
0.368415 -0.293164 -1.51975 2.34561 -0.157749 0.533987 
0.291762 -0.303254 -1.65555 2.38068 -0.124865 0.422916 
0.219513 -0.312926 -1.78349 2.41383 -0.0939054 0.31821 
0.152061 -0.32214 -1.90286 2.44489 -0.0650282 0.220441 
0.0898247 -0.330856 -2.01292 2.47367 -0.0384028 0.130223 
0.0332089 -0.339032 -2.11293 2.49998 -0.014193 0.0481469 
-0.0176734 -0.346663 -2.20269 2.5238 0.00755906 -0.0256205 
-0.0629846 -0.353778 -2.28248 2.54518 0.0269255 -0.0913131 
-0.102898 -0.360405 -2.35261 2.56422 0.0439832 -0.149181 
-0.137575 -0.366573 -2.41335 2.58098 0.0588039 -0.199457 
-0.167048 -0.372298 -2.46475 2.59548 0.0714015 -0.242187 
-0.191264 -0.37759 -2.50671 2.60772 0.0817527 -0.277294 
-0.210167 -0.382459 -2.53912 2.61766 0.0898332 -0.304699 
-0.223691 -0.386902 -2.56184 2.62527 0.0956142 -0.324307 
-0.231738 -0.390889 -2.57472 2.6305 0.0990537 -0.335973 
-0.234204 -0.394382 -2.57756 2.63327 0.100107 -0.339548 
-0.231039 -0.397356 -2.57029 2.63354 0.0987546 -0.33496 
-0.222418 -0.39984 -2.5532 2.6314 0.0950696 -0.32246 
-0.208569 -0.401874 -2.52667 2.62694 0.0891503 -0.302383 
-0.189585 -0.403494 -2.49085 2.62018 0.0810356 -0.274859 
-0.16519 -0.404718 -2.44518 2.61102 0.0706082 -0.239492 
-0.135181 -0.405566 -2.38925 2.59933 0.0577816 -0.195986 
-0.100941 -0.406093 -2.32554 2.58566 0.0431458 -0.146343 
-0.0649464 -0.406386 -2.2585 2.57097 0.0277605 -0.0941591 
-0.0304774 -0.406599 -2.19409 2.55661 0.0130272 -0.0441862 
-0.00127127 -0.406942 -2.13909 2.54419 0.000543386 -0.00184315 
0.0217126 -0.40754 -2.09518 2.53412 -0.00928078 0.0314788 
0.0395672 -0.408457 -2.06026 2.52593 -0.0169125 0.0573643 
0.0526148 -0.409756 -2.03363 2.51947 -0.0224895 0.0762807 
0.0604943 -0.411496 -2.01584 2.51481 -0.0258575 0.0877045 
0.0627085 -0.413714 -2.00775 2.51215 -0.026804 0.0909146 
0.0588988 -0.416437 -2.00999 2.5116 -0.0251756 0.0853913 
0.0492445 -0.419696 -2.02216 2.51307 -0.0210489 0.0713945 
0.0339575 -0.423612 -2.04365 2.51637 -0.0145147 0.0492315 
0.0152655 -0.428076 -2.0705 2.52065 -0.00652503 0.0221319 
-0.000923697 -0.432428 -2.09287 2.52396 0.000394827 -0.00133916 
-0.0110799 -0.436394 -2.10467 2.52505 0.00473598 -0.0160636 
-0.0161657 -0.440466 -2.10682 2.52391 0.00690981 -0.0234369 
-0.0161721 -0.444776 -2.09905 2.52044 0.00691255 -0.0234463 
-0.0113675 -0.44943 -2.08166 2.51465 0.00485888 -0.0164806 
-0.00290642 -0.45508 -2.05562 2.5065 0.0012423 -0.00421383 
0.00370249 -0.462451 -2.02988 2.49768 -0.0015826 0.00536769 
0.00356653 -0.472384 -2.01199 2.48953 -0.00152449 0.00517055 
-0.000766306 -0.486298 -1.99456 2.47975 0.00032753 -0.00111117 
-0.000765686 -0.500182 -1.96895 2.46803 0.000327273 -0.0011102 
0.000323391 -0.517716 -1.93441 2.45259 -0.000138237 0.000468765 
-8.3298e-05 -0.541618 -1.89055 2.43205 3.55957e-05 -0.000120869 
2.32259e-05 -0.569991 -1.83697 2.40699 -9.92874e-06 3.36374e-05 
-4.30763e-06 -0.603473 -1.7735 2.37696 1.83198e-06 -6.3548e-06 
-1.83627e-07 -0.641863 -1.70002 2.34189 8.26555e-08 -2.51989e-07 
7.94161e-08 -0.685102 -1.61656 2.30166 -2.9823e-08 1.3068e-07 
1.17972e-08 -0.733107 -1.52312 2.25623 -7.00072e-09 -2.60438e-08 
1.19677e-08 -0.785793 -1.41973 2.20552 -1.18368e-08 -7.49525e-08 
3.18644e-08 -0.83774 -1.31703 2.15477 -3.19183e-08 -1.68938e-07 
-5.15561e-09 -0.884354 -1.22431 2.10867 5.15203e-09 1.07331e-10 
7.77423e-09 -0.925778 -1.14151 2.06728 -7.77252e-09 -6.02601e-08 
-6.69388e-09 -0.962108 -1.06858 2.03069 6.69344e-09 8.83782e-09 
-4.61203e-09 -0.993601 -1.00516 1.99876 4.61206e-09 -5.81066e-10 
-4.495e-09 -1.02048 -0.950903 1.97138 4.49507e-09 -7.02166e-10 
-4.51929e-09 -1.04284 -0.905576 1.94842 4.51927e-09 -6.08925e-10 
-4.11175e-09 -1.06114 -0.868425 1.92956 4.11172e-09 -2.63202e-09 
-4.17404e-09 -1.07506 -0.84019 1.91525 4.17403e-09 -2.05966e-09 
-5.69634e-09 -1.08586 -0.818427 1.90429 5.69635e-09 6.43856e-09 
-6.79946e-09 -1.09771 -0.794428 1.89214 6.79947e-09 1.25824e-08 
-6.12546e-09 -1.11279 -0.763617 1.8764 6.12546e-09 9.03962e-09 
-4.36715e-09 -1.13168 -0.724915 1.85659 4.36715e-09 -3.83989e-10 
-1.74943e-09 -1.15435 -0.678417 1.83276 1.74942e-09 -1.4459e-08 
1.48812e-09 -1.18005 -0.625662 1.80571 -1.48812e-09 -3.18858e-08 
4.81409e-09 -1.20528 -0.573872 1.77915 -4.81409e-09 -4.97982e-08 
7.63457e-09 -1.2261 -0.531121 1.75722 -7.63457e-09 -6.4993e-08 
9.84997e-09 -1.24218 -0.498107 1.74029 -9.84998e-09 -7.69303e-08 
1.14149e-08 -1.2534 -0.475061 1.72846 -1.14149e-08 -8.53637e-08 
1.23497e-08 -1.26005 -0.461406 1.72145 -1.23497e-08 -9.04017e-08 
1.27636e-08 -1.26298 -0.455383 1.71836 -1.27636e-08 -9.26324e-08 
1.28578e-08 -1.26364 -0.454029 1.71767 -1.28578e-08 -9.31402e-08 
1.28424e-08 -1.26353 -0.454262 1.71779 -1.28424e-08 -9.30577e-08 
1.28424e-08 -1.26353 -0.454262 1.71779 -1.28424e-08 -9.30577e-08 
