-0.00612221 -0.0992678 0.190382 -0.0911147 0.00612221 9.11255e-06 
-0.00931928 -0.492468 0.947799 -0.45533 0.00931928 1.38708e-05 
-0.0114153 -0.430081 0.827213 -0.397132 0.0114153 1.69907e-05 
-0.00286219 0.546903 -1.05464 0.507736 0.00286219 4.26088e-06 
0.000525695 0.512307 -0.987421 0.475114 -0.000525695 -7.81889e-07 
0.00135142 0.505881 -0.974904 0.469023 -0.00135142 -2.01095e-06 
0.000478377 -0.0341554 0.0659117 -0.0317563 -0.000478377 -7.12084e-07 
-0.000333375 -0.557636 1.07483 -0.51719 0.000333375 4.95577e-07 
-0.000460602 -0.512979 0.988727 -0.475747 0.000460602 6.85e-07 
-0.000522006 -0.510339 0.983626 -0.473288 0.000522006 7.76401e-07 
-0.000550407 -0.500421 0.964503 -0.464082 0.000550407 8.18687e-07 
-0.000561646 -0.49379 0.951414 -0.457623 0.000561646 8.35419e-07 
-0.000439896 -0.408858 0.783316 -0.374458 0.000439896 6.54237e-07 
-0.000490202 -0.492798 0.93849 -0.445693 0.000490202 7.28931e-07 
-0.000446026 -0.48946 0.922821 -0.433361 0.000446026 6.63055e-07 
-0.000378058 -0.491969 0.91094 -0.418971 0.000378058 5.61663e-07 
2.02917e-05 -0.185699 0.302115 -0.116416 -2.02917e-05 -3.11683e-08 
0.000527969 0.236664 -0.5265 0.289836 -0.000527969 -7.86512e-07 
0.000832563 0.236754 -0.595659 0.358905 -0.000832563 -1.24094e-06 
0.00128305 0.181632 -0.621022 0.43939 -0.00128305 -1.90992e-06 
0.00231524 0.048954 -0.709913 0.660959 -0.00231524 -3.43174e-06 
-0.000616952 0.031152 -0.160921 0.12977 0.000616952 9.90326e-07 
-0.0012777 -0.356596 0.738783 -0.382187 0.0012777 1.86786e-06 
-0.000307708 -0.561144 0.780213 -0.21907 0.000307708 2.50827e-07 
0.000730935 -0.94395 0.905709 0.0382399 -0.000730935 -1.17578e-06 
-0.000395542 -0.851225 0.94835 -0.0971186 0.000395542 4.51285e-06 
3.10497e-05 0.396017 -0.918696 0.522681 -3.10497e-05 -1.32074e-05 
9.16904e-06 0.438866 -0.967702 0.528831 -9.16904e-06 1.56821e-05 
-8.85142e-06 0.6983 -0.975203 0.276899 8.85142e-06 -4.28246e-06 
4.27905e-06 0.538739 -0.984842 0.446106 -4.27905e-06 -1.44546e-07 
-8.96895e-06 0.313033 -0.948792 0.635766 8.96895e-06 1.8466e-05 
1.41961e-05 0.96884 -0.276432 -0.692409 -1.41961e-05 -3.61657e-05 
1.52963e-05 0.595169 0.305229 -0.900402 -1.52963e-05 -3.78728e-05 
-1.36655e-06 -0.212539 0.943944 -0.731407 1.36654e-06 3.51486e-06 
-4.30578e-05 -0.931228 1.00345 -0.0722231 4.30578e-05 0.000107266 
-3.26581e-05 -0.368956 1.0021 -0.633131 3.26582e-05 8.15263e-05 
0.000160174 -0.672295 0.981382 -0.309096 -0.000160175 -0.000399525 
-0.000153549 -0.599629 0.990349 -0.390719 0.000153548 0.000382987 
-0.000139594 -0.670769 0.994538 -0.323757 0.000139637 0.000347887 
0.000274995 -0.730383 0.994827 -0.264437 -0.000274726 -0.000687656 
-0.000175046 0.438235 -0.994549 0.556262 0.000175369 0.000434463 
0.00055403 0.462287 -0.99493 0.532471 -0.000606359 -0.001036 
0.000834423 0.489778 -0.995567 0.505449 -0.00112794 -0.000141387 
-0.00519217 0.558352 -0.995829 0.439558 0.00690913 0.00160311 
-0.00295108 0.586963 -0.994127 0.408261 0.00388596 0.00118199 
0.0189105 0.525754 -0.999881 0.466792 -0.0250625 -0.00650871 
0.0225479 0.547758 -0.997514 0.440947 -0.0299133 -0.00756166 
-0.155226 0.939904 -0.25469 -0.624724 0.205871 0.0524503 
0.132276 -0.00705288 -0.930366 0.885877 -0.175436 -0.044688 
0.193483 -0.824627 -0.23158 0.980812 -0.256613 -0.0653633 
0.152241 -0.828186 -0.0977948 0.866656 -0.201914 -0.0514329 
-0.134272 -0.901181 0.65624 0.297262 0.178085 0.0453429 
-0.463388 0.586535 0.508507 -0.914472 0.614588 0.156518 
-0.465363 0.55064 0.625435 -0.994737 0.617206 0.157187 
0.115263 0.878198 -0.679364 -0.243748 -0.152874 -0.0389228 
0.320511 0.669857 -0.954796 0.160046 -0.425093 -0.108249 
0.374861 0.540918 -0.988859 0.301869 -0.497177 -0.126607 
0.401398 0.468141 -0.989456 0.364902 -0.532373 -0.135571 
0.415079 0.433869 -1.00053 0.404913 -0.550518 -0.140192 
0.408889 0.392089 -0.966839 0.415418 -0.542308 -0.138101 
0.281225 0.151308 -0.630062 0.369169 -0.372988 -0.0949843 
-0.00770513 -0.251553 0.0606234 0.193932 0.0102197 0.00259952 
-0.374178 -0.626567 0.878471 -0.106098 0.496271 0.126373 
-0.39232 -0.583262 0.913362 -0.177224 0.520333 0.132501 
-0.392069 -0.631973 0.938666 -0.153915 0.52 0.132417 
-0.384467 -0.717465 0.960021 -0.0927407 0.509917 0.129849 
-0.403984 -0.66786 0.981634 -0.156354 0.535802 0.136441 
-0.416862 -0.626549 0.993636 -0.204647 0.552883 0.140791 
-0.401313 -0.620764 0.964478 -0.187334 0.53226 0.135539 
-0.389349 -0.618847 0.943195 -0.17263 0.516393 0.131499 
-0.399037 -0.640293 0.969469 -0.173682 0.529242 0.13477 
-0.408725 -0.66174 0.995742 -0.174734 0.54209 0.138042 
-0.28814 -0.440377 0.688761 -0.136105 0.382159 0.0973165 
-0.151424 -0.188949 0.340518 -0.0925621 0.200834 0.0511431 
0.00264969 0.100659 -0.0515449 -0.0501466 -0.00351439 -0.000893777 
0.17351 0.42719 -0.485982 -0.00882134 -0.230127 -0.058601 
0.344371 0.753722 -0.92042 0.0325039 -0.45674 -0.116308 
0.336076 0.72149 -0.892829 0.0403816 -0.445736 -0.113503 
0.324964 0.683617 -0.857973 0.0477332 -0.430994 -0.109747 
0.313852 0.645743 -0.823117 0.0550847 -0.416253 -0.10599 
0.324146 0.661523 -0.85061 0.0627743 -0.429916 -0.109478 
0.334707 0.677971 -0.878881 0.0704681 -0.443934 -0.113056 
0.345268 0.69442 -0.907152 0.0781618 -0.457952 -0.116634 
0.355981 0.711833 -0.933564 0.0830028 -0.472147 -0.120238 
0.366848 0.730225 -0.958086 0.0849439 -0.486521 -0.123869 
0.377715 0.748617 -0.982608 0.0868849 -0.500896 -0.127499 
0.388582 0.76701 -1.00713 0.088826 -0.51527 -0.13113 
0.383482 0.755021 -0.993384 0.0889381 -0.508605 -0.12951 
0.375833 0.738183 -0.973531 0.0887583 -0.498582 -0.127052 
0.368185 0.721345 -0.953677 0.0885785 -0.488559 -0.124594 
0.360536 0.704507 -0.933824 0.0883987 -0.478536 -0.122136 
0.359905 0.702246 -0.932053 0.0894545 -0.477432 -0.121646 
0.361482 0.70457 -0.93597 0.090899 -0.479133 -0.121776 
0.363058 0.706893 -0.939888 0.0923434 -0.480834 -0.121905 
0.364634 0.709217 -0.943805 0.0937879 -0.482535 -0.122034 
0.360748 0.701583 -0.934285 0.0959296 -0.475276 -0.118543 
0.339209 0.661775 -0.881349 0.100324 -0.439065 -0.103356 
0.31767 0.621967 -0.828413 0.104718 -0.402854 -0.0881697 
0.296132 0.582159 -0.775477 0.109112 -0.366643 -0.072983 
0.274593 0.542351 -0.722541 0.113507 -0.330432 -0.0577962 
0.271087 0.538493 -0.717555 0.12681 -0.314841 -0.0452876 
0.29075 0.580823 -0.774174 0.151561 -0.325743 -0.0362197 
0.310412 0.623152 -0.830793 0.176313 -0.336644 -0.0271519 
0.330075 0.665482 -0.887411 0.201064 -0.347546 -0.0180841 
0.349738 0.707812 -0.94403 0.225815 -0.358448 -0.00901631 
0.269359 0.554074 -0.738428 0.220386 -0.239186 0.0312298 
0.156302 0.336291 -0.447171 0.2051 -0.077407 0.0816603 
0.0432446 0.118507 -0.155915 0.189814 0.0843725 0.132091 
-0.0698125 -0.0992765 0.135342 0.174528 0.246152 0.182521 
-0.159668 -0.273792 0.368584 0.15477 0.36864 0.216298 
-0.223684 -0.400121 0.537218 0.130033 0.447372 0.231529 
-0.2877 -0.52645 0.705852 0.105296 0.526104 0.246759 
-0.351716 -0.652779 0.874486 0.080559 0.604836 0.26199 
-0.409764 -0.767328 1.02738 0.0580905 0.676182 0.275753 
-0.406277 -0.760414 1.01799 0.0590126 0.671374 0.27439 
-0.40279 -0.7535 1.00859 0.0599347 0.666566 0.273026 
-0.399302 -0.746586 0.999199 0.0608568 0.661758 0.271663 
-0.395815 -0.739671 0.989805 0.0617789 0.65695 0.270299 
-0.392704 -0.733709 0.981695 0.0615649 0.651858 0.26825 
-0.391249 -0.73194 0.979241 0.056344 0.64551 0.263174 
-0.389794 -0.730171 0.976788 0.0511231 0.639162 0.258098 
-0.388339 -0.728402 0.974334 0.0459022 0.632814 0.253022 
-0.386884 -0.726633 0.97188 0.0406813 0.626466 0.247946 
-0.385429 -0.724864 0.969427 0.0354604 0.620118 0.242871 
-0.386892 -0.725172 0.969819 0.0476071 0.631717 0.253385 
-0.389553 -0.726333 0.971379 0.0668886 0.650689 0.270304 
-0.392215 -0.727494 0.97294 0.08617 0.669661 0.287223 
-0.394876 -0.728654 0.974501 0.105451 0.688633 0.304141 
-0.397538 -0.729815 0.976062 0.124733 0.707605 0.32106 
-0.400199 -0.730976 0.977622 0.144014 0.726577 0.337979 
-0.402577 -0.733956 0.981814 0.154262 0.742022 0.350757 
-0.404848 -0.737624 0.987002 0.161091 0.756134 0.361967 
-0.407118 -0.741292 0.99219 0.167921 0.770245 0.373178 
-0.409389 -0.74496 0.997378 0.17475 0.784356 0.384388 
-0.411659 -0.748628 1.00257 0.181579 0.798467 0.395599 
-0.413929 -0.752296 1.00775 0.188408 0.812578 0.406809 
-0.407838 -0.743224 0.995993 0.18125 0.805474 0.404203 
-0.400536 -0.732306 0.981777 0.172068 0.795298 0.399595 
-0.393233 -0.721389 0.967562 0.162885 0.785122 0.394988 
-0.385931 -0.710471 0.953346 0.153702 0.774946 0.39038 
-0.378628 -0.699554 0.93913 0.14452 0.76477 0.385773 
-0.378352 -0.700708 0.941301 0.14471 0.777136 0.396351 
-0.385008 -0.713773 0.959641 0.154149 0.811743 0.421914 
-0.391664 -0.726838 0.977981 0.163588 0.846351 0.447476 
-0.398319 -0.739903 0.99632 0.173027 0.880958 0.473039 
-0.404975 -0.752968 1.01466 0.182466 0.915566 0.498601 
-0.374462 -0.70366 0.949698 0.153556 0.867148 0.475885 
-0.320952 -0.61576 0.833194 0.100918 0.76736 0.423297 
-0.267442 -0.52786 0.71669 0.0482803 0.667572 0.370709 
-0.213931 -0.43996 0.600186 -0.00435764 0.567783 0.318121 
-0.140053 -0.314449 0.43287 -0.0691145 0.417244 0.236063 
-0.0116733 -0.0882936 0.12958 -0.166301 0.130895 0.075143 
0.116707 0.137862 -0.173709 -0.263488 -0.155453 -0.0857766 
0.245087 0.364017 -0.476998 -0.360674 -0.441802 -0.246696 
0.355613 0.559253 -0.738786 -0.441336 -0.685486 -0.382391 
0.355503 0.562884 -0.743407 -0.419596 -0.664796 -0.36178 
0.355394 0.566516 -0.748027 -0.397855 -0.644106 -0.341168 
0.355284 0.570148 -0.752648 -0.376115 -0.623415 -0.320557 
0.355174 0.57378 -0.757268 -0.354375 -0.602725 -0.299945 
0.368291 0.595243 -0.784321 -0.349694 -0.586835 -0.276338 
0.386469 0.62353 -0.819959 -0.351541 -0.572782 -0.251584 
0.404647 0.651818 -0.855597 -0.353389 -0.558729 -0.22683 
0.422826 0.680105 -0.891235 -0.355237 -0.544676 -0.202075 
0.438571 0.705854 -0.924436 -0.35725 -0.543898 -0.190242 
0.440255 0.716932 -0.943551 -0.360218 -0.619845 -0.253089 
0.441939 0.728009 -0.962667 -0.363186 -0.695792 -0.315935 
0.443623 0.739087 -0.981782 -0.366154 -0.77174 -0.378782 
0.445307 0.750165 -1.0009 -0.369123 -0.847687 -0.441629 
0.423755 0.722528 -0.968895 -0.353536 -0.886503 -0.487501 
0.39534 0.683459 -0.921797 -0.332469 -0.914353 -0.528361 
0.366925 0.644389 -0.874698 -0.311402 -0.942202 -0.569221 
0.338511 0.605319 -0.8276 -0.290335 -0.970052 -0.61008 
0.308593 0.562734 -0.775321 -0.267635 -0.986208 -0.641991 
0.277206 0.516711 -0.717977 -0.243339 -0.990932 -0.665154 
0.245818 0.470689 -0.660633 -0.219042 -0.995656 -0.688317 
0.214431 0.424666 -0.60329 -0.194745 -1.00038 -0.71148 
0.18357 0.379253 -0.546634 -0.170821 -1.00381 -0.733232 
0.15456 0.335982 -0.492397 -0.148209 -1.00267 -0.750023 
0.12555 0.292711 -0.43816 -0.125597 -1.00153 -0.766814 
0.0965403 0.249441 -0.383923 -0.102985 -1.00039 -0.783605 
0.0675304 0.20617 -0.329687 -0.0803728 -0.999249 -0.800395 
0.0407789 0.166408 -0.279892 -0.0595508 -0.998931 -0.816459 
0.0143714 0.127181 -0.230775 -0.0390016 -0.998738 -0.832413 
-0.0120361 0.0879543 -0.181658 -0.0184523 -0.998545 -0.848366 
-0.0384436 0.0487272 -0.13254 0.00209695 -0.998352 -0.864319 
-0.0636426 0.0113104 -0.0857216 0.0217028 -0.998872 -0.880201 
-0.0873386 -0.0238552 -0.0417621 0.0401354 -1.00028 -0.895993 
-0.111035 -0.0590208 0.0021974 0.058568 -1.00169 -0.911786 
-0.134731 -0.0941863 0.0461569 0.0770006 -1.0031 -0.927578 
-0.158427 -0.129352 0.0901164 0.0954331 -1.00451 -0.943371 
-0.181642 -0.164072 0.133826 0.113548 -0.999254 -0.952744 
-0.204835 -0.198772 0.177524 0.131648 -0.993688 -0.961818 
-0.228028 -0.233471 0.221222 0.149748 -0.988123 -0.970891 
-0.251221 -0.268171 0.26492 0.167847 -0.982557 -0.979965 
-0.255794 -0.281277 0.285547 0.173086 -0.960398 -0.969962 
-0.232207 -0.261729 0.271284 0.158873 -0.913142 -0.931109 
-0.20862 -0.24218 0.257021 0.144661 -0.865887 -0.892256 
-0.185033 -0.222632 0.242758 0.130448 -0.818631 -0.853403 
-0.161446 -0.203083 0.228495 0.116236 -0.771376 -0.814549 
-0.143758 -0.189943 0.220074 0.106083 -0.802913 -0.853962 
-0.127807 -0.17869 0.213372 0.0971244 -0.857639 -0.916409 
-0.111856 -0.167437 0.20667 0.0881663 -0.912366 -0.978857 
-0.0959045 -0.156183 0.199968 0.0792081 -0.967092 -1.0413 
-0.072157 -0.140815 0.19379 0.0660775 -0.952534 -1.04151 
-0.0257691 -0.113497 0.189131 0.0408301 -0.736773 -0.860986 
0.0206187 -0.0861795 0.184472 0.0155827 -0.521013 -0.680458 
0.0670065 -0.0588617 0.179814 -0.00966472 -0.305252 -0.49993 
0.11274 -0.0312287 0.173902 -0.0347486 -0.0871885 -0.31559 
0.148366 0.00127476 0.148641 -0.0573062 0.166445 -0.0723674 
0.183992 0.0337782 0.123381 -0.0798638 0.420078 0.170855 
0.219618 0.0662817 0.0981198 -0.102421 0.673711 0.414077 
0.255244 0.0987851 0.072859 -0.124979 0.927344 0.6573 
0.268037 0.11288 0.0582247 -0.133599 0.947666 0.678488 
0.27758 0.124354 0.0451028 -0.140235 0.934782 0.668076 
0.287123 0.135829 0.0319809 -0.146871 0.921898 0.657663 
0.296666 0.147304 0.018859 -0.153507 0.909014 0.64725 
0.302274 0.156255 0.0068944 -0.157998 0.910025 0.652982 
0.298923 0.15946 -0.00243516 -0.157609 0.942669 0.695472 
0.295571 0.162666 -0.0117647 -0.157219 0.975314 0.737963 
0.29222 0.165872 -0.0210943 -0.156829 1.00796 0.780453 
0.288869 0.169077 -0.0304238 -0.15644 1.0406 0.822943 
0.293387 0.174946 -0.0373339 -0.15972 1.04847 0.832495 
0.315971 0.186928 -0.0386902 -0.171424 0.999463 0.766437 
0.338555 0.198911 -0.0400465 -0.183127 0.950455 0.700379 
0.361139 0.210893 -0.0414028 -0.194831 0.901447 0.63432 
0.383723 0.222875 -0.042759 -0.206535 0.85244 0.568262 
0.406307 0.234858 -0.0441153 -0.218239 0.803432 0.502204 
0.419595 0.241451 -0.0442012 -0.22494 0.811022 0.495754 
0.430926 0.24691 -0.0440197 -0.230588 0.830527 0.501851 
0.442258 0.252368 -0.0438382 -0.236236 0.850033 0.507948 
0.453589 0.257827 -0.0436566 -0.241885 0.869538 0.514045 
0.464921 0.263286 -0.0434751 -0.247533 0.889043 0.520142 
0.44453 0.252686 -0.0437261 -0.23682 0.912238 0.555463 
0.390347 0.22498 -0.0444378 -0.208676 0.939363 0.621916 
0.336163 0.197274 -0.0451495 -0.180533 0.966488 0.688369 
0.28198 0.169568 -0.0458613 -0.15239 0.993612 0.754821 
0.227797 0.141862 -0.046573 -0.124247 1.02074 0.821274 
0.183188 0.117933 -0.0454562 -0.100691 1.02602 0.855945 
0.144921 0.0965051 -0.0431284 -0.0801732 1.01684 0.869566 
0.106654 0.0750771 -0.0408005 -0.0596551 1.00766 0.883188 
0.0683871 0.053649 -0.0384727 -0.0391371 0.998484 0.896809 
0.03012 0.032221 -0.0361448 -0.018619 0.989305 0.91043 
-0.0319463 -0.00155576 -0.0335202 0.0142351 0.966071 0.929971 
-0.0962202 -0.036478 -0.030868 0.0482334 0.941533 0.95006 
-0.160494 -0.0714002 -0.0282158 0.0822318 0.916996 0.970149 
-0.224768 -0.106322 -0.0255636 0.11623 0.892458 0.990238 
-0.285127 -0.139387 -0.0226252 0.148241 0.862844 1.0021 
-0.338935 -0.169345 -0.0192081 0.176928 0.824738 1.00021 
-0.392743 -0.199303 -0.015791 0.205615 0.786632 0.998319 
-0.446551 -0.229261 -0.0123738 0.234302 0.748525 0.996427 
-0.500359 -0.259219 -0.00895672 0.262989 0.710419 0.994535 
-0.548803 -0.28631 -0.00579007 0.288879 0.680853 0.99679 
-0.596493 -0.312998 -0.00265866 0.314376 0.652488 0.999629 
-0.644183 -0.339686 0.000472761 0.339873 0.624123 1.00247 
-0.691873 -0.366374 0.00360418 0.36537 0.595758 1.00531 
-0.741256 -0.393979 0.00686253 0.391749 0.56233 1.00418 
-0.793486 -0.423127 0.0103343 0.419611 0.520388 0.996403 
-0.845716 -0.452275 0.0138062 0.447474 0.478446 0.988621 
-0.897946 -0.481423 0.017278 0.475336 0.436504 0.980839 
-0.950175 -0.510571 0.0207498 0.503199 0.394563 0.973057 
-0.922926 -0.49613 0.0206354 0.488707 0.374776 0.95497 
-0.88251 -0.474469 0.0199269 0.467199 0.35866 0.935176 
-0.842095 -0.452808 0.0192184 0.445691 0.342544 0.915383 
-0.801679 -0.431147 0.0185099 0.424183 0.326427 0.895589 
-0.762072 -0.409808 0.0178482 0.402993 0.300116 0.872354 
-0.724098 -0.389122 0.017281 0.382444 0.25318 0.842159 
-0.686124 -0.368435 0.0167138 0.361895 0.206245 0.811963 
-0.64815 -0.347749 0.0161466 0.341347 0.159309 0.781768 
-0.610176 -0.327063 0.0155794 0.320798 0.112374 0.751573 
-0.492985 -0.263288 0.0140877 0.257761 -0.0744877 0.538009 
-0.370534 -0.196652 0.0125346 0.191903 -0.270642 0.312269 
-0.248082 -0.130015 0.0109814 0.126044 -0.466795 0.0865281 
-0.125631 -0.0633792 0.00942826 0.0601858 -0.662949 -0.139213 
-0.0308234 -0.0120378 0.00781147 0.00953071 -0.766764 -0.28263 
0.0515457 0.0324218 0.00616604 -0.0342837 -0.829031 -0.389007 
0.133915 0.0768815 0.00452062 -0.078098 -0.891299 -0.495383 
0.216284 0.121341 0.00287519 -0.121912 -0.953566 -0.60176 
0.284733 0.158254 0.0014559 -0.158286 -0.998668 -0.684233 
0.315127 0.174538 0.00065481 -0.174319 -0.996844 -0.701362 
0.345522 0.190821 -0.000146284 -0.190352 -0.995019 -0.718491 
0.375916 0.207104 -0.000947378 -0.206385 -0.993195 -0.73562 
0.40631 0.223388 -0.00174847 -0.222418 -0.991371 -0.752749 
0.431682 0.236988 -0.00240324 -0.235817 -0.990978 -0.766807 
0.451489 0.247616 -0.00289588 -0.246297 -0.99217 -0.777463 
0.471295 0.258244 -0.00338852 -0.256776 -0.993362 -0.788119 
0.491102 0.268872 -0.00388116 -0.267256 -0.994554 -0.798775 
0.510908 0.279499 -0.00437381 -0.277736 -0.995746 -0.80943 
0.528787 0.289083 -0.00483833 -0.28717 -0.995809 -0.821021 
0.541977 0.296125 -0.00523441 -0.294059 -0.993122 -0.834885 
0.555166 0.303168 -0.0056305 -0.300949 -0.990435 -0.848749 
0.568355 0.31021 -0.00602659 -0.307839 -0.987748 -0.862613 
0.581545 0.317253 -0.00642268 -0.314729 -0.985061 -0.876477 
0.594734 0.324295 -0.00681877 -0.321618 -0.982374 -0.890341 
0.582574 0.317677 -0.00653493 -0.315174 -0.960123 -0.852306 
0.561166 0.306074 -0.00600301 -0.303863 -0.930734 -0.795334 
0.539757 0.294471 -0.00547109 -0.292553 -0.901344 -0.738362 
0.518348 0.282868 -0.00493916 -0.281243 -0.871955 -0.68139 
0.49694 0.271265 -0.00440724 -0.269933 -0.842565 -0.624418 
0.475531 0.259662 -0.00387532 -0.258623 -0.813176 -0.567446 
0.487781 0.266409 -0.00352812 -0.265584 -0.840995 -0.558165 
0.506012 0.276417 -0.00321375 -0.275791 -0.87898 -0.557359 
0.524243 0.286425 -0.00289937 -0.285998 -0.916965 -0.556552 
0.542474 0.296432 -0.002585 -0.296205 -0.95495 -0.555746 
0.560705 0.30644 -0.00227062 -0.306412 -0.992935 -0.55494 
0.574929 0.314204 -0.00188101 -0.314348 -1.02046 -0.55957 
0.578513 0.316011 -0.00129157 -0.316253 -1.02021 -0.578641 
0.582096 0.317818 -0.000702125 -0.318158 -1.01996 -0.597711 
0.58568 0.319625 -0.000112684 -0.320063 -1.01971 -0.616781 
0.589263 0.321432 0.000476758 -0.321967 -1.01946 -0.635852 
0.564174 0.307502 0.00137321 -0.308149 -0.96518 -0.635639 
0.500653 0.27248 0.00268115 -0.273255 -0.83847 -0.609579 
0.437132 0.237458 0.0039891 -0.238362 -0.711761 -0.583519 
0.373611 0.202436 0.00529704 -0.203469 -0.585052 -0.55746 
0.295875 0.159656 0.00651691 -0.16077 -0.433029 -0.518826 
0.132779 0.0702915 0.00720789 -0.0711977 -0.129002 -0.404687 
-0.0303161 -0.0190729 0.00789886 0.018374 0.175025 -0.290548 
-0.193412 -0.108437 0.00858984 0.107946 0.479052 -0.176409 
-0.347519 -0.192869 0.00926903 0.192556 0.765684 -0.0663715 
-0.353023 -0.195757 0.00975335 0.195134 0.764719 -0.0241427 
-0.358527 -0.198644 0.0102377 0.197712 0.763755 0.018086 
-0.364031 -0.201532 0.010722 0.20029 0.76279 0.0603148 
-0.369535 -0.204419 0.0112063 0.202868 0.761826 0.102543 
-0.391451 -0.216469 0.0125001 0.21449 0.797011 0.143923 
-0.420314 -0.232396 0.0141365 0.22994 0.847497 0.184943 
-0.449178 -0.248323 0.0157729 0.24539 0.897982 0.225963 
-0.478041 -0.264251 0.0174093 0.260839 0.948468 0.266984 
-0.500888 -0.276802 0.0185923 0.27301 0.988126 0.300614 
-0.496713 -0.274188 0.0177383 0.270452 0.979148 0.301051 
-0.492539 -0.271575 0.0168844 0.267893 0.970171 0.301488 
-0.488364 -0.268961 0.0160304 0.265335 0.961193 0.301925 
-0.484189 -0.266348 0.0151764 0.262777 0.952215 0.302362 
-0.485381 -0.266351 0.013448 0.262935 0.955016 0.301134 
-0.487922 -0.267012 0.0114997 0.263777 0.960777 0.299487 
-0.490463 -0.267672 0.00955148 0.264619 0.966538 0.29784 
-0.493004 -0.268333 0.00760323 0.265461 0.972299 0.296193 
-0.500958 -0.2713 0.00162926 0.269656 0.981564 0.293961 
-0.51044 -0.274918 -0.00548156 0.274799 0.991819 0.291563 
-0.519922 -0.278536 -0.0125924 0.279941 1.00207 0.289166 
-0.524405 -0.279278 -0.0197917 0.282119 1.00383 0.283767 
-0.510314 -0.269337 -0.0273199 0.273283 0.973995 0.267219 
-0.496224 -0.259396 -0.0348481 0.264447 0.944164 0.250671 
-0.482133 -0.249455 -0.0423763 0.255611 0.914333 0.234123 
-0.501969 -0.253642 -0.0653121 0.263417 0.94144 0.220331 
-0.523147 -0.258388 -0.0888579 0.271882 0.970802 0.206647 
-0.520581 -0.250016 -0.114352 0.267825 0.950285 0.176701 
-0.350189 -0.14892 -0.153613 0.175264 0.577228 0.0318126 
-0.179796 -0.0478244 -0.192874 0.0827023 0.204171 -0.113076 
0.0713491 0.0911342 -0.209947 -0.0515312 -0.31059 -0.280145 
0.354836 0.245257 -0.218133 -0.202455 -0.882102 -0.456096 
0.480192 0.312796 -0.214567 -0.270604 -1.12034 -0.524835 
0.42086 0.279211 -0.197274 -0.24208 -0.969329 -0.468355 
0.382357 0.25472 -0.171544 -0.223989 -0.853645 -0.41453 
0.433761 0.26949 -0.109395 -0.250941 -0.890451 -0.372167 
0.489247 0.284543 -0.0394847 -0.279568 -0.929225 -0.323368 
0.590174 0.302754 0.116839 -0.32683 -0.989912 -0.202922 
0.689261 0.314258 0.296015 -0.371524 -1.02939 -0.055463 
0.781312 0.300103 0.562608 -0.4064 -0.987751 0.195331 
0.778141 0.239986 0.791998 -0.387238 -0.812241 0.45675 
0.681311 0.134662 0.984795 -0.314926 -0.505058 0.728621 
0.547043 0.0564103 0.99917 -0.239028 -0.242478 0.821927 
0.418252 -0.0119744 0.988325 -0.168727 -0.00591189 0.883858 
0.343819 -0.050085 0.978295 -0.129154 0.131683 0.915739 
0.26802 -0.0735317 0.90723 -0.093083 0.224716 0.879245 
0.189027 -0.0626895 0.693443 -0.0651975 0.21355 0.682868 
0.0696223 -0.0613605 0.422056 -0.0165248 0.223536 0.443193 
-0.158122 -0.0855354 -0.00375465 0.0878768 0.290228 0.0874401 
-0.375997 -0.108228 -0.415002 0.188161 0.348183 -0.257713 
-0.552564 -0.124716 -0.765293 0.271209 0.369569 -0.558497 
-0.729131 -0.141204 -1.11558 0.354257 0.390955 -0.859281 
-0.673395 -0.122744 -1.05803 0.324255 0.344139 -0.824512 
-0.616388 -0.104093 -0.998248 0.293634 0.296951 -0.787906 
-0.582212 -0.0914696 -0.967345 0.274659 0.266059 -0.77141 
-0.580723 -0.0874757 -0.977791 0.272355 0.258499 -0.783704 
-0.579234 -0.0834818 -0.988236 0.270052 0.250939 -0.795998 
-0.575569 -0.0800139 -0.992697 0.267241 0.242704 -0.802924 
-0.569018 -0.0772443 -0.989214 0.263756 0.233573 -0.802725 
-0.562468 -0.0744747 -0.985731 0.26027 0.224441 -0.802526 
-0.556524 -0.0718608 -0.982897 0.257063 0.21599 -0.802701 
-0.554412 -0.0702292 -0.984152 0.255613 0.211824 -0.805236 
-0.552299 -0.0685975 -0.985408 0.254163 0.207658 -0.807772 
-0.550186 -0.0669659 -0.986663 0.252713 0.203493 -0.810307 
-0.534706 -0.0645007 -0.96122 0.245347 0.196674 -0.790113 
-0.507058 -0.0612766 -0.911471 0.232597 0.18744 -0.749228 
-0.479409 -0.0580526 -0.861723 0.219846 0.178205 -0.708342 
-0.451761 -0.0548285 -0.811975 0.207096 0.168971 -0.667457 
-0.455713 -0.055602 -0.818064 0.208758 0.173023 -0.672099 
-0.478891 -0.0588075 -0.858122 0.219188 0.185159 -0.70444 
-0.502068 -0.0620131 -0.898179 0.229618 0.197294 -0.73678 
-0.525245 -0.0652186 -0.938237 0.240048 0.20943 -0.76912 
-0.524067 -0.0659238 -0.935621 0.239947 0.209291 -0.767212 
-0.51158 -0.0654681 -0.91319 0.234956 0.203454 -0.749402 
-0.499094 -0.0650125 -0.89076 0.229966 0.197617 -0.731591 
-0.479404 -0.0636982 -0.855522 0.221728 0.188703 -0.703335 
-0.291424 -0.0423237 -0.521069 0.137626 0.107895 -0.431024 
-0.103444 -0.0209492 -0.186616 0.0535245 0.0270873 -0.158714 
0.084536 0.000425276 0.147838 -0.0305771 -0.0537204 0.113596 
0.237538 0.0186327 0.420283 -0.0996692 -0.117945 0.336019 
0.373422 0.0352902 0.662381 -0.161415 -0.174054 0.534026 
0.509305 0.0519476 0.904479 -0.223161 -0.230162 0.732032 
0.602212 0.0632658 1.07025 -0.265408 -0.267966 0.867698 
0.550244 0.0565859 0.978731 -0.24192 -0.244067 0.793216 
0.498276 0.0499059 0.887211 -0.218432 -0.220167 0.718733 
0.446308 0.043226 0.795691 -0.194944 -0.196268 0.644251 
0.435715 0.0413388 0.777648 -0.189978 -0.190379 0.629588 
0.477424 0.04551 0.852485 -0.208425 -0.207258 0.690542 
0.519134 0.0496813 0.927323 -0.226872 -0.224136 0.751496 
0.560843 0.0538526 1.00216 -0.24532 -0.241014 0.81245 
0.571751 0.0543307 1.02221 -0.249918 -0.245082 0.828568 
0.554511 0.0514337 0.992188 -0.241859 -0.237443 0.803712 
0.537272 0.0485368 0.962167 -0.233801 -0.229804 0.778856 
0.520033 0.0456398 0.932146 -0.225743 -0.222165 0.754001 
0.517886 0.0440392 0.929282 -0.224371 -0.221207 0.75091 
0.523321 0.0430897 0.940058 -0.226357 -0.223605 0.758751 
0.528756 0.0421402 0.950834 -0.228344 -0.226003 0.766593 
0.534812 0.0417765 0.962516 -0.230922 -0.228654 0.77534 
0.545178 0.0454827 0.980493 -0.237609 -0.233061 0.790381 
0.555544 0.0491889 0.998471 -0.244295 -0.237468 0.805422 
0.565911 0.0528951 1.01645 -0.250982 -0.241875 0.820463 
0.54312 0.0488191 0.977632 -0.24105 -0.232141 0.787418 
0.520234 0.0447206 0.938653 -0.231069 -0.222366 0.754234 
0.505345 0.0409808 0.914529 -0.224738 -0.216007 0.732644 
0.538528 0.0393975 0.979708 -0.240347 -0.230189 0.780755 
0.571711 0.0378141 1.04489 -0.255956 -0.24437 0.828866 
0.423185 0.0319115 0.778928 -0.198877 -0.180884 0.613532 
0.179083 0.0237369 0.338797 -0.103565 -0.0765466 0.259633 
-0.149821 0.00803783 -0.257548 0.0328554 0.0640389 -0.21721 
-0.543115 -0.0133747 -0.972508 0.200489 0.232148 -0.787407 
-0.62443 -0.025552 -1.1132 0.235773 0.266905 -0.905296 
-0.505544 -0.0318031 -0.885385 0.186127 0.216088 -0.732936 
-0.476508 -0.0379949 -0.821489 0.170411 0.203677 -0.690839 
-0.51317 -0.0441434 -0.877451 0.179505 0.219348 -0.743992 
-0.563861 -0.0476689 -0.965516 0.197792 0.241015 -0.817484 
-0.60888 -0.0501517 -1.04527 0.214928 0.260258 -0.882751 
-0.580213 -0.0523368 -0.987646 0.200944 0.248004 -0.84119 
-0.56907 -0.0665742 -0.94116 0.184809 0.243242 -0.825036 
-0.353579 -0.0566822 -0.556772 0.102148 0.151133 -0.512618 
0.251126 0.0115688 0.448602 -0.0970202 -0.107341 0.364081 
0.629854 0.0431684 1.09809 -0.230438 -0.269223 0.91316 
0.496739 -0.0121555 0.949468 -0.218983 -0.212325 0.72017 
0.506793 -0.0244863 0.990853 -0.2335 -0.216622 0.734745 
0.480945 -0.0312948 0.955447 -0.228663 -0.205574 0.697271 
0.393212 -0.0896816 0.898273 -0.239973 -0.168073 0.570076 
-0.198606 -0.180382 -0.0392459 -0.0675763 0.0848916 -0.287938 
-0.672114 -0.222979 -0.842702 0.093741 0.287287 -0.974426 
-0.643444 -0.584205 -0.121889 -0.224391 0.275033 -0.932858 
0.616435 0.157182 0.874343 -0.140103 -0.263487 0.89371 
0.142654 -0.331985 0.894609 -0.356322 -0.0609763 0.206816 
-0.23549 -0.730967 0.946421 -0.555981 0.100656 -0.341422 
0.108617 -0.394147 0.979575 -0.428381 -0.046425 0.157488 
-0.033718 -0.529315 0.98572 -0.505146 0.01441 -0.0489046 
0.00411073 -0.489177 0.998691 -0.503524 -0.00175333 0.00599418 
0.00193817 -0.480602 0.994732 -0.511436 -0.000834954 0.0027499 
-0.000120278 -0.474374 0.993639 -0.519457 4.90299e-05 -0.00019806 
-3.82901e-05 -0.467085 0.992481 -0.525407 2.04154e-05 -1.58815e-05 
-2.57607e-06 0.289257 -0.487772 0.198689 3.71799e-07 -1.33879e-05 
-9.70691e-06 0.529371 -0.990765 0.46136 9.74356e-06 4.58252e-05 
1.28374e-05 0.513255 -0.980059 0.466841 -1.28171e-05 -5.94727e-05 
-4.71737e-06 0.50639 -0.981936 0.475516 4.7146e-06 2.21886e-05 
2.28137e-06 0.469454 -0.923001 0.453569 -2.28085e-06 -1.08092e-05 
-6.94418e-07 0.466645 -0.932352 0.46573 6.94267e-07 3.30752e-06 
5.14592e-08 0.478806 -0.945631 0.46681 -5.14616e-08 -2.98122e-07 
3.39316e-08 0.395272 -0.796174 0.400896 -3.39223e-08 -1.6219e-07 
-4.84176e-08 0.437823 -0.892986 0.455164 4.84199e-08 2.66417e-07 
-1.21462e-07 0.194679 -0.408282 0.213608 1.21463e-07 6.6163e-07 
1.09587e-07 -0.20117 0.432481 -0.231305 -1.0959e-07 -6.06891e-07 
1.73359e-07 -0.276702 0.584788 -0.30809 -1.7336e-07 -9.44545e-07 
1.0708e-07 -0.407197 0.841981 -0.434786 -1.0708e-07 -5.80422e-07 
8.41927e-08 -0.357648 0.73814 -0.380494 -8.41925e-08 -4.55725e-07 
6.6231e-08 -0.351518 0.723744 -0.372227 -6.62309e-08 -3.57935e-07 
1.26464e-08 0.0231062 -0.0457678 0.022661 -1.26463e-08 -6.9084e-08 
-5.90697e-08 0.502351 -1.03051 0.528161 5.90697e-08 3.17682e-07 
-5.92686e-08 0.461741 -0.947735 0.485994 5.92686e-08 3.19099e-07 
-6.56999e-08 0.489545 -1.00511 0.515562 6.56999e-08 3.53908e-07 
-6.28087e-08 0.455737 -0.935869 0.480133 6.28087e-08 3.38434e-07 
-5.27389e-08 0.375571 -0.771349 0.395779 5.27389e-08 2.84233e-07 
-3.18192e-08 0.226251 -0.46468 0.23843 3.18191e-08 1.7149e-07 
-1.08994e-08 0.0769309 -0.158011 0.0810805 1.08994e-08 5.87474e-08 
1.00203e-08 -0.072389 0.148658 -0.0762686 -1.00203e-08 -5.39952e-08 
0 0 0 0 0 0 
