0 0 0 0 0 0 
0.00166773 0.0168371 -0.0321925 0.0153554 -0.00166773 -2.48233e-06 
0.000600704 -0.032458 0.0626593 -0.0302012 -0.000600704 -8.9416e-07 
-6.39903e-05 -0.0342462 0.0660015 -0.0317554 6.39903e-05 9.52078e-08 
-0.000131747 0.0186549 -0.0359793 0.0173243 0.000131747 1.96122e-07 
-3.10299e-05 0.0691168 -0.133232 0.064115 3.10299e-05 4.62658e-08 
6.21912e-05 0.0945009 -0.182146 0.0876456 -6.21912e-05 -9.2461e-08 
6.91416e-05 0.0636092 -0.1226 0.0589905 -6.91416e-05 -1.02842e-07 
2.83105e-05 0.00990136 -0.0190811 0.00917975 -2.83105e-05 -4.21277e-08 
-2.13417e-05 -0.0415189 0.0800271 -0.0385083 2.13417e-05 3.17187e-08 
-7.5123e-05 -0.0920449 0.177409 -0.0853642 7.5123e-05 1.11712e-07 
-0.000131491 -0.142246 0.27417 -0.131924 0.000131491 1.95557e-07 
-0.000181685 -0.187484 0.361109 -0.173625 0.000181685 2.70214e-07 
-0.000227308 -0.231699 0.445538 -0.213839 0.000227308 3.38059e-07 
-0.00027615 -0.282723 0.542321 -0.259598 0.00027615 4.1068e-07 
-0.0003167 -0.330574 0.631793 -0.301219 0.0003167 4.70945e-07 
-0.000343072 -0.372969 0.708761 -0.335792 0.000343072 5.10087e-07 
-0.000311467 -0.366427 0.689811 -0.323384 0.000311467 4.62966e-07 
-0.000242347 -0.338656 0.62654 -0.287885 0.000242347 3.59984e-07 
-0.000138342 -0.316154 0.563676 -0.247522 0.000138342 2.05044e-07 
3.35874e-05 -0.309514 0.508155 -0.198641 -3.35874e-05 -5.04033e-08 
0.00021193 -0.303507 0.437922 -0.134416 -0.00021193 -3.11493e-07 
2.59164e-05 -0.329697 0.506935 -0.177237 -2.59164e-05 -3.16873e-08 
-5.28297e-05 -0.378288 0.587863 -0.209575 5.28297e-05 7.48146e-08 
-1.71004e-05 -0.448577 0.662392 -0.213816 1.71004e-05 -1.09036e-08 
2.25466e-05 -0.540892 0.749472 -0.20858 -2.25466e-05 7.78821e-08 
-7.62334e-06 -0.576942 0.770516 -0.193574 7.62334e-06 -2.40715e-07 
2.25491e-06 -0.534483 0.672923 -0.138439 -2.25491e-06 -5.96288e-07 
-6.16688e-07 -0.480031 0.575499 -0.0954684 6.16688e-07 8.30783e-07 
1.56846e-07 -0.407168 0.477511 -0.0703439 -1.56846e-07 -3.65449e-07 
-3.52235e-07 -0.372907 0.378328 -0.00542031 3.52235e-07 1.09617e-06 
1.13412e-07 -0.291657 0.310911 -0.0192532 -1.13412e-07 -2.92454e-07 
1.84521e-06 -0.197912 0.307153 -0.109241 -1.84521e-06 -4.61394e-06 
2.79893e-06 -0.189602 0.38863 -0.199027 -2.79893e-06 -6.9742e-06 
3.25506e-07 -0.254053 0.481689 -0.227636 -3.25508e-07 -8.09478e-07 
-4.14627e-06 -0.323434 0.579859 -0.256424 4.14628e-06 1.03392e-05 
1.75663e-06 -0.372548 0.678104 -0.305555 -1.75665e-06 -4.38044e-06 
-4.5388e-06 -0.436225 0.777919 -0.341693 4.53891e-06 1.13197e-05 
5.80894e-06 -0.500762 0.877377 -0.376616 -5.80877e-06 -1.44895e-05 
7.87243e-06 -0.570536 0.977039 -0.406503 -7.87901e-06 -1.95916e-05 
-6.13306e-06 -0.551108 0.917751 -0.366645 6.02523e-06 1.60094e-05 
8.50239e-06 -0.505997 0.818049 -0.312051 -9.37693e-06 -1.54266e-05 
-1.52084e-05 -0.458028 0.718286 -0.260256 1.66664e-05 2.82965e-05 
-0.00011845 -0.406064 0.618494 -0.212382 0.000158615 2.99962e-05 
0.000567597 -0.354191 0.518652 -0.164684 -0.000753858 -0.000184712 
-0.00169455 -0.282978 0.418826 -0.135187 0.00224785 0.000569892 
0.00491481 -0.252201 0.318851 -0.0685654 -0.00651812 -0.00166243 
-0.00368726 -0.164225 0.251695 -0.0860333 0.00489023 0.00124637 
-0.0114376 -0.0960053 0.208355 -0.107893 0.0151694 0.00386503 
0.00545888 -0.13802 0.147161 -0.0112687 -0.00724016 -0.00184318 
0.0242302 -0.214141 0.118501 0.0861978 -0.0321362 -0.00818468 
0.0266112 -0.306193 0.148938 0.146886 -0.035294 -0.00898994 
-0.00787363 -0.331207 0.221129 0.113146 0.0104431 0.00265736 
-0.054455 -0.264223 0.272619 0.012823 0.0722235 0.0183913 
-0.0775586 -0.194136 0.282242 -0.0578836 0.102866 0.0261955 
-0.0537452 -0.118135 0.197534 -0.0584565 0.0712819 0.018153 
-0.0178511 -0.0575813 0.0981833 -0.0336459 0.0236757 0.00603011 
0.0210099 -0.00759576 -0.000680396 8.92691e-05 -0.0278655 -0.00709504 
0.0620732 0.0373679 -0.100379 0.038823 -0.0823275 -0.020964 
0.103587 0.0789453 -0.199591 0.0802807 -0.137387 -0.0349851 
0.140597 0.11025 -0.285632 0.120595 -0.186473 -0.0474853 
0.156764 0.105929 -0.318821 0.151806 -0.207916 -0.0529459 
0.135259 0.0590784 -0.266437 0.154653 -0.179393 -0.045683 
0.0968445 -0.00155434 -0.176637 0.140453 -0.128444 -0.032709 
0.0572644 -0.061112 -0.0836785 0.122476 -0.0759494 -0.0193413 
0.0183583 -0.128799 0.0114775 0.110167 -0.0243484 -0.00620124 
-0.0211564 -0.198227 0.108787 0.0976836 0.0280598 0.00714433 
-0.0625643 -0.262761 0.208172 0.078969 0.0829789 0.0211294 
-0.103569 -0.325273 0.306306 0.0593241 0.137363 0.0349782 
-0.14304 -0.387232 0.401574 0.041396 0.189714 0.0483092 
-0.182551 -0.450336 0.497431 0.0240399 0.242117 0.0616538 
-0.223034 -0.515589 0.595921 0.00657837 0.295809 0.0753263 
-0.258678 -0.572165 0.682183 -0.00921901 0.343084 0.0873646 
-0.280707 -0.603705 0.733767 -0.0206791 0.372301 0.0948049 
-0.288591 -0.60907 0.749329 -0.0278034 0.382758 0.0974678 
-0.279763 -0.582616 0.72239 -0.0307587 0.371048 0.0944861 
-0.253808 -0.523432 0.651906 -0.0295718 0.336625 0.0857202 
-0.219567 -0.449221 0.560673 -0.025893 0.291211 0.0741558 
-0.186438 -0.378802 0.472928 -0.021477 0.247272 0.0629672 
-0.154423 -0.312178 0.388677 -0.0163241 0.204811 0.0521552 
-0.122461 -0.246695 0.304834 -0.0104176 0.162421 0.0413611 
-0.0894418 -0.179564 0.218157 -0.00373992 0.118627 0.0302085 
-0.0553636 -0.110784 0.128647 0.00370894 0.0734268 0.0186971 
-0.0202231 -0.0403318 0.0363493 0.0118581 0.0268177 0.00682648 
0.0160028 0.0319395 -0.0584542 0.020275 -0.0212278 -0.0054074 
0.0533179 0.106054 -0.155716 0.0288865 -0.070714 -0.0180052 
0.0917222 0.182013 -0.255435 0.0376926 -0.121641 -0.0309668 
0.130526 0.258502 -0.355958 0.0466142 -0.1731 -0.0440655 
0.16858 0.333336 -0.454534 0.0555198 -0.223577 -0.0569236 
0.205868 0.406483 -0.551119 0.0644073 -0.273049 -0.0695353 
0.242389 0.477942 -0.645715 0.0732769 -0.321517 -0.0819006 
0.278411 0.54827 -0.73901 0.0821755 -0.36932 -0.0940946 
0.314565 0.618775 -0.832629 0.0912142 -0.41726 -0.106294 
0.350877 0.689513 -0.926641 0.100398 -0.46537 -0.118507 
0.387346 0.760484 -1.02105 0.109726 -0.513651 -0.130732 
0.423909 0.83157 -1.11568 0.119207 -0.561997 -0.142928 
0.458989 0.899897 -1.20668 0.129043 -0.607821 -0.154049 
0.491909 0.964234 -1.29237 0.139319 -0.650015 -0.163647 
0.522671 1.02458 -1.37275 0.150036 -0.68858 -0.171724 
0.551274 1.08094 -1.44782 0.161193 -0.723515 -0.178278 
0.578114 1.13409 -1.51865 0.172985 -0.755273 -0.183369 
0.606271 1.19019 -1.59341 0.186936 -0.787377 -0.187454 
0.636399 1.25053 -1.67384 0.203368 -0.820573 -0.19063 
0.668499 1.31511 -1.75995 0.222281 -0.854863 -0.192897 
0.702569 1.38394 -1.85174 0.243675 -0.890245 -0.194255 
0.73483 1.4496 -1.93929 0.26641 -0.921803 -0.193526 
0.756163 1.49422 -1.99871 0.287734 -0.937669 -0.187869 
0.766164 1.51701 -2.02894 0.307526 -0.93732 -0.177156 
0.764832 1.51798 -2.02997 0.325785 -0.920755 -0.161389 
0.752719 1.49814 -2.00318 0.342407 -0.888907 -0.140961 
0.733506 1.46436 -1.95779 0.35668 -0.848011 -0.118518 
0.707878 1.41793 -1.89549 0.368474 -0.799223 -0.0945475 
0.675832 1.35883 -1.81629 0.377789 -0.742544 -0.0690506 
0.637396 1.28712 -1.72025 0.384634 -0.678006 -0.0420336 
0.596499 1.21055 -1.61774 0.390502 -0.610471 -0.0144622 
0.555951 1.13468 -1.51618 0.396464 -0.543417 0.0129725 
0.515753 1.0595 -1.41555 0.402517 -0.476846 0.0402706 
0.475904 0.985013 -1.31587 0.408664 -0.410757 0.067432 
0.436401 0.911211 -1.21712 0.414892 -0.345152 0.0944504 
0.397112 0.837757 -1.11884 0.420801 -0.280132 0.121084 
0.357969 0.764481 -1.02081 0.426187 -0.215748 0.147208 
0.318971 0.691382 -0.923028 0.431049 -0.152001 0.172824 
0.28012 0.61846 -0.82549 0.435389 -0.0888896 0.197931 
0.241414 0.545716 -0.728198 0.439205 -0.0264148 0.222529 
0.20275 0.473075 -0.631051 0.443114 0.0360612 0.247172 
0.163837 0.40033 -0.533764 0.448852 0.100331 0.273418 
0.124657 0.327469 -0.436321 0.456523 0.166503 0.301359 
0.0852109 0.254491 -0.338721 0.466127 0.234576 0.330997 
0.0454977 0.181397 -0.240965 0.477663 0.304551 0.36233 
0.00551763 0.108187 -0.143053 0.491131 0.376428 0.395359 
-0.0347189 0.0347945 -0.0448883 0.506204 0.450078 0.429933 
-0.0751844 -0.0389564 0.0537825 0.522009 0.525161 0.465652 
-0.115878 -0.113075 0.152973 0.538498 0.601658 0.502496 
-0.156798 -0.187561 0.252684 0.555671 0.67957 0.540462 
-0.197947 -0.262415 0.352915 0.57353 0.758896 0.579553 
-0.239322 -0.337637 0.453666 0.592072 0.839636 0.619767 
-0.28056 -0.412668 0.554195 0.610687 0.920862 0.6605 
-0.321073 -0.486617 0.653315 0.628394 1.00109 0.700784 
-0.360854 -0.559472 0.751009 0.645181 1.08029 0.740606 
-0.399903 -0.631232 0.847279 0.661047 1.15848 0.779966 
-0.438221 -0.701898 0.942124 0.675993 1.23565 0.818864 
-0.475983 -0.771774 1.03596 0.690255 1.31236 0.857684 
-0.51424 -0.842663 1.13123 0.705233 1.39199 0.898693 
-0.553165 -0.914862 1.22833 0.721157 1.47509 0.942264 
-0.592756 -0.988371 1.32728 0.738027 1.56165 0.988397 
-0.633015 -1.06319 1.42806 0.755843 1.65169 1.03709 
-0.67279 -1.13739 1.52811 0.773418 1.74263 1.08686 
-0.707642 -1.20351 1.61746 0.786172 1.82454 1.13192 
-0.73713 -1.26082 1.69513 0.793649 1.89646 1.17171 
-0.761255 -1.30933 1.76113 0.79585 1.95837 1.20623 
-0.779738 -1.34851 1.81476 0.79261 2.00959 1.23508 
-0.787343 -1.36869 1.84295 0.780812 2.03706 1.25068 
-0.782079 -1.36621 1.84074 0.759272 2.03583 1.25015 
-0.763947 -1.34106 1.80812 0.727991 2.00589 1.23348 
-0.733071 -1.29345 1.7454 0.687084 1.94756 1.20087 
-0.697432 -1.23721 1.67112 0.643937 1.87988 1.16357 
-0.661804 -1.18061 1.59637 0.602969 1.81429 1.12834 
-0.626187 -1.12365 1.52117 0.56418 1.75076 1.09518 
-0.590581 -1.06632 1.44549 0.52757 1.68931 1.06408 
-0.554507 -1.00798 1.36854 0.492521 1.62976 1.03516 
-0.516681 -0.946894 1.28814 0.457377 1.57165 1.0087 
-0.477033 -0.882978 1.20417 0.422048 1.51494 0.984725 
-0.435562 -0.816226 1.11662 0.386534 1.45964 0.963229 
-0.392288 -0.746658 1.02552 0.350834 1.40565 0.94412 
-0.348244 -0.675352 0.931906 0.314877 1.34733 0.921901 
-0.304031 -0.602936 0.836373 0.278622 1.28139 0.893384 
-0.25965 -0.52941 0.738923 0.24207 1.20784 0.858567 
-0.215099 -0.454774 0.639558 0.20522 1.12668 0.81745 
-0.171279 -0.380524 0.540254 0.16879 1.03935 0.770691 
-0.130229 -0.310061 0.445499 0.13441 0.949093 0.71978 
-0.0920264 -0.243513 0.355464 0.102141 0.856048 0.664772 
-0.0566722 -0.180882 0.27015 0.0719841 0.760212 0.60567 
-0.0242042 -0.122256 0.189688 0.04398 0.661881 0.542698 
0.00515419 -0.0681574 0.114849 0.0183716 0.562793 0.477188 
0.0313665 -0.018672 0.0457575 -0.00480147 0.463232 0.409356 
0.0544327 0.0262003 -0.0175863 -0.0255392 0.363197 0.339203 
0.0743587 0.0664664 -0.07519 -0.0438456 0.262703 0.266743 
0.0913047 0.102312 -0.127263 -0.0598344 0.162145 0.192407 
0.105343 0.13382 -0.173899 -0.0735567 0.0617009 0.116388 
0.116473 0.160991 -0.2151 -0.0850125 -0.0386287 0.0386863 
0.124696 0.183825 -0.250864 -0.0942018 -0.138844 -0.0406988 
0.130109 0.202474 -0.281384 -0.101203 -0.238981 -0.121735 
0.132873 0.217188 -0.306977 -0.106142 -0.339098 -0.204371 
0.13299 0.227969 -0.327647 -0.109021 -0.439196 -0.288607 
0.13046 0.234819 -0.343394 -0.109841 -0.539274 -0.374441 
0.125311 0.237778 -0.354268 -0.108622 -0.639348 -0.461873 
0.117744 0.237149 -0.360657 -0.105523 -0.73954 -0.55089 
0.107802 0.232996 -0.36264 -0.100576 -0.839872 -0.64149 
0.0954851 0.225318 -0.360217 -0.0937817 -0.940346 -0.733673 
0.0807929 0.214115 -0.353387 -0.0851398 -1.04096 -0.827439 
0.0637487 0.199408 -0.342164 -0.0746657 -1.1414 -0.922481 
0.0443797 0.181224 -0.32656 -0.0623772 -1.24128 -1.01843 
0.022686 0.159561 -0.306576 -0.0482746 -1.3406 -1.11529 
-0.00133247 0.13442 -0.282212 -0.0323578 -1.43936 -1.21306 
-0.0273042 0.106232 -0.253928 -0.0148833 -1.53724 -1.31136 
-0.0517612 0.0790185 -0.226022 0.00175348 -1.63114 -1.40664 
-0.073854 0.0537641 -0.199545 0.0169656 -1.72029 -1.49802 
-0.0935826 0.0304692 -0.174497 0.0307532 -1.80472 -1.58551 
-0.110947 0.00913377 -0.15088 0.0431162 -1.8844 -1.6691 
-0.126176 -0.0104904 -0.128465 0.0542118 -1.9624 -1.75183 
-0.139786 -0.0289652 -0.106742 0.0643959 -2.04563 -1.84055 
-0.151797 -0.0463119 -0.0856911 0.0736821 -2.13433 -1.93554 
-0.162209 -0.0625307 -0.0653117 0.0820704 -2.22852 -2.03678 
-0.170922 -0.0775687 -0.0455973 0.0895072 -2.32731 -2.14349 
-0.17583 -0.090314 -0.0264065 0.094865 -2.41198 -2.23883 
-0.176088 -0.100321 -0.00768272 0.0976922 -2.47501 -2.31609 
-0.171697 -0.10759 0.0105741 0.0979888 -2.51642 -2.37524 
-0.162658 -0.11212 0.0283602 0.0957553 -2.5362 -2.4163 
-0.149572 -0.113621 0.0445251 0.0911418 -2.53223 -2.43574 
-0.132915 -0.111865 0.0581579 0.0842673 -2.50283 -2.4308 
-0.112687 -0.10685 0.0692588 0.0751317 -2.44801 -2.40149 
-0.0888889 -0.0985772 0.0778278 0.0637351 -2.36777 -2.34779 
-0.0625211 -0.0878543 0.0843309 0.050689 -2.27235 -2.27946 
-0.0351765 -0.0759649 0.0895093 0.0369653 -2.17801 -2.21198 
-0.00687543 -0.0629253 0.0933725 0.0225765 -2.08495 -2.14553 
0.0223822 -0.0487356 0.0959205 0.00752254 -1.9932 -2.08014 
0.0525362 -0.0334344 0.0971708 -0.00816377 -1.90251 -2.01553 
0.0826663 -0.0176117 0.0973943 -0.023981 -1.80966 -1.94795 
0.11246 -0.0014678 0.0966827 -0.0397592 -1.71354 -1.87612 
0.141919 0.0149975 0.0950359 -0.0554983 -1.61414 -1.80002 
0.171041 0.031784 0.092454 -0.0711983 -1.51148 -1.71966 
0.199947 0.0489324 0.0889737 -0.0869151 -1.40591 -1.63554 
0.230486 0.0670684 0.0851636 -0.103511 -1.30328 -1.55541 
0.263289 0.0864054 0.0812176 -0.12128 -1.20556 -1.4819 
0.298355 0.106944 0.0771356 -0.140222 -1.11274 -1.41501 
0.335685 0.128683 0.0729177 -0.160337 -1.02484 -1.35474 
0.375279 0.151623 0.0685638 -0.181625 -0.941857 -1.30109 
0.416752 0.175541 0.0641266 -0.20388 -0.861439 -1.2516 
0.459377 0.200016 0.0597052 -0.226709 -0.77917 -1.2016 
0.503138 0.225038 0.0553021 -0.250105 -0.694946 -1.15099 
0.548035 0.250607 0.0509171 -0.274067 -0.608766 -1.09977 
0.594068 0.276724 0.0465504 -0.298595 -0.520632 -1.04794 
0.640467 0.302998 0.0421913 -0.323292 -0.430453 -0.994791 
0.682308 0.326937 0.0377728 -0.345619 -0.337656 -0.935785 
0.718719 0.348099 0.033283 -0.365125 -0.242141 -0.870118 
0.749698 0.366484 0.0287218 -0.38181 -0.143907 -0.797789 
0.775247 0.382092 0.0240893 -0.395674 -0.0429545 -0.718801 
0.795653 0.395037 0.0194406 -0.406856 0.0600587 -0.634109 
0.812096 0.405784 0.015001 -0.41592 0.162441 -0.547632 
0.824705 0.414383 0.0107947 -0.422928 0.263903 -0.459789 
0.833477 0.420834 0.00682182 -0.427879 0.364444 -0.370582 
0.838414 0.425138 0.00308223 -0.430774 0.464066 -0.280009 
0.838424 0.426727 -0.000410423 -0.431046 0.562123 -0.187799 
0.832 0.424821 -0.00363735 -0.427915 0.657726 -0.0935775 
0.819135 0.419415 -0.00659844 -0.421377 0.75087 0.00265729 
0.799827 0.410508 -0.0092937 -0.411431 0.841554 0.100906 
0.774149 0.398135 -0.0117177 -0.398114 0.929683 0.201014 
0.742873 0.382663 -0.0138143 -0.381817 1.01426 0.301363 
0.706204 0.364187 -0.0155683 -0.362645 1.09502 0.401523 
0.664141 0.342709 -0.0169799 -0.340598 1.17195 0.501494 
0.616685 0.318228 -0.0180489 -0.315676 1.24507 0.601274 
0.564071 0.29087 -0.0187864 -0.288 1.31474 0.701048 
0.506673 0.260834 -0.0192098 -0.257767 1.38157 0.801102 
0.444494 0.228124 -0.0193194 -0.224978 1.44555 0.90144 
0.377535 0.192739 -0.0191151 -0.189634 1.50668 1.00206 
0.305764 0.154661 -0.0185945 -0.151717 1.56488 1.1029 
0.228848 0.11371 -0.0177326 -0.111054 1.61914 1.20316 
0.146697 0.0698378 -0.0165228 -0.0675988 1.6692 1.30264 
0.0593098 0.0230439 -0.014965 -0.0213505 1.71506 1.40135 
-0.0333122 -0.0266717 -0.0130591 0.0276906 1.75671 1.49927 
-0.127752 -0.0774347 -0.0109595 0.0777034 1.79511 1.59597 
-0.218235 -0.126078 -0.00892663 0.12561 1.83186 1.6907 
-0.304667 -0.17255 -0.00696479 0.171361 1.86701 1.78344 
-0.387047 -0.216851 -0.00507396 0.214957 1.90053 1.8742 
-0.46539 -0.258986 -0.00325337 0.256402 1.93228 1.96292 
-0.539873 -0.299026 -0.00149281 0.295765 1.96001 2.04885 
-0.610548 -0.336993 0.000210905 0.333069 1.98303 2.13175 
-0.677418 -0.372886 0.00185777 0.368313 2.00135 2.21162 
-0.740481 -0.406705 0.00344778 0.401498 2.01497 2.28847 
-0.796015 -0.436426 0.00493748 0.430626 2.0173 2.35367 
-0.839292 -0.459477 0.00627171 0.453162 2 2.39628 
-0.870295 -0.475848 0.00745025 0.469096 1.96305 2.41627 
-0.889025 -0.48554 0.00847312 0.47843 1.90643 2.41363 
-0.896436 -0.489082 0.00933811 0.481687 1.83334 2.39121 
-0.895397 -0.488061 0.0100386 0.480447 1.75336 2.35754 
-0.886102 -0.482583 0.0105742 0.474814 1.66715 2.31322 
-0.868552 -0.472648 0.0109449 0.46479 1.57469 2.25824 
-0.842931 -0.458359 0.0111536 0.450475 1.47622 2.19291 
-0.812868 -0.441681 0.0112594 0.433806 1.37621 2.12347 
-0.779759 -0.42337 0.0112849 0.415529 1.27638 2.05231 
-0.743603 -0.403427 0.0112301 0.395646 1.17674 1.97943 
-0.7044 -0.381852 0.011095 0.374156 1.07728 1.90484 
-0.66227 -0.358709 0.010883 0.351121 0.977968 1.82861 
-0.618008 -0.334422 0.0106175 0.326959 0.878579 1.75121 
-0.571761 -0.30907 0.0103025 0.301747 0.77907 1.67275 
-0.523529 -0.282653 0.00993818 0.275484 0.679442 1.59322 
-0.473312 -0.25517 0.00952447 0.248171 0.579695 1.51262 
-0.421137 -0.226638 0.00906178 0.219822 0.479844 1.43094 
-0.367474 -0.197309 0.00855697 0.190693 0.380165 1.34795 
-0.312488 -0.167274 0.00801245 0.160873 0.280756 1.26357 
-0.256181 -0.136534 0.00742824 0.130363 0.181615 1.17781 
-0.198552 -0.105087 0.00680432 0.0991615 0.0827445 1.09065 
-0.1396 -0.0729348 0.0061407 0.0672698 -0.0158571 1.0021 
-0.0802577 -0.0405782 0.00546235 0.0351771 -0.113471 0.91407 
-0.0229371 -0.00931782 0.00483398 0.00415297 -0.208235 0.831496 
0.0322376 0.0207796 0.00425894 -0.0257375 -0.300053 0.754632 
0.0852665 0.0497139 0.00373721 -0.0544944 -0.388925 0.683478 
0.13615 0.0774853 0.0032688 -0.0821176 -0.474851 0.618035 
0.184887 0.104094 0.0028537 -0.108607 -0.557832 0.558303 
0.23291 0.13032 0.00248406 -0.134741 -0.640301 0.502252 
0.282716 0.157525 0.00214618 -0.161872 -0.7265 0.446345 
0.334349 0.185732 0.00183981 -0.190028 -0.816508 0.390519 
0.38781 0.214943 0.00156495 -0.219206 -0.910322 0.334774 
0.443097 0.245157 0.0013216 -0.249407 -1.00794 0.27911 
0.500158 0.276344 0.0011108 -0.2806 -1.10923 0.223453 
0.557965 0.307928 0.000951799 -0.312204 -1.2115 0.166409 
0.616131 0.339694 0.000851882 -0.343999 -1.31375 0.107454 
0.674656 0.37164 0.000811046 -0.375984 -1.41597 0.0465876 
0.73354 0.403768 0.000829293 -0.408161 -1.51817 -0.0161904 
0.79217 0.43574 0.000913195 -0.440191 -1.61918 -0.0804669 
0.845535 0.464807 0.00111639 -0.46933 -1.70958 -0.142873 
0.892534 0.490363 0.00145068 -0.49497 -1.78727 -0.202668 
0.933166 0.512409 0.00191607 -0.517113 -1.85226 -0.25985 
0.967329 0.53089 0.00251193 -0.535703 -1.90437 -0.31433 
0.988812 0.542414 0.00319978 -0.547329 -1.93254 -0.360614 
0.993947 0.544981 0.00395688 -0.549976 -1.93023 -0.395456 
0.982735 0.53859 0.00478324 -0.543645 -1.89745 -0.418859 
0.9552 0.523257 0.00567883 -0.528351 -1.83425 -0.430832 
0.920091 0.50378 0.00663217 -0.508921 -1.75755 -0.435369 
0.884431 0.484014 0.00763405 -0.489233 -1.68095 -0.435672 
0.848218 0.463958 0.00868448 -0.469286 -1.60444 -0.431743 
0.811454 0.443613 0.00978346 -0.449081 -1.52803 -0.423581 
0.773561 0.422656 0.0109595 -0.428299 -1.45045 -0.411216 
0.732878 0.40016 0.0122944 -0.406026 -1.36803 -0.394735 
0.689301 0.376068 0.0137934 -0.382204 -1.28055 -0.374141 
0.642832 0.35038 0.0154564 -0.356833 -1.18801 -0.349436 
0.593525 0.323126 0.0172793 -0.329944 -1.09051 -0.320687 
0.543528 0.295512 0.0191 -0.302707 -0.99192 -0.290534 
0.49395 0.26816 0.0208352 -0.275727 -0.894226 -0.260336 
0.44479 0.24107 0.0224848 -0.249003 -0.797433 -0.230095 
0.396049 0.214242 0.0240488 -0.222536 -0.701539 -0.19981 
0.347511 0.187571 0.0254922 -0.196216 -0.606073 -0.169548 
0.298732 0.160841 0.0267425 -0.169819 -0.510059 -0.139447 
0.249699 0.134044 0.0277975 -0.143338 -0.413468 -0.109511 
0.200411 0.107181 0.0286572 -0.116772 -0.3163 -0.0797398 
0.150656 0.0801618 0.0291643 -0.0899904 -0.218417 -0.0501567 
0.0999681 0.0527871 0.0289713 -0.062704 -0.119518 -0.0208121 
0.0483296 0.0250498 0.0280655 -0.0349022 -0.0195901 0.00829219 
-0.00420622 -0.00301971 0.026446 -0.00661649 0.081275 0.0371243 
-0.0560631 -0.0305146 0.0240849 0.0212185 0.180397 0.0647379 
-0.106508 -0.057013 0.0209692 0.0481678 0.276529 0.0906929 
-0.15554 -0.082515 0.017099 0.0742315 0.369671 0.114989 
-0.204795 -0.107702 0.0117314 0.100212 0.462568 0.13776 
-0.256171 -0.133363 0.00400488 0.127039 0.558403 0.159159 
-0.309521 -0.159419 -0.00609381 0.154637 0.656872 0.179085 
-0.353162 -0.179412 -0.0195233 0.176844 0.733426 0.189535 
-0.379723 -0.189272 -0.0368882 0.189772 0.772587 0.185462 
-0.386315 -0.187644 -0.0573943 0.191931 0.769285 0.166073 
-0.364956 -0.170785 -0.0788484 0.179202 0.709511 0.129175 
-0.318838 -0.14048 -0.100851 0.153259 0.600157 0.0771191 
-0.27368 -0.11081 -0.121491 0.127565 0.495429 0.0273436 
-0.234273 -0.0844215 -0.140319 0.104632 0.405505 -0.0167958 
-0.193371 -0.0581497 -0.154399 0.08083 0.318097 -0.0562225 
-0.147301 -0.0303964 -0.162217 0.0543196 0.226991 -0.0913765 
-0.0932037 -0.000962871 -0.15834 0.0239289 0.13081 -0.117752 
-0.0290094 0.0302263 -0.138557 -0.0111724 0.0287659 -0.131775 
0.044691 0.0610161 -0.0955256 -0.0501595 -0.072327 -0.124765 
0.125212 0.0892259 -0.0267125 -0.091277 -0.165864 -0.0923492 
0.198355 0.108002 0.0623347 -0.126467 -0.231882 -0.0329421 
0.26015 0.117409 0.162878 -0.154252 -0.269068 0.045881 
0.308076 0.119384 0.262479 -0.174432 -0.280695 0.131619 
0.346269 0.116274 0.361039 -0.189361 -0.274391 0.221809 
0.37698 0.109564 0.457678 -0.200376 -0.254965 0.314168 
0.399886 0.102737 0.537899 -0.208308 -0.233001 0.392456 
0.414324 0.0968675 0.595907 -0.213163 -0.211868 0.450471 
0.409888 0.0895055 0.616871 -0.209587 -0.186119 0.477065 
0.382721 0.0797348 0.595295 -0.195586 -0.153771 0.468103 
0.336184 0.0680604 0.536142 -0.172564 -0.1178 0.427197 
0.27195 0.0547333 0.441879 -0.141218 -0.0796845 0.356142 
0.201596 0.0414955 0.332833 -0.107182 -0.0428253 0.271665 
0.136957 0.0301271 0.229779 -0.0762154 -0.0106959 0.190855 
0.0775602 0.020504 0.132122 -0.048078 0.0170395 0.113301 
0.0192776 0.0115358 0.0346375 -0.0206634 0.0433287 0.0353633 
-0.0388557 0.00296798 -0.0638935 0.00652037 0.0688601 -0.0438063 
-0.096793 -0.00521086 -0.163343 0.0334624 0.0936192 -0.124093 
-0.154156 -0.0130921 -0.26267 0.0600742 0.117489 -0.204563 
-0.210863 -0.0206958 -0.361648 0.0863367 0.140443 -0.285013 
-0.266917 -0.0280229 -0.460281 0.112252 0.162487 -0.365446 
-0.322593 -0.035144 -0.558863 0.137945 0.183927 -0.44603 
-0.378058 -0.0421016 -0.657571 0.163494 0.20495 -0.526869 
-0.433311 -0.0488956 -0.756405 0.188897 0.225556 -0.607962 
-0.488002 -0.0555042 -0.854665 0.213999 0.245674 -0.688713 
-0.540212 -0.0618078 -0.948518 0.237952 0.264925 -0.76586 
-0.58965 -0.0677882 -1.03738 0.260627 0.28325 -0.838909 
-0.636317 -0.0734454 -1.12127 0.282024 0.300649 -0.907859 
-0.681198 -0.078904 -1.2019 0.302592 0.317537 -0.97413 
-0.728037 -0.0846379 -1.2859 0.32404 0.335488 -1.04312 
-0.7772 -0.090693 -1.37392 0.346532 0.354655 -1.11535 
-0.828686 -0.0970695 -1.46596 0.37007 0.375039 -1.19082 
-0.881661 -0.103682 -1.56055 0.394294 0.396219 -1.26836 
-0.933564 -0.110267 -1.65321 0.418094 0.416905 -1.34437 
-0.984216 -0.116806 -1.74361 0.441395 0.437005 -1.41859 
-1.0336 -0.123298 -1.83175 0.464188 0.456514 -1.49101 
-1.07223 -0.128611 -1.90074 0.482198 0.471379 -1.54786 
-1.09202 -0.131782 -1.93621 0.491778 0.478143 -1.57741 
-1.09297 -0.132811 -1.93815 0.492928 0.476809 -1.57967 
-1.07625 -0.131804 -1.90866 0.486153 0.467932 -1.55632 
-1.04563 -0.129101 -1.8544 0.473068 0.453298 -1.51271 
-1.00139 -0.124729 -1.77587 0.453795 0.43304 -1.44926 
-0.944027 -0.118749 -1.67395 0.428555 0.407368 -1.36668 
-0.886269 -0.112742 -1.57126 0.40313 0.381707 -1.28344 
-0.833721 -0.107405 -1.47775 0.380058 0.358441 -1.20767 
-0.786381 -0.102737 -1.39341 0.359341 0.33757 -1.13936 
-0.743335 -0.0986334 -1.31661 0.340568 0.318697 -1.07719 
-0.697571 -0.0942808 -1.23492 0.320602 0.298768 -1.01103 
-0.647627 -0.0895101 -1.14572 0.298786 0.277148 -0.93876 
-0.593502 -0.0843213 -1.04902 0.275121 0.253836 -0.86038 
-0.536003 -0.0788112 -0.946251 0.24997 0.229168 -0.777064 
-0.479558 -0.0735106 -0.845296 0.225324 0.204986 -0.69526 
-0.424842 -0.0685004 -0.74735 0.201485 0.181569 -0.615946 
-0.371853 -0.0637806 -0.652413 0.178454 0.158917 -0.539124 
-0.320089 -0.0593079 -0.559579 0.156008 0.136809 -0.464068 
-0.267907 -0.0549412 -0.465894 0.133419 0.114516 -0.388408 
-0.21518 -0.0506698 -0.371128 0.110631 0.0919835 -0.311963 
-0.161904 -0.0464898 -0.275277 0.0876399 0.0692085 -0.234726 
-0.107779 -0.0421166 -0.177899 0.0641586 0.0460688 -0.156257 
-0.052614 -0.037372 -0.0787201 0.0400071 0.0224874 -0.0762805 
0.00358974 -0.0322559 0.0222612 0.0151854 -0.00153574 0.00520374 
0.0591756 -0.0271572 0.122206 -0.0094761 -0.0252939 0.0857926 
0.112468 -0.0224692 0.218245 -0.0331372 -0.0480724 0.163055 
0.163523 -0.0181896 0.310482 -0.055824 -0.0698954 0.237075 
0.215838 -0.0141613 0.405415 -0.0791326 -0.0922574 0.312922 
0.27148 -0.0102917 0.506881 -0.104006 -0.116041 0.393591 
0.32448 -0.00672264 0.604005 -0.128056 -0.138695 0.47043 
0.354664 -0.00393372 0.660022 -0.143214 -0.151596 0.51419 
0.357964 -0.00217851 0.667473 -0.147646 -0.153007 0.518976 
0.323237 -0.00244598 0.605827 -0.135952 -0.138163 0.468627 
0.258611 -0.00457778 0.490048 -0.111495 -0.11054 0.374934 
0.201981 -0.00745224 0.389885 -0.0903508 -0.0863341 0.292831 
0.154665 -0.0109515 0.307812 -0.0732004 -0.0661097 0.224233 
0.105066 -0.0150681 0.222666 -0.0556637 -0.044909 0.152324 
0.0512822 -0.0197056 0.130746 -0.0368818 -0.0219199 0.0743489 
-0.00797195 -0.02461 0.0290768 -0.0159948 0.00340752 -0.0115576 
-0.0675655 -0.0297464 -0.0728065 0.00484739 0.02888 -0.0979561 
-0.124922 -0.0355396 -0.169318 0.0242098 0.0533964 -0.181111 
-0.176532 -0.0424473 -0.253096 0.0402632 0.0754562 -0.255935 
-0.186563 -0.0455286 -0.266168 0.0419109 0.0797438 -0.270478 
-0.129581 -0.0406701 -0.168527 0.0218114 0.0553879 -0.187867 
-0.0754596 -0.0394246 -0.0697261 2.96797e-05 0.0322542 -0.109401 
-0.0258967 -0.0420763 0.0276225 -0.022995 0.0110692 -0.0375452 
0.0253046 -0.0440531 0.126855 -0.0462095 -0.0108162 0.0366862 
0.0691212 -0.0498147 0.219219 -0.0694485 -0.029545 0.100211 
0.0907421 -0.0645375 0.286559 -0.0908001 -0.0387866 0.131557 
0.0329122 -0.0829464 0.212585 -0.0820448 -0.0140679 0.0477156 
-0.0355527 -0.11997 0.153145 -0.0845884 0.0151965 -0.0515443 
-0.0211051 -0.135979 0.210699 -0.105241 0.00902119 -0.0305976 
0.0141808 -0.148442 0.300887 -0.131939 -0.00606133 0.02056 
0.000262574 -0.209884 0.390805 -0.18054 -0.000112282 0.000380257 
-0.000840142 -0.260007 0.4856 -0.22681 0.000359188 -0.00121734 
-1.83562e-05 -0.309013 0.583671 -0.274682 7.83897e-06 -2.66747e-05 
0.000160247 -0.358398 0.683105 -0.32448 -6.85527e-05 0.000231792 
-2.96864e-05 -0.407375 0.782827 -0.375494 1.27786e-05 -4.22086e-05 
-3.61508e-06 -0.455285 0.882481 -0.427201 1.55249e-06 -5.16545e-06 
-1.23192e-07 -0.502455 0.982027 -0.479567 1.88911e-07 1.17556e-06 
5.42391e-07 -0.545047 1.07374 -0.52869 -5.14115e-07 -2.09965e-06 
-2.61209e-07 -0.491456 0.974819 -0.483364 2.64192e-07 1.17287e-06 
5.19953e-08 -0.438895 0.875406 -0.43651 -5.2324e-08 -2.65178e-07 
-1.30596e-07 -0.387769 0.776813 -0.389045 1.3062e-07 6.28563e-07 
-2.91092e-08 -0.338047 0.679975 -0.34193 2.91021e-08 1.4183e-07 
1.97987e-08 -0.289939 0.584326 -0.294386 -1.97938e-08 -8.84532e-08 
-5.03704e-09 -0.244852 0.495329 -0.250476 5.03552e-09 2.59576e-08 
4.06321e-09 -0.203597 0.413355 -0.209758 -4.06358e-09 -2.08785e-08 
2.70903e-09 -0.160649 0.326189 -0.165541 -2.70888e-09 -1.24176e-08 
-5.11252e-09 -0.120423 0.243747 -0.123324 5.11277e-09 3.01036e-08 
-2.19337e-08 -0.0996882 0.200189 -0.100501 2.19338e-08 1.211e-07 
-1.25397e-10 -0.1354 0.275937 -0.140537 1.25353e-10 1.91761e-09 
1.25345e-08 -0.167747 0.343334 -0.175587 -1.25345e-08 -6.68942e-08 
2.21573e-08 -0.207912 0.426264 -0.218352 -2.21573e-08 -1.19004e-07 
2.98068e-08 -0.244658 0.501997 -0.257339 -2.98068e-08 -1.60376e-07 
3.39446e-08 -0.262295 0.538395 -0.276101 -3.39446e-08 -1.82773e-07 
3.10985e-08 -0.232177 0.476687 -0.24451 -3.10985e-08 -1.67515e-07 
2.51802e-08 -0.183997 0.377823 -0.193827 -2.51802e-08 -1.35669e-07 
1.89172e-08 -0.136321 0.279953 -0.143632 -1.89172e-08 -1.0194e-07 
1.23757e-08 -0.0882787 0.181305 -0.0930265 -1.23757e-08 -6.66966e-08 
6.42276e-09 -0.0455835 0.093622 -0.0480385 -6.42276e-09 -3.46163e-08 
2.18498e-09 -0.0154221 0.0316761 -0.016254 -2.18498e-09 -1.17769e-08 
4.40606e-11 -0.000227624 0.000468781 -0.000241158 -4.40605e-11 -2.38168e-10 
0 -2.77556e-17 -2.77556e-17 1.38778e-17 1.65436e-24 0 
0 0 0 0 0 0 
