-2.43545 -3 -0.620729 3.62073 2.43545 -5.96154e-08 
3.35767 1.22672 -0.191853 -1.03487 -3.35767 5.74243e-06 
-1.35319 3.40839 3.55001 -6.95844 1.35319 -2.55783e-05 
0.219451 -1.03935 1.82094 -0.781585 -0.219451 5.02873e-05 
0.0016563 -0.003427 0.00174303 0.00168397 -0.0016563 9.17265e-09 
0.172547 0.0761369 0.278701 -0.354838 -0.172547 -1.25066e-08 
0.813979 0.390032 1.26498 -1.65501 -0.813979 -2.1763e-07 
-2.07357 -0.0774229 0.160312 -0.0830816 2.07357 3.97604e-05 
1.07264 0.377383 -0.199484 -0.177899 -1.07264 -3.91254e-08 
-5.3112 -6.35855 0.368029 5.99052 5.3112 -9.47882e-07 
-5.0272 -2.11088 -8.24916 10.36 5.0272 -4.37753e-07 
3.26099 1.47457 4.58124 -6.05581 -3.26099 -5.37589e-07 
-5.20551 -2.75637 4.98704 -2.23067 5.20551 -4.54405e-07 
-0.152429 -0.196341 0.00682741 0.189514 0.152429 -4.80526e-09 
-0.131899 -0.145092 0.0147833 0.130308 0.131899 -2.45e-09 
1.20471 1.28282 0.0825236 -1.36534 -1.20471 -3.37591e-08 
0.261843 -0.487335 0.881068 -0.393737 -0.261843 3.17475e-06 
-1.03491 -0.480648 -1.6949 2.17555 1.03491 1.25485e-08 
-2.39211 -1.1456 -3.96625 5.11186 2.39211 -1.46253e-06 
-2.09478e-07 1.44119 -3 1.55881 2.09478e-07 1.14707e-06 
