1.13194 1.5976 -0.119028 -1.47857 -1.13194 3.55271e-15 
0.370289 0.453394 -0.617632 0.164238 -0.370289 -1.02183e-07 
1.17912 1.50615 -0.319462 -1.18668 -1.17912 -2.76138e-09 
1.17348 1.08211 0.870148 -1.95226 -1.17348 -6.02088e-07 
1.46065 0.617648 1.85141 -2.46905 -1.46065 -7.78827e-08 
1.40727 0.55851 1.75465 -2.31316 -1.40727 -1.41017e-08 
-0.0126607 -0.166541 -0.608849 0.77539 0.0126607 2.37966e-08 
-0.120679 -0.503412 -2.03116 2.53457 0.120679 -1.74823e-08 
-1.0489 -1.56445 0.000374825 1.56407 1.0489 -2.17254e-08 
0.562536 0.652269 0.407601 -1.05987 -0.562536 2.5367e-08 
1.46134 0.603064 1.8492 -2.45226 -1.46134 -5.05765e-08 
-1.05345 -0.662591 -2.37033 3.03292 1.05345 -7.08486e-08 
0.0122748 -1.23734 -0.548977 1.78632 -0.0122748 -1.43332e-09 
-1.60381 -1.55112 0.156692 1.39443 1.60381 6.64209e-09 
-1.59646 -1.69246 0.129154 1.56331 1.59646 -2.57106e-09 
-0.679826 -0.709545 0.301799 0.407746 0.679826 1.97922e-08 
1.23138 0.891352 1.25967 -2.15103 -1.23138 -8.98985e-08 
1.74183 0.682848 2.28705 -2.9699 -1.74183 -2.90917e-09 
-0.675859 -0.496156 -1.87941 2.37557 0.675859 3.76958e-07 
7.85313e-09 -1.38448 -0.245048 1.62953 -7.85313e-09 -6.664e-08 
