-0 -0 -0 0 0 -0 
0.295396 0.171981 0.00255194 -0.174533 -0.295396 -9.13562e-08 
0.0116823 -0.301464 1.3927 -1.09124 -0.0116823 3.92467e-07 
0.0876365 -0.355893 0.760183 -0.40429 -0.0876365 5.27292e-07 
0.00868635 -0.00198543 0.0130864 -0.011101 -0.00868635 8.03588e-09 
-0.0111003 -0.0229566 -0.0247763 0.0477329 0.0111003 2.64403e-08 
-2.43645 -1.15467 -4.02337 5.17804 2.43645 -1.51698e-09 
0.759928 -0.166849 0.322632 -0.155783 -0.759928 3.31595e-07 
-1.73686 -0.266981 0.429706 -0.162725 1.73686 7.05886e-08 
4.42837 4.79922 0.440805 -5.24003 -4.42837 -6.79792e-08 
-0.240289 -0.241618 -0.427054 0.668671 0.240289 2.7153e-07 
0.0831864 0.029759 0.0219709 -0.05173 -0.0831864 -1.61956e-07 
0.0463741 -0.461907 0.96244 -0.500534 -0.0463741 1.19648e-07 
0.132802 0.00960661 -0.0352594 0.0256527 -0.132802 -5.93144e-09 
-0.09192 -0.150199 -0.000680432 0.15088 0.09192 -4.85624e-09 
1.93414 2.1379 0.154508 -2.2924 -1.93414 3.36705e-08 
0.0698161 -0.178309 0.361747 -0.183439 -0.0698161 2.67818e-07 
0.22652 0.0814648 0.357002 -0.438466 -0.22652 -7.94879e-09 
-0.0216923 -0.0337502 -0.25917 0.29292 0.0216923 1.76556e-06 
-6.22413e-22 4.28216e-15 -8.91378e-15 4.63162e-15 6.22413e-22 3.40825e-21 
