-0.00146638 -1.43524 3 -1.56476 0.00146638 1.13601e-06 
-6.45295e-05 -0.198672 0.535506 -0.336834 6.45295e-05 -6.22799e-06 
-0.0114177 1.45235 -2.08279 0.630432 0.0114177 -1.31847e-05 
-0.000268173 -1.97465 4.12902 -2.15436 0.000268173 2.28444e-06 
1.19198e-05 -2.69079 3.62757 -0.936778 -1.19198e-05 -1.12054e-06 
1.34931e-05 -2.47006 2.78128 -0.311207 -1.34931e-05 -8.45626e-06 
7.19615e-05 0.381881 1.62425 -2.00613 -7.19615e-05 -0.000179302 
-5.64263e-05 -0.787222 1.54227 -0.755025 5.64263e-05 0.000141263 
2.16048e-06 1.35026 -0.811429 -0.538824 -2.16048e-06 -5.46823e-06 
2.07908e-06 0.271297 -0.609251 0.337956 -2.07908e-06 -5.40917e-06 
-2.79413e-05 -2.10395 -1.67414 3.77808 2.79413e-05 8.01243e-05 
5.10961e-07 -0.151193 -0.428367 0.57956 -5.10961e-07 -1.74437e-06 
4.35221e-07 -0.665423 -3.15801 3.82344 -4.35221e-07 -1.45487e-06 
2.97362e-07 1.4289 -3.12811 1.69922 -2.97362e-07 -9.78349e-07 
-6.21275e-07 1.13607 0.0503041 -1.18638 6.21275e-07 2.2025e-06 
-6.10121e-06 1.29211 -2.82706 1.53475 6.10121e-06 2.81972e-05 
-1.53618e-07 -0.102505 0.237493 -0.134992 1.53618e-07 7.40605e-07 
-2.74042e-09 -1.20544 2.64509 -1.43966 2.74042e-09 3.40744e-09 
-4.01795e-10 -0.295231 0.646048 -0.350816 4.01795e-10 -3.2432e-10 
-3.9113e-10 -0.313566 0.685935 -0.372369 3.9113e-10 -4.97691e-10 
