0 0 0 0 0 0 
-0.000137605 -0.135583 0.2842 -0.148618 0.000137605 6.48912e-08 
1.22335e-05 -0.361487 0.711012 -0.349525 -1.22335e-05 -2.4176e-07 
1.30099e-06 -0.437665 0.771522 -0.333857 -1.30099e-06 -1.0841e-07 
-3.1147e-07 -0.497508 0.83518 -0.337672 3.1147e-07 -3.65205e-07 
5.08187e-08 -0.675742 1.05963 -0.383888 -5.08187e-08 -2.57275e-07 
-4.09544e-07 -0.984787 1.35034 -0.365548 4.09544e-07 9.68509e-07 
6.27139e-08 -1.17384 1.5779 -0.404058 -6.27139e-08 -1.92035e-07 
1.24549e-09 -1.37534 1.85323 -0.477885 -1.24549e-09 -3.81028e-08 
5.59302e-11 -1.56824 1.98659 -0.41835 -5.59302e-11 -3.08524e-08 
1.32863e-08 -1.8023 2.00113 -0.19883 -1.32863e-08 -6.66905e-08 
-8.49564e-09 -2.02569 1.97869 0.0469987 8.49564e-09 4.16645e-10 
-1.05647e-08 -2.08223 1.95327 0.128957 1.05647e-08 9.1909e-09 
4.28553e-09 -2.16709 1.87306 0.294033 -4.28553e-09 -4.07041e-08 
2.88592e-11 -2.23471 1.75844 0.476273 -2.88592e-11 -2.41754e-08 
1.42983e-08 -2.12467 1.43001 0.69466 -1.42983e-08 -8.61975e-08 
-4.4027e-09 -1.93124 0.975562 0.955675 4.4027e-09 -1.44239e-09 
-4.41994e-09 -1.81345 0.713684 1.09977 4.41994e-09 -1.25382e-10 
-4.29679e-09 -1.72624 0.522815 1.20343 4.29679e-09 -4.87698e-11 
-4.25748e-09 -1.69491 0.454262 1.24064 4.25748e-09 3.55271e-15 
