-0 -0 0 -0 0 0 
-0.000530014 -0.530835 1.12029 -0.589457 0.000530014 -1.48887e-07 
0.000365221 -0.485336 0.749008 -0.263672 -0.000365221 1.31706e-06 
-5.51043e-06 -0.0238216 -0.141852 0.165673 5.51043e-06 -1.63729e-06 
-2.83601e-08 -0.233784 0.30857 -0.0747861 2.83601e-08 -2.56751e-07 
2.17599e-06 -0.485807 0.557744 -0.0719374 -2.17599e-06 -4.60189e-06 
1.42894e-07 -0.481233 0.343235 0.137997 -1.42894e-07 -1.89938e-07 
-1.33893e-06 -0.476464 0.690047 -0.213582 1.33893e-06 3.35931e-06 
8.8398e-07 -0.0246302 0.153124 -0.128494 -8.8398e-07 -2.22319e-06 
-3.59522e-07 -0.568815 0.293627 0.275188 3.59522e-07 9.05313e-07 
-3.2689e-08 -0.873078 -0.104341 0.977419 3.2689e-08 1.04337e-07 
2.11817e-11 -0.318918 0.290087 0.028831 -2.11817e-11 -4.71122e-09 
7.12055e-09 -0.0968383 -0.291088 0.387928 -7.12055e-09 -1.66139e-08 
3.08494e-07 -0.310726 0.157151 0.153576 -3.08494e-07 -1.09152e-06 
-8.13791e-08 0.00196461 -0.680146 0.678181 8.13791e-08 3.12957e-07 
-3.39054e-07 0.490155 -1.20771 0.717563 3.39054e-07 1.4343e-06 
1.43904e-09 0.283393 -0.639247 0.355854 -1.43904e-09 -3.2704e-09 
4.44253e-10 0.265376 -0.581266 0.315889 -4.44253e-10 -6.59194e-11 
1.76162e-10 0.138819 -0.303691 0.164871 -1.76162e-10 2.07408e-10 
1.52771e-25 1.22476e-16 -2.67919e-16 1.45443e-16 -1.52771e-25 1.94393e-25 
