-0 -0 -0 0 0 0 
-0.991052 -1.27733 -0.218763 1.49609 0.991052 8.85296e-08 
-1.355 -1.67706 -0.340593 2.01765 1.355 -1.72977e-08 
-0.495122 -0.380898 -0.27591 0.656808 0.495122 -4.91405e-07 
0.65829 0.684138 -0.234447 -0.449691 -0.65829 -5.77102e-07 
0.788534 0.190841 -0.072448 -0.118393 -0.788534 4.80605e-07 
-0.388311 -0.0291122 0.0283508 0.00076145 0.388311 6.5891e-07 
0.278799 0.153634 -0.000374027 -0.15326 -0.278799 -7.46712e-08 
0.0487001 0.528435 -0.753643 0.225208 -0.0487001 -5.98661e-08 
-0.0982586 0.33113 -0.00469999 -0.326429 0.0982586 -8.41122e-08 
0.251746 0.262629 0.185629 -0.448258 -0.251746 3.44106e-07 
0.357683 0.516504 -0.24259 -0.273913 -0.357683 -2.38168e-06 
0.20137 0.322061 0.0430702 -0.365132 -0.20137 -1.19622e-07 
-0.0316678 0.31541 -0.453977 0.138566 0.0316678 9.94106e-07 
0.25925 0.344252 0.479251 -0.823503 -0.25925 -8.16775e-07 
0.115189 -0.156163 0.988663 -0.832503 -0.115189 2.78513e-06 
0.0175186 -0.16296 0.402003 -0.239042 -0.0175186 -1.40219e-07 
0.0122615 0.177689 -0.381827 0.204138 -0.0122615 1.01378e-06 
0.00118338 0.104325 0.591923 -0.696248 -0.00118338 -1.27064e-07 
8.11118e-17 -4.28273e-16 1.64821e-15 -1.21994e-15 -8.11118e-17 1.39684e-22 
