0 0 -0 0 -0 -0 
-2.29429e-06 0.0898401 -0.437347 0.347506 2.29429e-06 5.89486e-06 
1.99136e-06 -0.602546 1.25124 -0.648696 -1.99136e-06 -4.8666e-06 
-4.45904e-07 -0.0388383 0.0671107 -0.0282725 4.45904e-07 1.08071e-06 
-0.000861088 -0.692822 0.426423 0.266736 0.00119586 0.000352212 
-0.0187029 -0.0408945 0.0527007 -0.00446126 0.0260292 0.00736525 
0.0317062 0.0353637 -0.060409 0.0125936 -0.0441261 -0.0124854 
0.594776 1.30301 -1.72608 0.892812 -0.12623 0.471036 
-0.917797 -1.59982 2.15294 0.781774 2.25987 1.32717 
-0.477511 -0.237333 -0.0513169 0.27511 0.783696 -0.357837 
-1.23765 -0.615063 0.0269 0.587729 -1.05962 -4.07612 
-0.283676 -0.143498 0.0091858 0.133867 -0.120539 -0.659713 
2.65812 1.36338 -0.0470679 -1.31629 3.02924 0.405229 
-1.71723 -0.956709 0.0115242 0.945298 3.94466 5.82426 
1.82969 1.05352 0.0241251 -1.0744 -3.77078 -0.791975 
0.228151 0.155866 -0.0346624 -0.0997841 -0.23036 0.0550595 
-0.00489994 -0.000152011 -0.00769711 -3.31887e-06 0.00160127 -0.00774845 
-1.66881 -0.204157 -2.9822 0.779805 0.738227 -2.40659 
0.317485 -0.0157618 0.624573 -0.151601 -0.140897 0.4573 
-1.95688e-22 6.90149e-16 -1.42151e-15 7.31364e-16 1.95688e-22 1.06069e-21 
