-0 -0 -0 0 0 -0 
-1.02523 -1.26511 -0.259976 1.52508 1.02523 -2.06708e-08 
-0.562761 -0.762836 -0.101778 0.864614 0.562761 1.25103e-07 
-0.0537966 0.0966313 -0.491946 0.395315 0.0537966 -1.00014e-06 
0.160725 0.0928744 -0.0027577 -0.0901168 -0.160725 5.66117e-07 
0.486542 0.617005 -0.605079 -0.0119261 -0.486542 4.31344e-07 
0.847024 1.01751 -0.654092 -0.363419 -0.847024 1.14435e-06 
0.506669 0.866949 0.207528 -1.07447 -0.506669 -1.86522e-06 
0.0133969 -0.268867 1.19489 -0.926022 -0.0133969 4.01128e-07 
-0.00349628 -0.031821 0.0257807 0.00604035 0.00349628 7.24089e-07 
0.0319674 0.417618 -1.34584 0.928226 -0.0319674 -1.7937e-07 
0.174255 0.44527 -1.0189 0.573626 -0.174255 2.74421e-07 
1.09513 0.437179 -1.25412 0.816942 -1.09513 1.84722e-06 
0.158418 -0.0408525 0.1243 -0.0834466 -0.158418 -1.85553e-08 
0.308834 -0.95621 2.15463 -1.19842 -0.308834 -2.88161e-06 
5.14891e-17 -6.60594e-16 1.40929e-15 -7.487e-16 -5.14891e-17 -3.31725e-22 
