1.13194 1.5976 -0.119028 -1.47857 -1.13194 3.55271e-15 
0.750718 1.12774 -0.216032 -0.91171 -0.750718 -8.80056e-09 
-0.0306658 0.148484 -0.405167 0.256683 0.0306658 5.47378e-09 
-0.0360585 0.245092 -0.502716 0.257623 0.0360585 -2.61493e-07 
0.518466 0.463607 -0.629323 0.165715 -0.518466 -1.58596e-07 
0.521445 0.551765 -0.661252 0.109487 -0.521445 4.21512e-09 
0.702596 1.00401 -1.09118 0.0871682 -0.702596 -1.97891e-07 
0.973581 1.40742 -1.19797 -0.209452 -0.973581 -1.14454e-07 
1.17908 1.50702 -0.323415 -1.1836 -1.17908 -3.98179e-09 
1.13034 1.59956 -0.11415 -1.48541 -1.13034 3.87493e-08 
1.15895 1.72291 -0.402462 -1.32045 -1.15895 -1.08579e-07 
1.21204 2.03302 -1.1544 -0.878618 -1.21204 -9.67887e-10 
1.48894 2.32607 -1.88135 -0.444727 -1.48894 1.95425e-09 
2.35739 2.35391 -1.96364 -0.390271 -2.35739 -5.93817e-08 
2.62556 1.98694 -1.0499 -0.937039 -2.62556 -7.98375e-08 
2.68946 1.61734 -0.245048 -1.37229 -2.68946 3.55271e-15 
