-1.49366 -1.8399 -0.380692 2.22059 1.49366 -3.6562e-08 
-1.14403 -1.42463 -0.282366 1.70699 1.14403 2.7216e-09 
3.0077 3.49217 0.893848 -4.38602 -3.0077 4.97944e-07 
3.20804 0.370733 0.282215 -0.652949 -3.20804 2.4822e-06 
-3.07217 -1.00973 0.0980853 0.911641 3.07217 -6.15303e-07 
-6.82062 0.60248 -5.11437 4.51189 6.82062 -7.20364e-06 
0.867679 1.28083 -0.366897 -0.913911 -0.867679 1.83411e-05 
1.34645 2.33826 3.47975 -5.81815 -1.34645 0.0001866 
-1.01085 2.79199 1.26345 -4.05547 1.01085 -1.89893e-05 
0.761965 -1.53518 -2.06922 3.60441 -0.761965 -7.73798e-06 
-0.243667 1.58846 -3.59099 2.00253 0.243667 1.24653e-06 
0.22285 -0.600958 1.2044 -0.603498 -0.22285 -9.73673e-06 
2.07658 -1.7553 3.971 -2.21557 -2.07658 0.000161135 
-4.81016 0.95865 -2.93298 1.97432 4.81016 4.62965e-06 
-1.49303 1.48658 -3.89755 2.41102 1.49303 0.00012015 
-0.146142 1.87497 -4 2.12504 0.146142 9.41536e-07 
