-1.49366 -1.8399 -0.380692 2.22059 1.49366 -3.6562e-08 
2.18106 2.52474 0.652752 -3.17749 -2.18106 3.76325e-07 
-1.79929 -0.612578 0.53072 0.0818579 1.79929 1.37855e-06 
-2.63255 -1.35553 5.64172 -4.28619 2.63255 -3.85886e-07 
-0.821247 -2.44708 3.86471 -1.41744 0.821247 -0.000156119 
0.709392 -1.34774 -2.15572 3.50347 -0.709392 -6.65995e-06 
-0.0155685 1.18079 -2.21772 1.03693 0.0155685 -1.00611e-07 
-1.02882 2.57803 -5.23787 2.6598 1.02882 1.64232e-05 
-2.5971 -0.980248 -4.26702 5.24727 2.5971 4.98246e-07 
0.12542 0.050852 0.201435 -0.252287 -0.12542 -8.17719e-12 
-0.0561273 -0.0333208 -0.0965527 0.129873 0.0561273 -3.84039e-09 
-2.48954 -1.16184 -4.08013 5.24197 2.48954 5.80613e-08 
2.89963 1.36186 4.67175 -6.03361 -2.89963 -2.78228e-07 
-1.6276 -0.820106 -3.00982 3.82993 1.6276 -6.28774e-06 
-3.26504 -3.14712 6.16238 -3.01526 3.26504 -2.04373e-05 
-2.79304e-07 1.92159 -4 2.07841 2.79304e-07 1.52943e-06 
