-0 -0 -0 0 0 -0 
-0.983733 -1.25375 -0.225609 1.47936 0.983733 5.96626e-08 
1.16263 0.421755 -0.0738644 -0.347891 -1.16263 5.112e-07 
0.165429 0.712971 -0.750773 0.0378016 -0.165429 -3.65399e-07 
0.453338 0.705153 0.764817 -1.46997 -0.453338 -4.56418e-06 
-0.00444528 -0.038017 0.0483919 -0.0103748 0.00444528 7.0783e-07 
0.00268126 -0.284201 0.52312 -0.238919 -0.00268126 -1.69571e-07 
0.11963 -0.321398 0.652762 -0.331364 -0.11963 2.69279e-08 
0.0805742 -0.0772957 0.107605 -0.0303096 -0.0805742 1.99237e-07 
0.0473901 0.019022 0.0760413 -0.0950633 -0.0473901 2.99181e-10 
0.189487 0.0754888 0.303021 -0.37851 -0.189487 -4.54093e-09 
-1.25419 -0.604002 -2.06456 2.66856 1.25419 2.92588e-08 
-1.04708 -0.498759 -1.7729 2.27166 1.04708 -1.14855e-07 
-0.199192 -0.122089 -0.582551 0.70464 0.199192 1.60976e-06 
-0.0180148 -0.263671 0.514859 -0.251187 0.0180148 -8.2295e-07 
-4.05921e-22 2.79271e-15 -5.81334e-15 3.02062e-15 4.05921e-22 2.22277e-21 
