1.13194 1.5976 -0.119028 -1.47857 -1.13194 3.55271e-15 
0.0823541 0.295642 -0.381111 0.0854691 -0.0823541 -7.59548e-09 
0.317551 0.386298 -0.621389 0.235091 -0.317551 -3.27166e-07 
0.566213 0.754392 -0.929057 0.174665 -0.566213 -3.81982e-08 
1.04607 1.52835 -1.12773 -0.400624 -1.04607 -3.05733e-08 
1.13035 1.59903 -0.112979 -1.48605 -1.13035 3.79608e-08 
1.16054 1.26939 0.521842 -1.79124 -1.16054 -1.07209e-08 
1.22738 0.901533 1.23875 -2.14029 -1.22738 -9.88369e-08 
1.46595 0.615281 1.85913 -2.47441 -1.46595 -7.04005e-08 
1.52042 0.593955 1.93235 -2.5263 -1.52042 4.44253e-10 
1.6931 0.664087 2.20952 -2.87361 -1.6931 -1.52185e-09 
1.39503 0.503467 1.70899 -2.21246 -1.39503 2.87417e-09 
-0.840162 -0.559007 -1.98505 2.54406 0.840162 -2.45055e-09 
-0.685308 -0.502723 -1.91452 2.41724 0.685308 5.19037e-07 
0.00303716 -0.550177 -1.94027 2.49045 -0.00303716 -1.0944e-08 
7.85313e-09 -1.38448 -0.245048 1.62953 -7.85313e-09 -6.664e-08 
