0 0 0 0 0 0 
-0.00163706 0.0382331 -0.0813244 0.0430912 0.00163706 -7.65419e-08 
-0.00383259 0.140862 -0.298524 0.157661 0.00383259 -2.78299e-07 
0.0114614 0.208356 -0.432995 0.224638 -0.0114614 -3.8279e-07 
-0.0340605 0.17282 -0.380933 0.208112 0.0340605 -3.90894e-07 
0.0781207 0.21974 -0.423527 0.203787 -0.0781207 -2.92462e-07 
0.376568 0.338807 -0.517828 0.179021 -0.376568 -1.9049e-08 
0.383972 0.367419 -0.549129 0.181711 -0.383972 -6.60654e-08 
0.35166 0.350357 -0.505259 0.154902 -0.35166 -1.52751e-07 
0.486107 0.38197 -0.492649 0.110679 -0.486107 1.32965e-08 
0.420193 0.451292 -0.625726 0.174434 -0.420193 -9.12131e-09 
0.491317 0.488994 -0.609943 0.120949 -0.491317 -2.10415e-07 
0.451491 0.534607 -0.710104 0.175497 -0.451491 -1.3899e-07 
0.48721 0.580736 -0.740464 0.159728 -0.48721 -4.80649e-08 
0.581321 0.669076 -0.823862 0.154785 -0.581321 -1.08188e-08 
0.537926 0.700579 -0.88495 0.184371 -0.537926 2.71592e-08 
0.569072 0.72596 -0.877228 0.151268 -0.569072 -1.67492e-07 
0.54281 0.786704 -0.935084 0.148379 -0.54281 -1.18444e-07 
0.589881 0.829227 -0.975294 0.146068 -0.589881 -9.57003e-08 
0.617197 0.855577 -0.886386 0.0308093 -0.617197 1.82766e-08 
0.673386 0.910693 -0.920628 0.00993476 -0.673386 -7.91045e-08 
0.815335 1.11255 -1.04705 -0.0654975 -0.815335 -6.85533e-09 
1.0116 1.42934 -1.04022 -0.389124 -1.0116 -1.35108e-07 
1.11824 1.53158 -0.698863 -0.832713 -1.11824 -1.74901e-07 
1.14676 1.4748 -0.409837 -1.06496 -1.14676 -3.52631e-08 
1.15146 1.45225 -0.332884 -1.11936 -1.15146 -7.71741e-09 
1.15048 1.53736 -0.440904 -1.09646 -1.15048 -1.89816e-07 
1.1607 1.48753 -0.271842 -1.21569 -1.1607 -6.37679e-09 
1.15312 1.45564 -0.199919 -1.25572 -1.15312 -8.46954e-08 
1.1399 1.47617 -0.223159 -1.25301 -1.1399 -2.88545e-07 
1.14179 1.64297 -0.399039 -1.24393 -1.14179 -5.4709e-08 
1.14268 1.70612 -0.462388 -1.24374 -1.14268 8.39643e-08 
1.14061 1.69697 -0.402832 -1.29413 -1.14061 -1.03952e-07 
1.13908 1.68074 -0.353513 -1.32723 -1.13908 -2.50648e-07 
1.13314 1.61238 -0.158922 -1.45345 -1.13314 -8.58497e-07 
1.13155 1.58999 -0.103306 -1.48668 -1.13155 -1.13137e-06 
1.13197 1.62264 -0.126841 -1.4958 -1.13197 5.9816e-08 
1.13127 1.63958 -0.167635 -1.47194 -1.13127 -2.45297e-08 
1.13237 1.61295 -0.109025 -1.50393 -1.13237 1.63086e-09 
1.13807 1.46768 0.201115 -1.66879 -1.13807 1.23377e-09 
1.14147 1.31063 0.516633 -1.82726 -1.14147 7.77923e-09 
1.14544 1.32984 0.440902 -1.77074 -1.14544 -3.07769e-08 
1.15726 1.27113 0.553874 -1.825 -1.15726 -9.41407e-08 
1.16599 1.19974 0.636705 -1.83645 -1.16599 -2.76924e-09 
1.15758 1.11602 0.801745 -1.91777 -1.15758 -1.72293e-07 
1.16739 1.03177 0.973537 -2.00531 -1.16739 1.13369e-08 
1.21938 0.984601 1.06981 -2.05441 -1.21938 -1.85626e-10 
1.27907 0.846274 1.35051 -2.19678 -1.27907 -6.09305e-08 
1.27476 0.806108 1.43204 -2.23815 -1.27476 -8.10295e-08 
1.29466 0.800908 1.44053 -2.24143 -1.29466 5.22677e-09 
1.31112 0.754773 1.51954 -2.27431 -1.31112 -9.38666e-08 
1.39542 0.687468 1.6135 -2.30097 -1.39542 -1.25023e-07 
1.60627 0.54404 1.88585 -2.42989 -1.60627 4.25649e-07 
2.04847 0.486185 1.99333 -2.47952 -2.04847 1.48569e-08 
2.3905 0.55206 1.8708 -2.42286 -2.3905 -7.55207e-08 
2.47225 0.641695 1.70035 -2.34204 -2.47225 -4.87518e-08 
2.59584 0.883765 1.22549 -2.10925 -2.59584 3.04915e-09 
2.64878 1.06737 0.855822 -1.92319 -2.64878 -2.16605e-07 
2.66954 1.18448 0.616589 -1.80107 -2.66954 3.50821e-10 
2.68055 1.26353 0.454262 -1.71779 -2.68055 -1.13484e-07 
