-0 0 -0 0 0 -0 
0.216293 0.153904 -0.189946 0.0360419 -0.216293 -1.8702e-07 
0.546644 0.14508 -0.0967219 -0.0483578 -0.546644 4.55114e-07 
0.0543954 0.0116731 -0.00462938 -0.00704368 -0.0543954 -3.94846e-09 
0.0023978 -0.000479073 -0.436952 0.437431 -0.0023978 -1.64798e-06 
-4.16829e-05 0.755357 -1.76499 1.00963 4.16829e-05 2.85602e-05 
3.31769e-06 -0.858191 1.77348 -0.915291 -3.31769e-06 -5.38466e-06 
7.86209e-07 -0.455582 0.946673 -0.491091 -7.86209e-07 -3.79355e-06 
7.54927e-09 -0.00560059 0.0116398 -0.00603917 -7.54927e-09 -4.71127e-08 
-6.82137e-08 -0.326701 0.670766 -0.344065 6.82144e-08 -1.59498e-06 
4.5224e-06 -0.0856921 0.153874 -0.0681823 -4.5224e-06 -1.10674e-05 
-6.9422e-05 -0.442519 0.712059 -0.269542 6.94157e-05 0.000168385 
-0.000594319 -0.0276667 0.0172556 0.0104931 0.000671404 -0.000124769 
0.235307 0.424348 -0.629895 0.104488 -0.330372 0.155292 
-0.00936277 -0.0222131 0.0296839 -0.00351264 0.0130861 -0.00608231 
-0.104928 -0.217539 0.286899 -0.0281658 0.143678 -0.0633005 
-0.270302 -0.531398 0.689938 -0.0565749 0.366218 -0.156682 
0.575306 1.0581 -1.40796 0.132219 -0.780037 0.334435 
1.276 2.40688 -3.17401 0.436411 -1.5871 0.508192 
0.646737 1.34506 -1.76421 0.841298 -0.249625 -0.648697 
-0.711238 -1.05378 1.40804 1.23092 2.20519 -2.31029 
-1.13108 -1.86353 2.4837 1.10722 2.77719 -1.70653 
-0.614088 -1.07478 1.45137 0.526703 1.51882 1.07321 
0.40086 0.51914 -0.640656 -0.332612 -0.682254 6.90685 
-0.0774172 -0.0967768 0.0418904 0.110162 0.142184 -0.49141 
0.130172 0.0436983 0.0272617 -0.125674 -0.229449 0.524285 
1.29615 0.611269 -0.025532 -0.57764 -2.14607 0.85218 
1.10808 0.529362 -0.0136497 -0.516863 -2.36391 0.226012 
0.163395 0.0773048 -0.00144693 -0.076267 -0.522944 -0.152015 
0.271282 0.122604 0.000666635 -0.124817 -2.00042 -1.46145 
-2.9104 -1.44901 0.0700978 1.37983 -1.5734 -8.34946 
-0.11385 -0.0987806 0.055014 0.0436911 -0.279156 0.326022 
2.48422 1.27136 -0.0427028 -1.22866 2.83989 0.509692 
0.835931 0.44073 0.0281299 -0.468902 -0.339971 -1.41845 
-0.803934 -0.438322 0.0428167 0.395577 0.785662 1.81297 
-1.3845 -0.76995 0.0103756 0.759692 3.14831 4.69608 
-1.20037 -0.705859 0.00578413 0.699521 2.82041 3.19362 
0.756033 0.383242 0.019152 -0.401709 -1.70438 -1.45529 
2.22911 1.33488 0.0110806 -1.34577 -4.40828 0.298927 
-0.662298 -0.362703 -0.0966296 0.451922 1.61942 -0.182441 
0.0992519 -0.029008 0.430764 -0.14505 0.0378879 0.241673 
-0.956968 -0.112168 -1.7072 0.432708 0.418548 -1.3858 
-1.08596 -0.13363 -1.94109 0.509127 0.480712 -1.56567 
-0.47775 -0.0607811 -0.855115 0.227668 0.211862 -0.688335 
-0.0884063 -0.0114341 -0.158346 0.0424432 0.0392175 -0.127359 
-0.645515 -0.0983043 -1.16463 0.333333 0.286474 -0.929789 
0.610105 0.0253779 1.0978 -0.244566 -0.270759 0.878784 
0.013808 -0.0851147 0.177969 -0.0729687 -0.00612784 0.0198892 
1.63906e-07 -1.01494 2.00882 -0.993873 -1.61886e-07 -8.30974e-07 
1.54618e-22 -5.45303e-16 1.12317e-15 -5.77868e-16 -1.54618e-22 -8.38076e-22 
