0 0 0 0 0 0 
0.0068998 0.195672 -0.407761 0.212089 -0.0068998 -3.73883e-07 
-0.287798 0.228106 -0.691758 0.463652 0.287798 -4.62774e-07 
0.000497941 0.284669 -0.688837 0.404168 -0.000497941 -3.07591e-07 
0.000216977 0.352218 -1.04981 0.69759 -0.000216977 -7.64221e-07 
-4.20173e-06 0.402338 -1.32805 0.925715 4.20173e-06 1.70274e-06 
-2.01147e-06 0.0644715 -0.681772 0.617301 2.01147e-06 7.56689e-06 
-5.20331e-07 -0.51206 0.51389 -0.00183055 5.20331e-07 3.18999e-06 
-2.48761e-07 -0.688958 0.881531 -0.192572 2.48761e-07 1.70559e-06 
3.38475e-08 -1.00926 1.54574 -0.536485 -3.38473e-08 -7.64346e-07 
7.0568e-07 -0.910689 1.32488 -0.414188 -7.05681e-07 -1.54537e-06 
3.13148e-06 -1.07518 1.61374 -0.538563 -3.13162e-06 -7.63114e-06 
0.000734783 -1.46602 2.1158 -0.649886 -0.000829998 0.000152406 
-0.0541342 -1.56468 2.09215 -0.537579 0.0446251 0.0155338 
-0.0265628 -1.54259 2.05888 -0.535412 0.008583 0.0293703 
-0.0632574 -1.62228 2.16455 -0.546603 0.0591835 0.00665436 
-0.236616 -1.96685 2.61506 -0.586314 0.294836 -0.0951049 
-0.206798 -1.92995 2.55456 -0.574579 0.253866 -0.0768883 
0.687763 -0.26155 0.349469 -0.340436 -0.9253 0.388026 
1.55641 1.42225 -1.86701 0.177769 -1.80757 0.41027 
1.51097 1.51325 -1.97544 1.05387 -0.95396 -0.89039 
0.67853 0.186107 -0.206844 2.05385 1.2432 -2.71133 
-0.0914511 -1.11124 1.5285 2.74946 3.10949 -3.11411 
-0.228435 -1.42757 1.98363 2.87035 3.576 0.232475 
0.0560137 -1.00891 1.41301 2.64796 3.02625 3.88847 
0.0491036 -1.12947 1.59921 2.69335 3.06565 3.00658 
0.0213357 -1.15722 1.56801 2.73095 3.10627 3.15558 
1.24025 -0.575926 1.5499 2.16914 0.881231 3.7857 
1.71508 -0.349773 1.54467 1.94743 -0.306786 3.69695 
1.87378 -0.275546 1.54374 1.87359 -0.98586 3.3666 
0.926601 -0.751348 1.56735 2.32522 -2.73409 -0.759148 
-0.423177 -1.44452 1.62498 2.96125 -3.4256 -3.84801 
0.642937 -0.92686 1.63553 2.43289 -2.43244 -2.83819 
2.16096 -0.138491 1.62053 1.65955 -1.18456 -3.40806 
2.12239 -0.162071 1.65748 1.64617 -1.40852 -3.5771 
1.11143 -0.718999 1.6775 2.18319 0.520966 -0.418334 
0.0147305 -1.34066 1.68259 2.79966 3.10702 3.10269 
-0.309562 -1.56659 1.69218 3.01557 3.8077 3.49235 
1.35533 -0.599319 1.71081 2.03184 0.410986 3.0031 
2.29149 -0.0266839 1.6879 1.47394 -1.37096 3.17573 
2.12978 -0.0758123 1.56553 1.56803 -0.951902 3.05959 
2.14152 -0.0768975 1.65836 1.50686 -0.947271 3.08836 
1.18385 -0.192469 -0.0520788 1.95012 -0.524861 1.70582 
0.535951 -0.273382 -1.21085 2.25615 -0.237778 0.772062 
0.357162 -0.296304 -1.53096 2.34165 -0.158479 0.514482 
-0.10265 -0.358908 -2.35635 2.56744 0.0455552 -0.147856 
-0.0539804 -0.383758 -2.27895 2.58497 0.023956 -0.0777525 
-0.0168393 -0.418716 -2.14744 2.5419 0.00747312 -0.024255 
3.52359e-08 -0.820627 -1.35094 2.17157 -3.5217e-08 -1.81567e-07 
1.28424e-08 -1.26353 -0.454262 1.71779 -1.28424e-08 -9.30577e-08 
