-0.12238 0.776634 -1.71131 0.93468 0.12238 -1.56e-06 
0.857218 -1.49556 3.68093 -2.18538 -0.857218 3.31963e-06 
2.11452 -0.0506894 1.38881 -1.33813 -2.11452 8.07938e-07 
2.94143 0.635393 -0.26613 -0.369264 -2.94143 -2.64126e-07 
-0.196767 -0.0195859 0.415121 -0.395545 0.196767 -6.72942e-06 
0.00047497 0.362551 -0.747257 0.384705 -0.00047497 8.72544e-05 
-5.15445e-06 -0.0306096 0.0962185 -0.0656088 5.15445e-06 -6.06764e-06 
-1.5811e-06 0.648442 -1.34617 0.697729 1.5811e-06 5.16016e-06 
1.94559e-06 -1.44343 2.9999 -1.55647 -1.94559e-06 -1.21423e-05 
-2.55724e-06 1.4749 -3.09574 1.62084 2.55724e-06 1.53247e-05 
9.84665e-06 -1.44588 2.98782 -1.54194 -9.84663e-06 -3.20965e-05 
-0.00180632 -1.93734 3.14344 -1.20614 0.0018064 0.0043735 
0.0435689 2.08576 -1.29951 -0.792261 -0.0492198 0.00914452 
0.0544068 -0.648343 1.54871 -0.732832 0.103188 -0.257461 
-0.047992 -0.11162 0.148955 -0.0172591 0.0668766 -0.0308491 
-0.236727 -0.457447 0.597149 -0.0504158 0.320716 -0.1372 
0.115648 0.218212 -0.30393 0.0391481 -0.159456 0.0715618 
1.64999 3.09626 -4.06867 0.352333 -2.23328 0.952829 
-0.265923 -0.405617 0.54712 0.353718 0.731768 -0.760975 
-1.44024 -2.51149 3.32315 0.552468 2.72346 -2.09618 
-1.17987 -2.12624 2.81404 0.18435 2.01265 -0.787238 
0.114521 0.0822198 -0.0995562 -0.460062 -0.532148 2.14052 
0.496736 0.703823 -0.884226 -0.421588 -0.957006 5.66068 
1.21526 2.01507 -2.72294 -1.01603 -2.78537 3.81828 
-0.822703 -1.37114 1.82616 0.750032 1.66646 -10.1012 
-1.06922 -0.194157 -0.625321 0.305572 1.64214 3.30332 
2.77794 1.36592 -0.0144627 -1.37969 -4.68107 2.1113 
-1.48245 -0.711415 0.023041 0.687068 2.0455 -1.47901 
-0.716754 -0.33991 0.00682078 0.334728 2.1288 0.490692 
-1.13634 -0.568845 0.0258902 0.54175 -2.38243 -5.37534 
-0.039664 -0.0512393 0.0490558 0.00483924 3.66263 5.87583 
2.92977 1.44473 -0.0322991 -1.4134 1.70935 5.54468 
0.216067 0.197062 -0.0482499 -0.148322 0.117637 -3.85501 
-2.4568 -1.28435 0.0962834 1.18793 -2.86984 0.383202 
-1.54273 -0.850702 -0.0407318 0.891762 4.38018 6.28964 
0.184933 0.0803638 -0.0205736 -0.0601133 0.15238 -0.57178 
1.15523 0.551287 0.00970201 -0.562762 -3.19175 -6.8655 
3.63331 2.18004 0.022714 -2.19597 -7.44531 -1.23945 
-2.11454 -1.21704 -0.0582028 1.25884 4.37917 0.614322 
-7.44028 -4.469 0.031506 4.75798 15.9801 -1.50659 
3.48519 0.360285 6.5726 -1.718 -1.40564 5.18995 
-1.47824 -0.18774 -2.64584 0.719518 0.666655 -2.11643 
0.617936 0.0704688 1.10126 -0.278082 -0.271532 0.893321 
0.709581 0.0880577 1.26877 -0.33435 -0.314465 1.0226 
-1.58537 -0.20516 -2.83965 0.761313 0.703286 -2.28389 
1.07862 0.0897209 1.90591 -0.442316 -0.478682 1.55363 
-0.48599 -0.0501872 -0.737468 0.0877828 0.215678 -0.700012 
2.02681 -0.106396 4.01265 -0.987442 -0.899482 2.91939 
-4.16595e-05 -1.33535 2.90603 -1.57095 4.12687e-05 0.000180961 
-4.12985e-07 1.45651 -3 1.54349 4.12985e-07 2.23851e-06 
