-0 0 -0 -0 0 0 
-0.000857267 0.154061 -0.109535 -0.0445259 0.000857267 5.17323e-06 
0.00457198 -0.0711603 0.21846 -0.1473 -0.00457198 1.52839e-06 
-0.00694694 0.152456 -0.353544 0.201088 0.00694694 -6.02317e-07 
-0.00483797 0.117743 -0.251852 0.134109 0.00483797 2.94423e-08 
0.00076598 -0.0174825 0.03931 -0.0218274 -0.00076598 4.03174e-08 
0.00023298 -0.00546557 0.0120287 -0.00656311 -0.00023298 6.51743e-09 
0.00135743 -0.032199 0.0702565 -0.0380574 -0.00135743 2.42167e-08 
0.00446181 -0.106932 0.231463 -0.124531 -0.00446181 3.70832e-08 
0.0118072 -0.285416 0.614469 -0.329054 -0.0118072 2.48858e-08 
0.0214515 -0.538145 1.15098 -0.612833 -0.0214515 -7.40476e-09 
0.0224068 -0.620237 1.3099 -0.68966 -0.0224068 -2.14705e-08 
0.0134018 -0.47506 0.97763 -0.502569 -0.0134018 1.22187e-09 
0.00144815 -0.255435 0.486473 -0.231038 -0.00144815 4.09104e-08 
-0.0133919 -0.0931055 0.0369894 0.0561167 0.0133919 1.1106e-07 
0.038978 0.198972 -0.542271 0.343299 -0.038978 -3.64407e-07 
0.0823348 -0.0477883 0.129498 -0.0817101 -0.0823348 -6.21754e-07 
0.0237248 -0.157636 0.316556 -0.15892 -0.0237248 -1.15541e-07 
-0.0255997 -0.247247 0.430456 -0.183209 0.0255997 3.28619e-07 
-0.0425976 -0.407376 0.586849 -0.179473 0.0425976 7.88975e-07 
0.161003 -0.139833 0.0364851 0.103349 -0.161003 -1.16819e-07 
-0.0367281 -0.214715 0.452747 -0.238032 0.0367281 2.52805e-07 
-0.0179247 -0.0705536 0.15324 -0.0826867 0.0179247 -1.29579e-07 
-0.0278246 -0.104599 0.226507 -0.121908 0.0278246 -3.51739e-07 
-0.0570199 -0.236679 0.486908 -0.250229 0.0570199 -2.50925e-06 
0.0651484 -0.377827 0.77127 -0.393444 -0.0651484 2.80191e-06 
0.119827 -0.478935 0.9774 -0.498465 -0.119827 -3.40657e-06 
0.0964668 -0.329193 0.670093 -0.3409 -0.0964668 1.59534e-06 
0.0301297 -0.0970391 0.197072 -0.100033 -0.0301297 3.97119e-07 
0.0350401 -0.0894053 0.181517 -0.0921109 -0.0350401 3.04357e-07 
0.175636 -0.0385051 0.0780939 -0.0395893 -0.175636 -8.90208e-07 
0.127468 -0.0611187 0.123914 -0.0627955 -0.127468 4.16215e-07 
0.0176434 -0.0359953 0.0729402 -0.0369449 -0.0176434 1.56697e-07 
0.0731932 -0.193702 0.392378 -0.198676 -0.0731932 5.64601e-07 
0.221559 -0.390676 0.78863 -0.397953 -0.221559 -1.2544e-06 
0.410197 -0.590654 1.18575 -0.595092 -0.410197 -2.37554e-06 
0.778126 -0.718062 1.42731 -0.709248 -0.778126 2.84509e-06 
0.9894 -0.509454 1.00042 -0.490968 -0.9894 -8.77705e-08 
1.20437 -0.294443 0.572148 -0.277712 -1.20437 -1.48614e-06 
1.39113 -0.0745479 0.144029 -0.0694752 -1.39113 -4.00307e-06 
1.20963 0.108294 -0.209418 0.101128 -1.20963 1.78717e-06 
0.799849 0.148549 -0.288501 0.139956 -0.799849 -6.77714e-07 
0.446593 0.148978 -0.290532 0.141553 -0.446593 6.17559e-08 
0.214676 -0.0904969 0.176556 -0.0860585 -0.214676 -3.61231e-08 
0.122653 0.0469379 -0.0916254 0.0446875 -0.122653 5.54545e-08 
0.205772 0.245498 -0.480379 0.234881 -0.205772 -1.02981e-06 
0.293716 0.350223 -0.689976 0.339755 -0.293716 2.32151e-06 
0.383805 0.539875 -1.07275 0.532872 -0.383805 -4.70612e-07 
0.410059 0.741667 -1.48784 0.746176 -0.410059 4.95145e-06 
0.338776 0.842827 -1.70673 0.863906 -0.338776 -5.62458e-06 
0.191865 0.635883 -1.29643 0.660548 -0.191865 2.72309e-06 
0.11099 0.451456 -0.924196 0.472741 -0.11099 -1.42226e-07 
0.0647414 0.33389 -0.686643 0.352752 -0.0647414 -2.89395e-09 
0.0242497 0.109287 -0.224009 0.114722 -0.0242497 -7.40693e-09 
0.0279394 0.143826 -0.295593 0.151767 -0.0279394 9.15517e-10 
0.0409009 0.329012 -0.681221 0.352209 -0.0409009 3.08946e-09 
0.0520837 0.507697 -1.05364 0.545942 -0.0520837 2.21292e-10 
0.0390396 0.39816 -0.826715 0.428555 -0.0390396 -5.95517e-10 
0.0200179 0.205968 -0.427698 0.221731 -0.0200179 -3.83494e-10 
-8.50145e-17 -8.75227e-16 1.81745e-15 -9.4222e-16 8.50145e-17 1.65021e-24 
