-0.00842615 1.19741 -0.922221 -0.275194 0.00842615 3.85539e-05 
0.00370607 0.601432 -0.144108 -0.457326 -0.00370607 2.68124e-05 
0.0151028 -1.73536 1.45275 0.282608 -0.0151028 -5.3162e-05 
-0.0823461 2.22023 -4.39205 2.17183 0.0823461 8.88785e-06 
0.0642631 -1.52568 3.3267 -1.80103 -0.0642631 1.09528e-06 
0.00557378 -0.145199 0.294809 -0.149611 -0.00557378 -4.04401e-07 
0.00478909 -0.112611 0.247386 -0.134775 -0.00478909 1.23801e-07 
0.0126421 -0.302604 0.655643 -0.353039 -0.0126421 1.1972e-07 
0.0335896 -0.811277 1.74557 -0.93429 -0.0335896 3.61564e-08 
0.0665112 -1.64268 3.5144 -1.87172 -0.0665112 -1.96135e-07 
0.0608035 -1.75227 3.67747 -1.92521 -0.0608035 -2.22232e-07 
-0.0433974 0.573622 -1.36875 0.795131 0.0433974 5.44268e-08 
-0.0781208 1.36705 -3.08113 1.71408 0.0781208 2.41648e-07 
-0.0733651 1.48222 -3.28667 1.80445 0.0733651 2.30012e-07 
-0.083062 2.841 -6.88693 4.04593 0.083062 -7.08884e-08 
0.854672 -1.48916 5.15278 -3.66362 -0.854672 -6.21444e-06 
-0.236448 -1.2336 2.66767 -1.43407 0.236448 2.32886e-06 
-0.452913 -0.343698 0.258454 0.0852448 0.452913 3.72269e-06 
-0.410591 -1.73593 2.6504 -0.914469 0.410591 4.43066e-06 
0.777358 0.562838 -2.37353 1.8107 -0.777358 -2.25329e-06 
-2.34375 -0.977765 6.10136 -5.12359 2.34375 1.0577e-05 
-0.1792 0.677919 -1.114 0.436077 0.1792 -5.21522e-06 
0.265871 1.09074 -2.36938 1.27864 -0.265871 9.718e-07 
-0.357594 -1.28327 2.75667 -1.47339 0.357594 -7.32665e-06 
0.103005 -0.67313 1.15052 -0.477396 -0.103005 -1.23548e-05 
1.28504 -1.34311 2.91793 -1.57482 -1.28504 5.9907e-05 
0.0726976 -0.301255 0.530144 -0.228891 -0.0726976 -5.15913e-05 
-0.516588 0.879827 -1.8096 0.929793 0.516588 3.20446e-06 
-0.448611 1.68738 -3.42768 1.7403 0.448611 -7.60962e-06 
0.491935 -0.890838 1.80798 -0.917136 -0.491935 1.90167e-06 
3.20904 1.6918 -3.4346 1.74278 -3.20904 -2.61127e-05 
-1.06947 -1.20521 2.44208 -1.23688 1.06947 5.34927e-06 
-0.56906 1.10645 -2.24218 1.13572 0.56906 -4.98273e-06 
0.604266 -2.02129 4.09166 -2.07037 -0.604266 2.635e-07 
0.946268 -1.13031 2.2562 -1.12593 -0.946268 4.33577e-05 
1.96431 -1.54143 3.03428 -1.49282 -1.96431 -5.42771e-05 
1.40746 1.44312 -2.98993 1.54636 -1.40746 -2.21119e-05 
1.52011 1.48385 -2.99668 1.51271 -1.52011 6.5816e-05 
1.46061 1.52166 -2.9915 1.46998 -1.46061 0.000128817 
1.09355 1.55205 -3.00151 1.44898 -1.09355 0.00021262 
-2.99492 0.738383 -1.43354 0.694995 2.99492 -0.000124935 
-3.02528 -0.518448 1.00271 -0.484304 3.02528 -9.51948e-06 
-2.55031 -0.811045 1.57832 -0.767258 2.55031 -3.90779e-06 
-1.33506 -1.71375 3.34362 -1.62986 1.33506 7.28993e-07 
0.765075 2.1784 -4.25132 2.07291 -0.765075 2.89317e-07 
0.172887 -0.630237 1.20753 -0.577279 -0.172887 -1.68829e-05 
0.654523 1.28609 -2.56409 1.27799 -0.654523 2.20166e-06 
0.455337 1.42579 -2.90353 1.47782 -0.455337 -4.29929e-05 
-0.0564627 1.3913 -2.89141 1.50007 0.0564627 6.55007e-05 
-1.34225 -1.42738 2.78981 -1.36236 1.34225 -9.47382e-05 
-0.79962 -1.49171 2.98984 -1.49815 0.79962 0.000115495 
-0.430315 -1.09817 2.2219 -1.12368 0.430315 1.13621e-05 
-0.347415 -1.75353 3.60673 -1.85321 0.347415 -6.62731e-07 
-0.00454918 -0.174621 0.36582 -0.191198 0.00454918 6.53133e-08 
0.0663976 0.790598 -1.64363 0.853036 -0.0663976 4.50822e-08 
0.111484 1.67955 -3.49908 1.81953 -0.111484 -1.70819e-08 
-0.0462027 -0.143147 0.290073 -0.146927 0.0462027 -1.3477e-08 
-0.121737 -1.18761 2.46471 -1.2771 0.121737 -4.76246e-10 
-0.139169 -1.42864 2.96654 -1.5379 0.139169 2.52393e-09 
-0.140331 -1.44471 3 -1.55529 0.140331 2.72394e-09 
