1.13194 1.5976 -0.119028 -1.47857 -1.13194 -1.0016e-06 
1.13186 1.60942 -0.127913 -1.48151 -1.13186 -6.16028e-07 
1.13204 1.62236 -0.127027 -1.49533 -1.13204 5.39459e-08 
1.13203 1.62148 -0.127182 -1.4943 -1.13203 6.42354e-09 
1.13092 1.64766 -0.184573 -1.46309 -1.13092 -1.98218e-08 
1.13073 1.65227 -0.194176 -1.4581 -1.13073 -1.24357e-08 
1.13079 1.65099 -0.19133 -1.45966 -1.13079 -1.04125e-08 
1.13089 1.64862 -0.186139 -1.46248 -1.13089 -8.21204e-09 
1.13127 1.63954 -0.166425 -1.47311 -1.13127 -3.6951e-09 
1.13237 1.61304 -0.109259 -1.50378 -1.13237 1.17692e-09 
1.13476 1.55441 0.0165482 -1.57096 -1.13476 2.4748e-09 
1.13811 1.4665 0.203497 -1.67 -1.13811 -1.22108e-10 
1.14073 1.3869 0.369828 -1.75673 -1.14073 -1.88633e-09 
1.1418 1.33437 0.475121 -1.80949 -1.1418 1.07732e-09 
1.14104 1.30538 0.522429 -1.82781 -1.14104 1.21735e-08 
1.141 1.32086 0.463847 -1.78471 -1.141 6.48323e-09 
1.15183 1.3302 0.441336 -1.77154 -1.15183 -8.06604e-08 
1.15976 1.31401 0.477273 -1.79128 -1.15976 -1.35557e-07 
1.15945 1.28839 0.524648 -1.81304 -1.15945 -1.21074e-07 
1.1527 1.23796 0.605456 -1.84341 -1.1527 -3.09143e-08 
1.16697 1.19887 0.636942 -1.83581 -1.16697 -3.75534e-09 
1.1707 1.16904 0.688507 -1.85754 -1.1707 4.38307e-08 
1.16609 1.14805 0.733659 -1.88171 -1.16609 4.08784e-08 
1.16443 1.14166 0.747533 -1.88919 -1.16443 2.44862e-08 
1.15762 1.11612 0.80153 -1.91765 -1.15762 -1.65261e-07 
1.15565 1.07405 0.886727 -1.96078 -1.15565 -3.25244e-07 
1.17173 1.01093 1.01616 -2.02708 -1.17173 -6.6299e-08 
1.18831 0.953095 1.13399 -2.08709 -1.18831 -1.98291e-07 
1.19704 0.92111 1.19901 -2.12012 -1.19704 -4.64681e-08 
1.19936 0.914387 1.21266 -2.12705 -1.19936 -2.10219e-08 
1.21162 0.900651 1.24054 -2.1412 -1.21162 -2.2061e-08 
1.24597 0.903487 1.23479 -2.13828 -1.24597 -1.20661e-07 
1.2554 0.892205 1.25766 -2.14986 -1.2554 -6.15536e-08 
1.25989 0.881522 1.2793 -2.16082 -1.25989 -2.25167e-08 
1.2794 0.838139 1.36705 -2.20519 -1.2794 -9.17982e-08 
1.32212 0.767962 1.50835 -2.27631 -1.32212 -1.26552e-08 
1.40603 0.670965 1.70216 -2.37312 -1.40603 -8.40332e-09 
1.53212 0.583186 1.87564 -2.45882 -1.53212 -6.08671e-09 
1.68896 0.525687 1.98798 -2.51367 -1.68896 -4.18857e-08 
1.87498 0.499279 2.03915 -2.53843 -1.87498 -9.91891e-08 
2.07034 0.503289 2.0314 -2.53469 -2.07034 -3.58021e-08 
2.21351 0.523017 1.99316 -2.51618 -2.21351 -3.63778e-09 
2.29987 0.542293 1.95565 -2.49795 -2.29987 3.43074e-09 
2.34426 0.548999 1.94257 -2.49157 -2.34426 -1.36094e-09 
2.36363 0.54077 1.95863 -2.4994 -2.36363 6.47794e-10 
2.38818 0.56691 1.90756 -2.47447 -2.38818 -3.35263e-08 
2.42297 0.605149 1.83243 -2.43758 -2.42297 -5.54299e-08 
2.47191 0.668179 1.70769 -2.37587 -2.47191 -1.0498e-09 
2.52949 0.759794 1.52474 -2.28453 -2.52949 -8.99719e-08 
2.58551 0.878159 1.28612 -2.16428 -2.58551 -5.02291e-08 
2.62244 0.983822 1.0714 -2.05523 -2.62244 -1.44754e-07 
2.64349 1.06158 0.912517 -1.97409 -2.64349 -5.53192e-09 
2.65591 1.11904 0.794582 -1.91362 -2.65591 1.75239e-09 
2.66178 1.14825 0.734559 -1.88281 -2.66178 -3.88542e-11 
2.66539 1.1647 0.700839 -1.86554 -2.66539 -4.68609e-10 
2.67027 1.19717 0.633792 -1.83096 -2.67027 -6.87961e-11 
2.67714 1.25973 0.504067 -1.76379 -2.67714 1.5103e-10 
2.68378 1.32619 0.366087 -1.69228 -2.68378 1.02517e-10 
2.68802 1.36975 0.275649 -1.64539 -2.68802 2.76735e-11 
2.68946 1.38448 0.245048 -1.62953 -2.68946 3.55271e-15 
