-0 -0 -0 0 0 0 
-0.688735 -0.887263 -0.152281 1.03954 0.688735 6.06875e-08 
-1.03159 -1.25557 -0.271991 1.52756 1.03159 -5.5481e-08 
0.256827 0.496081 -0.274052 -0.222029 -0.256827 -7.62766e-07 
0.525984 0.119115 -0.0434728 -0.0756419 -0.525984 5.79768e-07 
0.34476 0.187523 -0.00137002 -0.186153 -0.34476 -6.03383e-08 
0.0605499 0.470181 -0.453493 -0.0166879 -0.0605499 -1.09755e-07 
0.437129 0.588244 -0.437526 -0.150718 -0.437129 -4.23418e-07 
0.283243 0.462231 0.0487561 -0.510989 -0.283243 1.53516e-07 
0.248561 0.350067 0.405353 -0.75542 -0.248561 -9.26349e-07 
0.0462252 -0.475481 1.00378 -0.528303 -0.0462252 1.29503e-07 
0.00153031 0.180115 -0.183751 0.00363554 -0.00153031 1.36825e-06 
0.00928032 -0.0465816 0.135492 -0.0889102 -0.00928032 4.58016e-07 
0.0427679 0.295325 -0.976648 0.681323 -0.0427679 -4.04745e-08 
0.10063 0.395504 -0.893224 0.497722 -0.10063 -2.04794e-07 
0.195165 0.239611 -0.588969 0.34936 -0.195165 -8.96334e-07 
1.39811 0.0496721 -0.170982 0.121313 -1.39811 8.00831e-07 
0.33819 -0.272392 0.763765 -0.491374 -0.33819 2.54109e-06 
0.146839 -0.670472 1.47421 -0.803738 -0.146839 4.66576e-07 
0 -0 0 -0 -0 -0 
