0 0 0 0 0 0 
-0.00315802 0.0249313 -0.0545265 0.0295952 0.00315802 -4.9873e-08 
-0.0105811 0.0962595 -0.209492 0.113232 0.0105811 -1.91647e-07 
-0.00399094 0.1824 -0.386658 0.204258 0.00399094 -3.54059e-07 
0.0374474 0.19976 -0.396628 0.196868 -0.0374474 -3.6409e-07 
-0.0723369 0.190228 -0.447138 0.25691 0.0723369 -4.06596e-07 
-0.276628 0.20425 -0.612395 0.408144 0.276628 -5.09528e-07 
-0.352476 0.211996 -0.691651 0.479654 0.352476 -4.44879e-07 
-0.252819 0.195806 -0.645914 0.450108 0.252819 1.47294e-07 
-0.228536 0.196703 -0.671035 0.474332 0.228536 7.62561e-07 
-0.226944 0.240533 -0.767344 0.526811 0.226944 6.79122e-07 
-0.193334 0.223963 -0.757503 0.533541 0.193334 3.97182e-09 
-0.194823 0.276609 -0.875723 0.599115 0.194823 -2.22884e-07 
-0.189646 0.306636 -0.948895 0.642259 0.189646 -6.38791e-07 
-0.168368 0.28932 -0.944639 0.655319 0.168368 -4.42139e-07 
-0.144137 0.330964 -1.02935 0.69839 0.144137 -4.24569e-07 
-0.00634164 0.351254 -1.03325 0.681999 0.00634164 6.74229e-07 
-0.00268855 0.356652 -1.10839 0.751739 0.00268855 5.82674e-07 
-0.000174097 0.355841 -1.22143 0.865593 0.000174097 1.40045e-07 
6.129e-05 0.396118 -1.32408 0.927959 -6.129e-05 3.74083e-06 
4.47033e-07 0.470513 -1.53711 1.0666 -4.47033e-07 -3.13222e-08 
2.96696e-06 0.559241 -1.84913 1.28989 -2.96696e-06 -3.77426e-07 
0.000481423 0.595296 -2.05278 1.45749 -0.000481423 -4.40021e-07 
0.00635776 0.608526 -2.13904 1.53052 -0.00635776 6.64181e-07 
-0.0527472 0.541616 -2.16916 1.62755 0.0527472 5.03034e-08 
-0.074197 0.518884 -2.17722 1.65834 0.074197 -2.30973e-07 
-0.106074 0.49626 -2.19638 1.70012 0.106074 -6.86856e-07 
-0.0842063 0.442108 -2.25989 1.81778 0.0842063 -2.58478e-07 
-0.0815318 0.358517 -2.28957 1.93106 0.0815318 4.53796e-08 
-0.0716304 0.321822 -2.264 1.94218 0.0716304 -1.14486e-08 
0.00366167 0.155481 -2.29372 2.13824 -0.00366167 -2.88695e-07 
-0.00157939 0.087578 -2.28217 2.19459 0.00157939 -3.09527e-07 
-9.17857e-05 -0.0498643 -2.25554 2.3054 9.17857e-05 -2.23018e-07 
2.35951e-05 -0.160627 -2.22589 2.38651 -2.35951e-05 1.82505e-08 
-1.04866e-05 -0.194667 -2.19246 2.38713 1.04866e-05 -1.50964e-08 
2.92035e-07 -0.241272 -2.18973 2.431 -2.92035e-07 -9.36555e-08 
-4.13018e-07 -0.265581 -2.16333 2.42892 4.13018e-07 -3.55783e-08 
8.15998e-08 -0.297164 -2.10572 2.40288 -8.15998e-08 -6.68486e-08 
3.46231e-08 -0.340651 -2.11202 2.45268 -3.46231e-08 -1.01958e-07 
3.44731e-08 -0.355943 -2.08358 2.43953 -3.44731e-08 -1.09103e-07 
1.86757e-08 -0.366995 -2.06955 2.43655 -1.86757e-08 -9.27842e-08 
-1.26547e-08 -0.422197 -2.09453 2.51673 1.26547e-08 1.59518e-08 
1.51189e-08 -0.451188 -2.06017 2.51136 -1.51189e-08 -7.6112e-08 
2.62681e-08 -0.491768 -1.98345 2.47522 -2.62681e-08 -1.1454e-07 
1.3647e-08 -0.597317 -1.78521 2.38253 -1.3647e-08 -7.63293e-08 
-1.79456e-10 -0.771045 -1.44875 2.2198 1.79456e-10 -2.34243e-08 
-5.72894e-09 -0.982694 -1.02715 2.00984 5.72894e-09 4.56588e-09 
-4.63812e-09 -1.13559 -0.716937 1.85253 4.63812e-09 1.12567e-09 
3.42714e-09 -1.22914 -0.525076 1.75422 -3.42714e-09 -4.2034e-08 
1.28424e-08 -1.26353 -0.454262 1.71779 -1.28424e-08 -9.30577e-08 
