-0 0 -0 0 0 -0 
-0.0300561 0.264542 -0.576471 0.311929 0.0300561 -5.26799e-07 
0.0172088 0.38967 -0.80946 0.41979 -0.0172088 -7.42072e-07 
0.168796 -0.0295327 0.171129 -0.141596 -0.168796 1.50034e-07 
-1.17857 0.0876233 -0.953786 0.866162 1.17857 -7.39158e-07 
-0.31557 -0.0311056 -0.198257 0.229362 0.31557 4.40564e-07 
0.481109 0.00873673 0.129294 -0.138031 -0.481109 1.74694e-06 
0.952457 0.431553 -0.566442 0.134888 -0.952457 1.85441e-06 
-0.188723 -0.00818681 -0.273377 0.281564 0.188723 1.42698e-07 
0.0368514 0.109734 -0.657845 0.548112 -0.0368514 -1.07799e-06 
0.00111999 0.0739351 -0.346482 0.272546 -0.00111999 2.25877e-07 
-0.000264735 0.0163957 -0.134586 0.118191 0.000264735 -8.01572e-07 
-4.5866e-06 -0.220194 0.265691 -0.0454962 4.5866e-06 -7.25017e-06 
6.89614e-05 0.34085 -0.814042 0.473192 -6.89614e-05 1.20066e-05 
-6.76279e-06 0.221958 -0.532759 0.310801 6.76279e-06 1.19885e-05 
-1.0705e-05 -0.00527435 -0.0213946 0.0266689 1.0705e-05 5.15483e-06 
-3.70435e-07 -0.0021265 0.00345671 -0.00133021 3.70435e-07 1.4164e-07 
-4.41329e-06 -0.0341248 0.0598928 -0.025768 4.41329e-06 1.55779e-06 
-8.79065e-06 -0.133624 0.257496 -0.123873 8.79065e-06 2.34488e-06 
-1.01957e-05 -0.397763 0.803001 -0.405238 1.01957e-05 8.30721e-07 
-4.06739e-06 -0.907996 1.8692 -0.961208 4.06739e-06 -4.43978e-06 
5.32529e-06 -1.43486 2.97483 -1.53997 -5.32529e-06 -1.07218e-05 
9.71233e-06 -1.33646 2.77751 -1.44104 -9.71233e-06 -1.11883e-05 
6.18873e-06 -0.768178 1.59353 -0.825347 -6.18873e-06 -5.96683e-06 
1.0859e-06 -0.199486 0.40603 -0.206544 -1.0859e-06 -5.64215e-07 
-2.16492e-06 0.187053 -0.40519 0.218137 2.16492e-06 2.43886e-06 
-1.58802e-06 0.300501 -0.646095 0.345594 1.58803e-06 -4.74065e-07 
1.16824e-05 -0.586197 1.14903 -0.562837 -1.16824e-05 -2.35238e-05 
-2.31937e-06 -0.274317 0.470531 -0.196213 2.31935e-06 6.07226e-06 
-8.04538e-05 -0.650608 1.00867 -0.358061 8.04921e-05 0.000194776 
-0.000199655 -0.511053 0.632533 -0.121412 0.000270035 0.000122851 
0.000290147 -0.299146 0.182295 0.116736 -0.000407008 -0.000103707 
0.0021752 -0.182159 0.225357 -0.0440508 -0.00304023 -0.000834344 
0.028424 -0.0748057 -0.26352 0.327227 -0.0396928 -0.0110811 
-0.0542066 -0.185283 0.222211 -0.0157677 0.0756919 0.0211587 
0.00796991 0.00355032 -0.00606505 -0.000596362 -0.0111287 -0.00311159 
0.0129234 0.0116124 -0.0170392 0.000382081 -0.0180456 -0.00504533 
0.0612982 0.0904451 -0.125872 0.0114986 -0.0855938 -0.0239296 
0.15174 0.253543 -0.354744 0.0419671 -0.211882 -0.0592346 
0.00356531 -0.0493921 0.0375219 0.0104784 -0.00497856 -0.00139112 
-0.491576 -1.0198 1.337 -0.125305 0.686414 0.191897 
-0.484822 -1.0015 1.3168 -0.126039 0.676983 0.18926 
0.135905 0.227636 -0.323403 0.0427142 -0.189771 -0.0530521 
0.849959 1.64106 -2.21051 0.23765 -1.18684 -0.331796 
1.26078 2.46272 -3.30582 0.377567 -1.73345 -0.465534 
1.30522 2.57542 -3.45214 0.487053 -1.70085 -0.389659 
1.11207 2.22374 -2.97685 0.547667 -1.32066 -0.20544 
0.824714 1.68118 -2.24696 0.558903 -0.831693 -0.00687271 
0.537728 1.12887 -1.50542 0.523415 -0.388604 0.146872 
0.304647 0.670177 -0.890745 0.446509 -0.0752414 0.225941 
0.145658 0.345294 -0.456659 0.335655 0.0820709 0.22429 
0.0958568 0.277887 -0.363232 0.470049 0.294747 0.384705 
-0.0506789 0.032181 -0.0297155 0.633072 0.695944 0.635538 
-0.289111 -0.385375 0.535203 0.814625 1.26766 0.964453 
-0.588359 -0.920461 1.25853 0.996977 1.94073 1.33504 
-0.908028 -1.50279 2.04575 1.15569 2.6239 1.69866 
-1.18485 -2.0214 2.74768 1.25516 3.17695 1.98144 
-1.32775 -2.31592 3.14858 1.24544 3.39935 2.07811 
-1.20172 -2.14676 2.92552 1.05044 2.99257 1.8292 
-0.730716 -1.376 1.89322 0.648262 1.80821 1.16548 
-0.189109 -0.451394 0.640032 0.210915 0.476269 0.399553 
0.201273 0.269767 -0.366334 -0.118186 -0.489052 -0.214753 
0.347596 0.649057 -0.949032 -0.269059 -0.861392 -0.569034 
0.141821 0.525133 -0.901783 -0.160193 -0.377294 -0.536843 
-0.268182 0.0255611 -0.332233 0.121282 0.611635 -0.185389 
-0.274815 -0.196647 0.0801481 0.1808 0.648327 0.0643004 
0.0819268 -0.112745 0.242019 0.0279489 -0.178317 0.157223 
0.697034 0.196742 0.21073 -0.277867 -1.61958 0.129605 
1.30105 0.548014 0.0924801 -0.591505 -3.03622 0.0489889 
1.5343 0.701873 0.0177805 -0.721036 -3.57475 -0.00138322 
1.48234 0.701973 -0.0201637 -0.70822 -3.43848 -0.0264113 
1.23105 0.593613 -0.0308766 -0.595415 -2.83142 -0.0326786 
1.12965 0.550291 -0.0278615 -0.556697 -2.53092 -0.0342678 
0.38634 0.189487 0.0123334 -0.211722 -0.69423 -0.00990156 
-0.422502 -0.207483 0.0549245 0.168444 1.26839 0.0158861 
-0.548782 -0.282324 0.0651907 0.235378 1.52065 0.0182451 
0.142645 0.0686105 0.0373159 -0.108284 -0.0504273 -0.00235727 
1.53348 0.859873 -0.0327612 -0.860401 -2.78479 -0.0332896 
-0.21277 -0.0987892 -0.0514895 0.157 0.642552 0.0067213 
-1.18831 -0.647943 -0.0339891 0.709957 2.50071 0.0280249 
-1.63713 -0.89932 -0.0287147 0.962784 3.37398 0.0347492 
-1.47718 -0.812245 -0.0213874 0.857943 3.02944 0.0243105 
-1.08479 -0.596053 -0.0142631 0.62117 2.22219 0.0108541 
-0.672664 -0.369053 -0.00840251 0.379101 1.37857 0.00164492 
-0.324143 -0.177557 -0.00394802 0.180047 0.664961 -0.00145821 
-0.0345518 -0.0189111 -0.000417311 0.0190555 0.0709223 -0.000272967 
-0.252388 -0.138051 -0.00303232 0.138431 0.518307 -0.00265211 
-0.465887 -0.254065 -0.00551181 0.249108 0.959033 -0.0104689 
-0.470099 -0.253508 -0.00551251 0.228402 0.976963 -0.0306182 
-0.0326518 -0.00701602 -0.000855146 -0.0668519 0.103992 -0.074723 
0.9434 0.538559 0.00610484 -0.67694 -1.84891 -0.132276 
2.04974 1.15311 0.000604327 -1.28471 -4.03844 -0.130997 
2.46481 1.37552 -0.031891 -1.3271 -4.80322 0.0165284 
1.9555 1.07811 -0.0903593 -0.690063 -3.67559 0.297692 
0.832768 0.439577 -0.154332 0.321509 -1.3133 0.606754 
0.00600658 -0.0115923 -0.131742 0.641605 0.288879 0.498271 
-0.411803 -0.211409 -0.0174857 0.175986 0.895724 -0.052908 
-0.451182 -0.179162 0.179353 -1.00365 0.586103 -1.00346 
-0.198032 0.0282557 0.424728 -2.64193 -0.402517 -2.18895 
0.00977246 0.179942 0.558854 -3.57663 -1.08652 -2.83784 
0.124377 0.245085 0.565961 -3.68498 -1.33974 -2.87394 
0.156662 0.235406 0.465531 -3.09458 -1.2216 -2.39365 
0.133536 0.180632 0.283388 -2.04364 -0.847925 -1.57962 
0.0291294 0.0204782 -0.119023 0.391707 0.103454 0.293162 
-0.0144925 -0.0476673 -0.310896 1.51035 0.535392 1.15179 
0.0750196 0.0823714 -0.0690835 -0.12454 -0.125334 -0.111252 
0.173822 0.194497 -0.238102 -0.0101909 -0.198151 -0.0537955 
0.493899 0.691518 -1.0183 0.328341 -0.493196 0.00155701 
0.46663 1.08812 -1.86329 0.775164 -0.46663 -5.11122e-07 
0.160227 0.703977 -1.32829 0.624317 -0.160227 -1.58024e-07 
0.0574854 0.359036 -0.690983 0.331947 -0.0574854 6.52645e-08 
0.0289145 0.38842 -0.807694 0.419274 -0.0289145 1.26026e-07 
0.00141344 0.0208429 -0.0427875 0.0219447 -0.00141344 -2.34453e-09 
0.0112433 0.165151 -0.325757 0.160605 -0.0112433 -6.47413e-08 
-0.000424824 -0.0704265 0.264671 -0.194245 0.000424824 -1.94927e-07 
0.00236791 -0.00760906 0.337918 -0.330308 -0.00236791 -3.40465e-07 
-0.00154944 -0.0179673 0.100224 -0.0822565 0.00154944 -6.88872e-08 
0.0153413 0.246645 -0.324385 0.0777396 -0.0153413 5.38465e-09 
0.0167798 0.263533 -0.401614 0.13808 -0.0167798 8.7084e-08 
4.39609e-17 6.89868e-16 -1.05632e-15 3.66455e-16 -4.39609e-17 2.35346e-22 
