-0.111716 0.921533 -2.01266 1.09113 0.111716 -1.83897e-06 
-0.0675999 0.841988 -1.81669 0.974699 0.0675999 -1.66123e-06 
0.594144 -0.351182 1.12297 -0.771791 -0.594144 1.00494e-06 
-1.52726 -1.14302 1.4213 -0.278276 1.52726 1.36243e-06 
-2.92189 0.555916 -3.22992 2.674 2.92189 -1.08194e-06 
3.28814 -0.361351 2.8101 -2.44874 -3.28814 3.18154e-06 
3.06008 1.13412 -0.887348 -0.24677 -3.06008 3.84276e-06 
-1.67496 -0.0462101 -0.963908 1.01012 1.67496 -4.89901e-06 
-1.21829 -0.564012 0.438007 0.126004 1.21829 3.51758e-06 
-1.93696 -1.06987 1.0321 0.0377784 1.93696 -5.76082e-05 
-0.0325583 -0.650393 3.09531 -2.44491 0.0325583 -9.60608e-06 
-0.00408715 -0.140828 -0.253777 0.394605 0.00408715 -1.16881e-05 
0.00404963 2.10497 -4.01491 1.90994 -0.00404963 8.0524e-05 
-0.000513689 1.01332 -2.04213 1.02881 0.000513689 3.71625e-05 
-8.39627e-05 -1.03765 2.29822 -1.26058 8.39627e-05 -2.13187e-05 
2.65611e-05 -0.355746 0.859318 -0.503572 -2.65611e-05 -2.11132e-05 
3.85694e-05 0.220981 -0.358993 0.138013 -3.85694e-05 -1.47542e-05 
-1.58384e-05 -0.1866 0.351038 -0.164438 1.58384e-05 4.70097e-06 
-1.26955e-05 -0.549785 1.11843 -0.568643 1.26955e-05 -1.16235e-07 
7.54267e-06 -1.35282 2.81541 -1.46259 -7.54267e-06 -1.17764e-05 
2.92351e-05 -1.94401 4.07165 -2.12764 -2.92351e-05 -2.17668e-05 
3.16489e-05 -1.43821 3.02597 -1.58776 -3.16489e-05 -1.8577e-05 
-3.2639e-07 1.35151 -2.80267 1.45115 3.2639e-07 1.00885e-05 
-2.2492e-05 2.46445 -5.14624 2.68179 2.2492e-05 2.47275e-05 
-1.09008e-05 1.17004 -2.45677 1.28673 1.09008e-05 1.16072e-05 
-8.58433e-06 1.22507 -2.57224 1.34717 8.58433e-06 5.32656e-06 
1.79059e-05 -0.947726 1.96606 -1.01833 -1.79059e-05 -3.21492e-05 
-0.00017404 4.29936 -8.97144 4.67207 0.00017404 0.000370192 
0.000444763 -0.687835 1.25915 -0.57131 -0.000444766 -0.00107312 
-0.00388808 -2.18126 2.99645 -0.815229 0.00388746 0.00942666 
-0.00189188 -0.583296 -0.312457 0.896888 0.00302028 -0.00120319 
0.00690215 3.64498 -2.16283 -1.48484 -0.00962298 -0.00277074 
-0.0949144 0.803258 1.28462 -2.05082 0.132559 0.0369243 
-0.981278 -1.36193 3.07303 -1.32804 1.37021 0.383058 
0.516428 1.19354 -1.33375 -0.0613879 -0.721114 -0.201604 
-0.140782 -0.0324946 0.0702218 0.0172272 0.196579 0.0549647 
0.0813751 0.10314 -0.144577 0.00967156 -0.113628 -0.0317679 
0.287224 0.511497 -0.706168 0.0825472 -0.401067 -0.112123 
0.147677 0.240784 -0.369391 0.0709579 -0.20621 -0.0576456 
-1.34259 -2.62446 3.50118 -0.352614 1.87473 0.524108 
-1.76811 -3.46824 4.655 -0.496543 2.46891 0.690214 
1.43733 2.85197 -3.80053 0.387471 -2.00702 -0.561087 
2.51884 4.98463 -6.65493 0.687017 -3.5172 -0.983277 
2.19168 4.34109 -5.79514 0.59849 -3.06036 -0.855562 
0.769388 1.58185 -2.10324 0.454842 -0.836951 -0.0665438 
-0.351571 -0.593972 0.811247 0.292431 0.869091 0.509705 
-0.889468 -1.65869 2.23465 0.122316 1.59845 0.698275 
-1.02447 -1.95355 2.62521 -0.0438396 1.66191 0.627814 
-0.91034 -1.7698 2.374 -0.196084 1.32471 0.408115 
-0.674425 -1.34866 1.80495 -0.326175 0.806533 0.130113 
-0.417672 -0.881319 1.17479 -0.427577 0.281505 -0.134111 
-0.312645 -0.491073 0.670551 0.510241 1.01294 0.689719 
-0.683417 -1.17895 1.59649 0.600741 1.71679 1.01828 
-0.937409 -1.6601 2.24469 0.633918 2.16993 1.21851 
-1.08859 -1.9637 2.65423 0.600739 2.38669 1.29126 
-1.06418 -1.96034 2.65101 0.465689 2.21118 1.15636 
-0.780366 -1.50098 2.03458 0.187875 1.46391 0.721473 
-0.0437747 -0.244682 0.343792 -0.37035 -0.309421 -0.27124 
0.971658 1.5179 -2.02578 -0.998083 -2.61651 -1.50596 
2.01942 3.37423 -4.53478 -1.61201 -4.95918 -2.77256 
1.64405 2.8897 -3.96043 -1.34867 -4.05112 -2.4194 
0.975869 1.96898 -2.82907 -0.864703 -2.42913 -1.72479 
-0.0356307 0.535931 -1.0429 -0.121813 0.0300218 -0.628787 
-1.44402 -1.49023 1.50178 0.920618 3.45706 0.932175 
-0.846631 -1.36328 1.7945 0.670429 2.07396 1.10165 
0.664514 -0.188151 0.950276 -0.196461 -1.50652 0.565665 
1.71891 0.716579 0.191761 -0.816545 -4.01326 0.091795 
2.44073 1.36192 -0.376189 -1.24786 -5.73182 -0.262135 
1.39606 0.847562 -0.330718 -0.741017 -3.25849 -0.224173 
0.257551 0.235716 -0.186977 -0.173769 -0.563236 -0.125029 
-0.564362 -0.20921 -0.0782454 0.237371 1.37994 -0.0500843 
-1.11438 -0.510665 0.000236414 0.514382 2.67732 0.0039535 
-1.82462 -0.880565 0.102282 0.836987 4.57971 0.0587044 
-2.97368 -1.44856 0.156448 1.38855 7.28289 0.0964285 
-2.13708 -1.06498 0.115348 1.01556 5.10508 0.0659253 
1.47797 0.668036 -0.0549829 -0.667509 -3.79037 -0.054455 
3.58538 1.93581 -0.150229 -1.87764 -7.53052 -0.0920659 
-0.870956 -0.353695 -0.229999 0.611919 1.79154 0.0282249 
-6.30202 -3.5194 0.0474579 3.61203 12.2158 0.140083 
-2.82724 -1.57773 0.0115723 1.62936 5.57562 0.0632097 
-0.232132 -0.135314 0.0232339 0.0956111 0.378452 -0.0164691 
1.11081 0.611082 0.025654 -0.68362 -2.30316 -0.0468841 
1.45681 0.802937 0.0225356 -0.866674 -2.98535 -0.0412016 
1.31969 0.726158 0.0175256 -0.764572 -2.70047 -0.0208891 
1.07156 0.587792 0.0132651 -0.60255 -2.19613 -0.00149296 
0.942803 0.516032 0.0113893 -0.52006 -1.9352 0.00736146 
-0.918153 -0.501492 -0.0109129 0.497427 1.88756 -0.0149778 
-0.470805 -0.252277 -0.00524433 0.214845 0.982979 -0.0426758 
0.57152 0.328217 0.00646145 -0.436465 -1.12122 -0.101786 
2.64014 1.47999 0.0272658 -1.71758 -5.29161 -0.210329 
3.79124 2.11384 0.0116426 -2.26631 -7.56087 -0.140833 
3.48156 1.92349 -0.0608673 -1.65669 -6.80511 0.205933 
-0.341396 -0.229812 -0.156335 1.13409 0.97702 0.747944 
-3.13488 -1.80033 -0.243638 3.2194 6.72131 1.17543 
-3.53047 -1.97763 -0.0909186 2.50761 7.21188 0.439058 
-2.11774 -1.10583 0.240266 -0.29167 3.74392 -1.15723 
-0.762915 -0.27466 0.53721 -2.85584 0.460336 -2.59329 
0.474033 0.483517 0.80587 -5.18194 -2.53274 -3.89255 
0.880686 0.676659 0.690527 -4.70476 -3.12526 -3.33758 
0.547027 0.366566 0.234839 -1.74057 -1.58129 -1.13917 
0.242372 0.0839286 -0.179411 0.95486 -0.174916 0.859378 
0.181837 0.148603 0.0736578 -0.789041 -0.559243 -0.56678 
-0.318517 -0.491597 -1.24816 7.53067 2.93748 5.79091 
-0.336801 -0.515733 -1.30302 7.8688 3.07296 6.05005 
0.14764 0.213145 0.364359 -2.55285 -1.041 -1.97535 
0.410973 0.553272 0.624287 -5.30557 -2.27788 -4.12801 
0.905179 0.861847 -4.0318 11.884 3.03577 8.71403 
0.490158 1.54954 -2.98142 1.95592 -0.253221 0.523944 
-0.54242 1.18339 -2.91629 1.73289 0.542435 -0.000123694 
-0.601917 -1.38041 2.35709 -0.976625 0.601917 2.65186e-05 
-0.175487 -1.42133 2.98008 -1.55876 0.175487 1.42534e-05 
-0.111749 -1.03299 2.12907 -1.09608 0.111749 -2.05422e-06 
0.0444134 0.655263 -1.3446 0.689333 -0.0444134 -7.69317e-08 
0.0098432 0.10057 -0.0590527 -0.041518 -0.0098432 -3.93667e-07 
-0.0622858 -1.16837 2.8556 -1.68723 0.0622858 -4.8236e-07 
0.12238 2.45109 -3.08928 0.638205 -0.12238 5.0607e-06 
0.0102377 0.178579 -0.176323 -0.00225522 -0.0102377 -2.71029e-07 
0.114094 1.76204 -2.9546 1.19256 -0.114094 9.80386e-07 
-0.0499005 -0.78669 1.17193 -0.385241 0.0499005 -2.20119e-07 
-0.0593292 -0.931038 1.4256 -0.494563 0.0593292 -3.1762e-07 
