-1.02656 -1.32606 -0.22483 1.55089 1.02656 9.76079e-08 
-0.942056 -1.19926 -0.216872 1.41613 0.942056 5.43971e-08 
0.325547 0.702675 -0.0975027 -0.605173 -0.325547 -5.93764e-07 
3.36235 2.67106 0.151934 -2.823 -3.36235 2.11036e-07 
-3.38358 -0.656575 0.286754 0.369821 3.38358 8.78671e-09 
4.06229 1.63948 -0.252993 -1.38649 -4.06229 6.89423e-06 
-2.51234 -2.00157 3.92302 -1.92145 2.51234 4.06255e-06 
-1.04759 -1.26352 0.426544 0.836971 1.04759 1.64897e-05 
-0.66463 -0.402477 -0.366354 0.768874 0.66463 1.43209e-05 
0.987701 0.383482 3.60322 -3.9867 -0.987701 2.97089e-05 
-0.0253024 -0.567179 1.27252 -0.705338 0.0253024 3.60432e-06 
-0.295213 1.71566 1.1084 -2.82406 0.295213 6.44007e-08 
-0.0893585 0.483522 -2.0727 1.58918 0.0893585 1.98542e-06 
-0.178291 0.912956 -2.87827 1.96532 0.178291 -7.57244e-06 
0.297056 0.301659 -0.691687 0.389988 -0.297056 1.63356e-06 
1.57731 2.00359 -4.8962 2.89263 -1.57731 -1.37424e-05 
1.28526 -0.876527 2.97994 -2.10338 -1.28526 -0.000103832 
0.367965 -1.19888 3.03836 -1.83944 -0.367965 8.6134e-05 
-0.62764 1.10934 -2.63174 1.5224 0.62764 -9.87892e-06 
-0.109606 1.40622 -3 1.59378 0.109606 7.06152e-07 
