-0 0 -0 0 0 -0 
-0.190808 0.00872418 -0.0334712 0.0247471 0.190808 -3.59246e-07 
0.0740234 -0.025885 0.347363 -0.321478 -0.0740234 1.02167e-06 
-2.32581 -2.92405 -0.55645 3.4805 2.32581 1.67431e-06 
0.464085 0.709889 0.477192 -1.18708 -0.464085 -3.53665e-08 
0.346987 0.320508 0.0384799 -0.358988 -0.346987 -6.40662e-08 
0.00339667 -8.32256e-05 0.00364146 -0.00355824 -0.00339667 4.50802e-10 
0.0397533 0.0765363 0.0720052 -0.148541 -0.0397533 -8.59831e-07 
-0.0018615 0.288503 -0.269057 -0.0194446 0.0018615 5.32405e-07 
0.0374981 0.0271575 -0.0871654 0.0600078 -0.0374981 -3.67677e-08 
-0.00297624 0.177835 -0.332466 0.15463 0.00297624 -1.7865e-07 
0.350027 0.35818 0.0346438 -0.392824 -0.350027 -9.9301e-08 
0.00568057 0.000187423 0.00353657 -0.003724 -0.00568057 3.76251e-09 
-0.289776 0.43331 -0.617029 0.183719 0.289776 -1.21946e-06 
0.455627 0.122303 -0.321909 0.199606 -0.455627 5.55945e-07 
-0.0176954 0.185034 -0.34512 0.160086 0.0176954 -1.0239e-07 
0.000720849 0.0248072 0.0678652 -0.0926726 -0.000720849 2.61882e-06 
0.0490246 -0.528572 1.53355 -2.10272 -0.0577277 -1.09774 
0.0677533 0.78967 0.0795461 -5.45869 -0.320337 -4.58947 
1.10396e-15 7.98715e-15 -1.64057e-14 8.41853e-15 -1.10396e-15 -1.31081e-20 
