-0.00365896 0.0835928 -0.177847 0.0942544 0.00365896 -1.67485e-07 
-1.52748 -0.603129 0.582855 0.0202745 1.52748 -1.67277e-06 
-0.271998 0.309724 -1.10183 0.792106 0.271998 4.69838e-06 
4.66736 6.65529 1.66348 -8.31878 -4.66736 -4.21186e-06 
-0.792038 -1.83242 2.95498 -1.12251 0.792038 0.000196288 
0.391427 0.00381634 -0.214882 0.211065 -0.391427 6.74417e-07 
-0.0129345 0.000424354 -0.0148484 0.014424 0.0129345 -5.51552e-10 
0.718458 -1.01336 3.36111 -2.34775 -0.718458 2.44593e-06 
-0.00728399 0.376365 -0.546681 0.170315 0.00728399 5.76112e-05 
-0.904249 -0.0966978 0.195882 -0.0991844 0.904249 -1.18356e-06 
0.609031 -0.499341 1.19911 -0.699768 -0.609031 -7.94052e-07 
0.533218 0.127917 -0.194927 0.0670106 -0.533218 6.50645e-07 
-0.0252053 -0.000767894 -0.0161459 0.0169138 0.0252053 -1.61541e-08 
2.67474 1.35907 -1.04211 -0.316946 -2.67474 -3.68144e-06 
-5.48391 -0.942797 1.47419 -0.531392 5.48391 -7.49594e-06 
0.162941 -0.0235333 -0.151881 0.175414 -0.162941 -2.19746e-06 
0.0531534 0.809916 -3.25113 2.44122 -0.0531534 -1.46952e-05 
-0.0212642 0.373373 -1.08514 1.4902 0.0274357 0.778433 
0.0277512 -0.428768 7.04406 -22.3888 -1.21313 -15.7735 
-0.201875 -1.46056 3 -1.53944 0.201875 2.39699e-06 
