0 0 0 0 0 0 
0.408566 0.369145 -0.548637 0.179492 -0.408566 -2.43571e-08 
0.610883 0.842088 -0.904852 0.0627638 -0.610883 -1.92301e-07 
0.163508 0.391745 -0.36215 -0.0295948 -0.163508 -4.78339e-07 
0.973998 1.44407 -1.08509 -0.358983 -0.973998 -1.83233e-07 
-0.0693092 0.132434 -0.401814 0.269381 0.0693092 -3.67417e-07 
0.335684 0.352635 -0.517799 0.165164 -0.335684 -1.63925e-07 
0.589499 0.843019 -0.988104 0.145085 -0.589499 -1.87711e-07 
1.1417 1.62213 -0.381234 -1.2409 -1.1417 -1.84449e-07 
0.411353 0.355208 -0.53933 0.184122 -0.411353 2.25401e-09 
0.612969 0.88168 -0.934354 0.052674 -0.612969 1.72856e-08 
-0.0854085 0.113705 -0.400716 0.287012 0.0854085 -3.63751e-07 
0.349462 0.35293 -0.507148 0.154219 -0.349462 -1.57389e-07 
0.636686 0.928111 -0.953538 0.0254263 -0.636686 -8.52234e-08 
0.393949 0.349353 -0.522406 0.173053 -0.393949 -1.0455e-08 
0.615386 0.871747 -0.91485 0.0431033 -0.615386 2.24342e-08 
1.13112 1.58802 -0.0765268 -1.51149 -1.13112 -7.81325e-07 
1.52679 0.459586 2.11872 -2.72916 -1.52799 -0.150858 
1.67254 0.182893 1.55634 1.05509 -1.4989 2.79432 
2.68055 1.26353 0.454262 -1.71779 -2.68055 -1.13484e-07 
