-0 0 -0 0 0 -0 
-0.000870235 0.339467 -0.715236 0.375769 0.000870235 -6.56587e-07 
-0.248139 -0.135067 0.160316 -0.0252483 0.248139 -1.57339e-07 
0.902214 0.359504 -0.283142 -0.0763625 -0.902214 8.27445e-07 
-0.232025 -0.0721599 0.116866 -0.0447061 0.232025 -4.1052e-07 
-0.149179 0.212161 -0.426232 0.214071 0.149179 2.08476e-07 
-0.00149069 0.252439 -0.530692 0.278253 0.00149069 5.90835e-07 
0.48998 0.376333 -0.433997 0.0576639 -0.48998 1.00366e-06 
-0.0116028 0.19502 -0.401983 0.206963 0.0116028 1.33211e-07 
-0.182037 0.270991 -0.439029 0.168037 0.182037 7.05032e-07 
0.171388 -0.0303839 0.671724 -0.641339 -0.171388 -2.32851e-07 
0.362529 0.472674 -0.313185 -0.159488 -0.362529 4.04455e-07 
0.369023 0.503834 0.76826 -1.27209 -0.369023 -2.52023e-06 
0.0276903 -0.149736 0.472984 -0.323248 -0.0276903 1.01247e-07 
-0.00143983 0.222408 -0.25038 0.0279727 0.00143983 -1.45845e-06 
-0.0217894 -0.0447366 0.0896482 -0.0449117 0.0217894 -3.10612e-07 
-0.000952966 0.434224 -0.380311 -0.0539132 0.000952966 -3.28076e-06 
-0.00959761 -0.0744338 0.294366 -0.219932 0.00959761 -8.85532e-07 
-0.0164072 -0.184833 0.534218 -0.349384 0.0164072 -1.62224e-06 
0.00434219 0.14321 -0.227412 0.0842012 -0.00434219 3.24466e-06 
-0.00646205 0.156437 -0.337542 0.181104 0.00646205 -2.27488e-08 
0.0194885 -0.526539 1.11496 -0.588423 -0.0194885 -2.12735e-08 
0.03343 0.12987 -0.3471 0.217231 -0.03343 -2.97687e-07 
0.0635642 -0.137274 0.0850073 0.0522665 -0.0635642 5.96534e-08 
0.0327629 -0.14099 0.163555 -0.0225653 -0.0327629 -7.26977e-07 
0.0679313 -0.238182 0.47475 -0.236568 -0.0679313 -2.68738e-06 
0.435483 -0.456998 0.877676 -0.418388 -0.435465 0.00228736 
0.1166 0.0408257 -0.19898 0.406632 -0.11463 0.248477 
0.04034 -0.393463 1.13895 -1.55734 -0.0467766 -0.811856 
0.0215644 0.0411865 -0.132953 0.204216 -0.0206728 0.112449 
0.00137961 0.0222152 -0.0663072 0.0939404 -0.000984404 0.0498484 
0.00208884 0.036743 -0.109568 0.15507 -0.00143679 0.082245 
0.00434358 0.0978032 -0.291014 0.41086 -0.00261801 0.21765 
0.00662942 0.206464 -0.613548 0.865318 -0.00297552 0.458234 
0.0089626 0.353036 -1.0557 1.50438 -0.00226629 0.801709 
0.0113595 0.483665 -1.47433 2.16316 -0.000489982 1.1725 
0.0138369 0.489387 -1.57468 2.48952 0.00206586 1.40423 
0.0164116 0.190236 -0.866578 1.88959 0.00473541 1.21325 
0.0191009 -0.539437 1.00213 -0.0879762 0.00780938 0.374719 
0.0219209 -1.07833 2.39727 -1.60839 0.0196009 -0.289453 
0.0248887 -0.947732 2.07477 -1.31366 0.0475281 -0.186621 
0.0280199 -0.129183 0.0920795 0.474378 0.0663818 0.437275 
0.0402895 0.502522 -0.721737 -0.713735 -0.0525101 -0.932948 
0.0563516 0.442983 0.961765 -6.34467 -0.369112 -4.93992 
0.066358 -0.0591421 -0.116117 0.79122 -0.0263544 0.61596 
0.142775 0.0281281 0.170442 -0.808918 -0.182415 -0.610346 
1.1336 0.161036 -0.293078 0.132396 -1.13358 0.000354896 
0.449535 0.733165 -1.42122 0.68805 -0.449535 -3.28203e-07 
0.0628405 0.264879 -0.536481 0.271601 -0.0628405 7.947e-07 
4.53756e-17 3.28292e-16 -6.74314e-16 3.46022e-16 -4.53756e-17 -5.38775e-22 
