0 0 0 0 0 0 
-0.00394432 0.123866 -0.262791 0.138925 0.00394432 -2.45687e-07 
-0.00823898 0.184512 -0.392638 0.208126 0.00823898 -3.69959e-07 
0.268575 0.293446 -0.481192 0.187745 -0.268575 -1.13733e-07 
0.341046 0.358348 -0.538993 0.180645 -0.341046 -1.35703e-07 
0.482741 0.400201 -0.525405 0.125203 -0.482741 4.18422e-08 
0.492493 0.499486 -0.631159 0.131673 -0.492493 -1.87359e-07 
0.482717 0.577287 -0.736479 0.159192 -0.482717 -5.70812e-08 
0.537198 0.689213 -0.862493 0.173279 -0.537198 2.3275e-08 
0.538789 0.769672 -0.921945 0.152273 -0.538789 -2.27462e-07 
0.599036 0.846095 -0.956475 0.11038 -0.599036 -2.61087e-07 
0.709987 0.966282 -0.968557 0.00227516 -0.709987 -2.48107e-07 
1.04424 1.47766 -0.98711 -0.490548 -1.04424 1.44037e-08 
1.14777 1.46932 -0.392637 -1.07669 -1.14777 -3.20844e-08 
1.15043 1.53387 -0.437532 -1.09634 -1.15043 -1.65872e-07 
1.15435 1.458 -0.204579 -1.25342 -1.15435 -6.68201e-08 
1.14174 1.60379 -0.364865 -1.23892 -1.14174 -1.11987e-07 
1.14206 1.71045 -0.448242 -1.26221 -1.14206 3.10649e-08 
1.13741 1.66227 -0.299411 -1.36286 -1.13741 -4.13525e-07 
1.13202 1.59979 -0.122702 -1.47709 -1.13202 -9.54422e-07 
1.13112 1.64337 -0.175856 -1.46752 -1.13112 -2.57086e-08 
1.13753 1.48229 0.170223 -1.65251 -1.13753 1.8435e-09 
1.14141 1.32265 0.459013 -1.78166 -1.14141 2.77753e-09 
1.15431 1.2108 0.637541 -1.84834 -1.15431 1.04729e-08 
1.1541 1.08668 0.861461 -1.94814 -1.1541 -3.78264e-07 
1.19193 0.986714 1.02028 -2.007 -1.19193 -2.08614e-07 
1.37147 0.644537 1.69494 -2.3396 -1.37147 -0.000122854 
1.48218 0.545546 1.89226 -2.45653 -1.48233 -0.0187268 
1.52198 0.510048 1.97241 -2.52872 -1.52235 -0.0462625 
1.5417 0.364886 2.3903 -3.09639 -1.54441 -0.341202 
1.54901 0.427729 2.20094 -2.82527 -1.55057 -0.196605 
1.54966 0.438616 2.16846 -2.77928 -1.55102 -0.172207 
1.5517 0.479402 2.04698 -2.60759 -1.55234 -0.0812077 
1.55517 0.572976 1.76885 -2.21537 -1.55417 0.126462 
1.56011 0.749234 1.24369 -1.47141 -1.55588 0.521517 
1.56654 1.01744 0.434732 -0.303204 -1.55681 1.14897 
1.57452 1.33634 -0.559008 1.20165 -1.55634 1.97899 
1.5841 1.57389 -1.39189 2.65839 -1.55416 2.84039 
1.59535 1.47347 -1.37739 3.26529 -1.55039 3.36137 
1.60834 0.937563 -0.240728 2.66557 -1.54236 3.36241 
1.62316 0.247272 1.30052 1.60759 -1.52215 3.15539 
1.63991 -0.0919138 1.96445 1.40927 -1.48228 3.2818 
1.66089 0.03857 1.65934 1.63243 -1.46323 3.33034 
1.69143 0.369365 1.76852 -0.925929 -1.61352 1.21196 
1.73059 0.485131 2.1104 -2.91178 -1.75113 -0.31625 
1.78618 0.448937 2.0446 -2.4474 -1.78318 0.0461411 
2.13405 0.458297 2.04435 -2.50266 -2.13405 -6.89837e-06 
2.50074 0.685517 1.61576 -2.30127 -2.50074 4.54764e-09 
2.65245 1.08334 0.823437 -1.90678 -2.65245 -2.48297e-07 
2.68055 1.26353 0.454262 -1.71779 -2.68055 -1.13484e-07 
