-0 -0 0 -0 0 -0 
-0.000484174 -0.482151 1.01518 -0.533033 0.000484174 -8.94663e-09 
7.36251e-05 0.0640701 -0.124414 0.0603439 -7.36251e-05 -5.09413e-07 
0.00148616 -0.513498 0.74516 -0.231661 -0.00148616 2.05282e-06 
7.8802e-06 -0.0809097 0.106125 -0.0252156 -7.8802e-06 -8.00775e-09 
3.96723e-06 -0.452698 0.551211 -0.098514 -3.96723e-06 1.66595e-06 
3.85219e-07 -0.732695 1.30472 -0.572022 -3.85219e-07 -9.59379e-07 
-3.45168e-06 -0.333077 0.572757 -0.239681 3.45168e-06 8.60546e-06 
1.43525e-06 0.101956 0.0513327 -0.153289 -1.43525e-06 -3.59267e-06 
-7.89955e-08 -0.362402 0.23982 0.122582 7.89955e-08 2.15506e-07 
-2.56919e-07 -0.74672 0.479894 0.266825 2.56919e-07 6.78612e-07 
1.40592e-07 0.0364174 -0.186602 0.150185 -1.40592e-07 -3.6765e-07 
2.60029e-07 -0.561555 -0.107083 0.66864 -2.60029e-07 -6.2387e-07 
3.64167e-07 -0.477828 -0.236568 0.714394 -3.64167e-07 -1.08813e-06 
-3.24403e-07 0.164452 -0.680605 0.516155 3.24403e-07 1.0729e-06 
-4.3938e-07 0.669661 -1.65373 0.984074 4.3938e-07 1.8492e-06 
-2.57459e-09 0.307706 -0.69473 0.387023 2.57459e-09 1.64952e-08 
3.50154e-10 0.219262 -0.480147 0.260885 -3.50154e-10 1.82414e-11 
1.6365e-10 0.129276 -0.282812 0.153535 -1.6365e-10 1.94881e-10 
3.16264e-25 2.53547e-16 -5.5464e-16 3.01094e-16 -3.16264e-25 4.02427e-25 
