-0.00137127 -1.36977 2.8889 -1.51913 0.00137127 -2.59147e-07 
5.96033e-05 0.0762861 -0.179826 0.10354 -5.96033e-05 9.36336e-07 
-0.00134764 -1.5641 3.54516 -1.98106 0.00134764 -1.22924e-05 
0.00469532 -1.22393 0.452663 0.771271 -0.00469532 2.47318e-05 
-0.000232574 2.37139 -3.11782 0.746436 0.000232574 -2.75199e-08 
0.000140934 -2.52989 1.15732 1.37257 -0.000140934 5.02562e-05 
0.000209602 -1.96598 2.90993 -0.943966 -0.000209602 -0.000521119 
-0.00016472 -1.31482 -1.74958 3.0644 0.00016472 0.000411051 
-5.66165e-06 -7.32086 3.87427 3.4466 5.66165e-06 1.45619e-05 
2.47176e-07 2.06021 -1.38381 -0.676401 -2.47176e-07 -7.21353e-07 
-1.13746e-06 -2.45754 1.49767 0.959871 1.13746e-06 2.95786e-06 
-3.82395e-07 2.12812 -1.69312 -0.435001 3.82395e-07 8.09573e-07 
-3.54712e-07 -2.02474 -0.822599 2.84733 3.54712e-07 1.22479e-06 
3.80844e-06 1.59369 0.267521 -1.86125 -3.80844e-06 -1.16327e-05 
1.14034e-05 0.727575 -0.35964 -0.367983 -1.14034e-05 -3.72957e-05 
-1.19571e-05 -0.871241 2.91042 -2.03949 1.19571e-05 5.45529e-05 
-1.14163e-07 -0.983128 2.1603 -1.17717 1.14163e-07 5.43582e-07 
-5.01637e-10 -0.0578426 0.129368 -0.0715257 5.01637e-10 1.75582e-09 
-3.73589e-10 -0.277984 0.608274 -0.33029 3.73589e-10 -3.25736e-10 
-3.65052e-10 -0.29266 0.640201 -0.347541 3.65052e-10 -4.64507e-10 
