-1.12024 -1.37992 -0.285519 1.66544 1.12024 -2.74215e-08 
-1.01838 -1.25893 -0.256872 1.51581 1.01838 -1.59763e-08 
0.509564 0.555878 0.172833 -0.728711 -0.509564 1.55702e-07 
1.64489 2.63799 0.053209 -2.6912 -1.64489 -1.18009e-06 
4.30194 1.24727 0.973432 -2.2207 -4.30194 3.67959e-06 
-2.68044 -0.877321 0.0841438 0.793177 2.68044 -3.57055e-07 
5.00108 2.04784 -0.591907 -1.45593 -5.00108 8.43576e-06 
-0.522578 -1.31974 3.18739 -1.86765 0.522578 5.6889e-06 
-2.11523 -3.02273 1.17453 1.84817 2.11523 5.32981e-05 
-0.396892 -1.062 2.96833 -1.90651 0.396892 3.84491e-06 
-0.643547 1.05893 -0.766004 -0.292925 0.643547 3.88851e-06 
-0.228841 0.572307 3.39022 -3.96254 0.228841 -7.81836e-06 
0.868079 1.88368 -2.49044 0.606768 -0.868079 2.04673e-05 
0.147543 -1.18951 3.74316 -2.55366 -0.147543 -1.45677e-06 
-0.347948 -1.16436 2.62555 -1.4612 0.347948 -3.22591e-06 
2.74437 0.269033 -1.34065 1.07171 -2.74437 -0.000122875 
-3.03308 -0.26103 0.751006 -0.489662 3.03308 -2.02778e-05 
0.790661 -1.05872 2.41403 -1.35526 -0.790661 -0.00012889 
-0.607167 1.23314 -2.87663 1.64351 0.607167 -4.04558e-05 
-0.109606 1.40622 -3 1.59378 0.109606 7.06152e-07 
