0 0 -0 0 -0 -0 
0.000216584 0.210547 -0.442505 0.231958 -0.000216584 -4.17052e-07 
0.000409015 0.399577 -0.840078 0.440501 -0.000409015 -7.87083e-07 
0.000456535 0.459508 -0.968057 0.508549 -0.000456535 -8.74984e-07 
0.00010626 0.152139 -0.326943 0.174804 -0.00010626 -1.91804e-07 
-8.79009e-05 -0.110893 0.23681 -0.125917 8.79009e-05 1.62589e-07 
0.000144334 -0.0528671 0.139559 -0.0866923 -0.000144334 -3.28593e-07 
-0.000283589 0.107365 -0.282058 0.174694 0.000283589 6.46538e-07 
-0.000750181 0.208304 -0.595811 0.387507 0.000750181 1.53516e-06 
-0.000397654 0.238048 -0.734205 0.496157 0.000397654 -1.75604e-07 
0.000119246 0.249092 -0.935825 0.686733 -0.000119246 -3.253e-06 
1.89127e-05 0.234685 -1.30543 1.07075 -1.89127e-05 -5.79203e-06 
-2.07185e-06 0.053454 -0.933625 0.88017 2.07185e-06 3.72301e-06 
-2.07714e-06 0.0530828 -0.52074 0.467658 2.07714e-06 5.03218e-06 
-2.52314e-06 0.0666082 -0.149729 0.0831212 2.52314e-06 6.30364e-06 
-4.88059e-07 0.212341 -0.606519 0.394178 4.88059e-07 1.20482e-06 
-2.87371e-06 0.374823 -1.09339 0.718569 2.87371e-06 7.16673e-06 
-9.98697e-06 0.426922 -1.48902 1.0621 9.98697e-06 2.4909e-05 
4.0516e-08 0.203812 -1.00057 0.796756 -4.0516e-08 -1.00827e-07 
2.79045e-06 0.0319015 -0.560352 0.528449 -2.79045e-06 -6.97394e-06 
-3.20244e-06 -0.142233 -0.418363 0.560596 3.20244e-06 7.92295e-06 
6.73774e-07 -0.0637205 -0.220848 0.284568 -6.73774e-07 -1.63161e-06 
1.58733e-06 -0.0183246 -0.17208 0.190406 -1.58733e-06 -3.8886e-06 
-4.66549e-06 -0.638968 -0.379276 1.01824 4.66549e-06 1.13516e-05 
2.39345e-06 -0.421491 -0.057187 0.478677 -2.39345e-06 -5.74464e-06 
-4.55712e-06 -0.13913 -0.223604 0.362736 4.55712e-06 1.11161e-05 
7.06239e-06 -0.144125 -0.220135 0.364258 -7.06239e-06 -1.7223e-05 
-1.15388e-06 -0.275818 0.200274 0.0755452 1.15388e-06 2.83039e-06 
5.77736e-09 -0.068243 -0.121492 0.189735 -5.77736e-09 -1.65612e-08 
5.53485e-08 -0.0220732 -0.037935 0.0600082 -5.53485e-08 -1.35076e-07 
1.11571e-07 -0.0555536 -0.0614461 0.117 -1.11571e-07 -2.70426e-07 
-1.03144e-07 -0.299972 0.249402 0.050572 1.03144e-07 2.73193e-07 
9.73211e-07 -0.39403 0.186751 0.207278 -9.73211e-07 -2.48599e-06 
-8.1857e-07 -0.690204 0.0875457 0.60266 8.1857e-07 2.12484e-06 
-1.35833e-06 -1.00095 0.275977 0.724975 1.35833e-06 3.72685e-06 
3.79582e-07 -0.615677 0.276912 0.338765 -3.79582e-07 -1.09994e-06 
-2.26556e-07 -0.253804 -0.0655984 0.319403 2.26556e-07 6.67012e-07 
7.07214e-08 -0.270343 -0.0469422 0.317285 -7.07214e-08 -2.09488e-07 
1.23333e-07 -0.143133 0.222968 -0.079834 -1.23333e-07 -3.67105e-07 
-2.89238e-07 -0.27939 -0.123618 0.403007 2.89238e-07 8.7309e-07 
5.06566e-08 -0.182372 0.444358 -0.261985 -5.06566e-08 -1.37262e-07 
5.71998e-07 -0.342317 0.637716 -0.295397 -5.71998e-07 -1.85067e-06 
2.13684e-07 -0.592029 1.10405 -0.512022 -2.13684e-07 -7.52967e-07 
-7.44955e-08 -0.828231 1.5934 -0.765168 7.44955e-08 2.95913e-07 
7.57956e-07 -1.05079 2.07533 -1.02453 -7.57956e-07 -3.44324e-06 
3.74118e-08 -0.873197 1.75731 -0.884115 -3.74118e-08 -1.6539e-07 
1.05213e-08 -0.643292 1.30965 -0.666354 -1.05213e-08 -5.0308e-08 
4.1424e-08 -0.44147 0.905907 -0.464437 -4.1424e-08 -2.21991e-07 
6.60185e-08 -0.241421 0.497162 -0.25574 -6.60185e-08 -3.57767e-07 
0 -0 0 -0 -0 -0 
