1.13194 1.5976 -0.119028 -1.47857 -1.13194 -1.0016e-06 
1.13185 1.61106 -0.129059 -1.482 -1.13185 -5.60662e-07 
1.13215 1.62037 -0.121796 -1.49858 -1.13215 7.62771e-08 
1.13186 1.62533 -0.135912 -1.48941 -1.13186 -4.60779e-09 
1.13093 1.64725 -0.1837 -1.46355 -1.13093 -1.99153e-08 
1.13071 1.65272 -0.195248 -1.45747 -1.13071 -1.49962e-08 
1.13072 1.65266 -0.195068 -1.45759 -1.13072 -1.37024e-08 
1.13075 1.65197 -0.193503 -1.45847 -1.13075 -1.18264e-08 
1.13092 1.64799 -0.18478 -1.46322 -1.13092 -7.76216e-09 
1.1315 1.63412 -0.154719 -1.47941 -1.1315 -2.0864e-09 
1.13301 1.59764 -0.0761327 -1.52151 -1.13301 2.12247e-09 
1.13575 1.52922 0.070355 -1.59957 -1.13575 1.94894e-09 
1.13875 1.44853 0.241368 -1.6899 -1.13875 -7.22196e-10 
1.14099 1.37757 0.388982 -1.76655 -1.14099 -1.81046e-09 
1.14181 1.32773 0.487582 -1.81531 -1.14181 2.31305e-09 
1.14079 1.30417 0.521923 -1.82609 -1.14079 1.41604e-08 
1.14039 1.31662 0.475658 -1.79228 -1.14039 1.25836e-08 
1.14759 1.33092 0.438695 -1.76961 -1.14759 -4.79899e-08 
1.1589 1.31832 0.468445 -1.78677 -1.1589 -1.30755e-07 
1.15672 1.26741 0.559963 -1.82738 -1.15672 -8.75119e-08 
1.15311 1.21418 0.634845 -1.84903 -1.15311 7.64276e-09 
1.16709 1.19883 0.636853 -1.83568 -1.16709 -3.7277e-09 
1.17193 1.17827 0.669422 -1.84769 -1.17193 2.88273e-08 
1.16556 1.14593 0.73824 -1.88417 -1.16556 3.65817e-08 
1.15509 1.10308 0.828042 -1.93112 -1.15509 -3.06428e-07 
1.15894 1.05292 0.930009 -1.98293 -1.15894 -1.66718e-07 
1.17278 1.02736 0.982588 -2.00995 -1.17278 -1.3583e-08 
1.201 1.02904 0.979075 -2.00812 -1.201 -2.30423e-07 
1.21034 1.01733 1.00302 -2.02035 -1.21034 -1.30866e-07 
1.21431 1.00502 1.02814 -2.03316 -1.21431 -6.09384e-08 
1.2288 0.954086 1.13198 -2.08607 -1.2288 -1.09221e-07 
1.25511 0.887088 1.26803 -2.15512 -1.25511 -4.18656e-08 
1.28219 0.838903 1.36553 -2.20444 -1.28219 -8.83658e-08 
1.27416 0.803761 1.43627 -2.24003 -1.27416 -7.20777e-08 
1.29487 0.801811 1.44074 -2.24256 -1.29487 9.74495e-10 
1.28957 0.786865 1.46881 -2.25568 -1.28957 -5.35649e-08 
1.3146 0.765212 1.51696 -2.28217 -1.3146 -1.2385e-07 
1.37011 0.757746 1.5346 -2.29235 -1.37011 -1.10865e-07 
1.40107 0.742791 1.55178 -2.29457 -1.40107 -7.48241e-08 
1.3904 0.698663 1.59295 -2.29161 -1.3904 -4.89594e-08 
1.40424 0.674991 1.63322 -2.30821 -1.40424 -2.03161e-07 
1.44459 0.641135 1.70104 -2.34218 -1.44459 -1.29497e-07 
1.52806 0.582597 1.81316 -2.39576 -1.52806 -3.54921e-07 
1.67274 0.520515 1.9298 -2.45032 -1.67274 -5.94261e-08 
1.85883 0.48646 1.99283 -2.47929 -1.85883 -3.69112e-08 
2.06786 0.487741 1.99047 -2.47821 -2.06786 -7.38069e-09 
2.24309 0.514064 1.9418 -2.45586 -2.24309 9.29544e-09 
2.35541 0.542838 1.8881 -2.43094 -2.35541 -7.5151e-08 
2.41831 0.567059 1.84254 -2.4096 -2.41831 -4.16033e-08 
2.45146 0.612572 1.75613 -2.36871 -2.45146 3.08991e-10 
2.5016 0.686914 1.61305 -2.29996 -2.5016 3.93372e-09 
2.55801 0.79244 1.40663 -2.19907 -2.55801 -3.75387e-08 
2.60483 0.909111 1.17487 -2.08398 -2.60483 -8.8422e-08 
2.63135 0.995685 1.00096 -1.99664 -2.63135 1.10276e-08 
2.64645 1.05696 0.876936 -1.9339 -2.64645 -1.50632e-07 
2.65553 1.09677 0.796207 -1.89298 -2.65553 -1.63674e-07 
2.66404 1.14653 0.694466 -1.841 -2.66404 1.61391e-08 
2.67273 1.20719 0.569975 -1.77716 -2.67273 -2.64228e-08 
2.67857 1.24918 0.48373 -1.73291 -2.67857 -9.00239e-08 
2.68055 1.26353 0.454262 -1.71779 -2.68055 -1.13484e-07 
