-0 0 -0 -0 0 0 
-0.000828283 0.165255 -0.113825 -0.0514309 0.000828283 5.63478e-06 
0.00477851 -0.103105 0.242325 -0.139221 -0.00477851 4.82645e-07 
-0.00691632 0.158674 -0.355338 0.196664 0.00691632 -3.32201e-07 
-0.00380211 0.0924304 -0.197875 0.105445 0.00380211 1.92358e-08 
-7.49973e-05 0.00247861 -0.00422251 0.0017439 7.49973e-05 2.5809e-08 
4.88799e-05 -0.00103441 0.0024689 -0.00143449 -4.88799e-05 5.72295e-09 
0.000478787 -0.0110622 0.0246365 -0.0135742 -0.000478787 1.99732e-08 
0.00209965 -0.049878 0.108705 -0.0588273 -0.00209965 3.45822e-08 
0.00634106 -0.152327 0.329121 -0.176794 -0.00634106 3.87642e-08 
0.0145336 -0.354064 0.760881 -0.406817 -0.0145336 1.43313e-08 
0.0210862 -0.540488 1.15253 -0.612044 -0.0210862 -1.44364e-08 
0.0185557 -0.530651 1.11645 -0.585801 -0.0185557 -1.69112e-08 
0.0109263 -0.413931 0.846752 -0.43282 -0.0109263 5.82387e-09 
-0.000540765 -0.270704 0.500286 -0.229582 0.000540765 5.82282e-08 
-0.0110078 -0.0291323 -0.0720458 0.101179 0.0110078 8.03666e-08 
0.0153963 0.149315 -0.425231 0.275916 -0.0153963 -1.65856e-07 
0.0764236 0.0191244 -0.0294046 0.01028 -0.0764236 -6.00689e-07 
0.052529 -0.208003 0.434819 -0.226817 -0.052529 -3.1965e-07 
-0.0639275 -0.438506 0.714464 -0.275958 0.0639275 7.91183e-07 
0.0575287 -0.199471 0.16599 0.0334815 -0.0575287 1.68462e-07 
0.0882302 -0.078286 0.0233995 0.0548869 -0.0882302 -6.1607e-08 
-0.0174563 -0.192121 0.387121 -0.195 0.0174563 3.59526e-07 
-0.0716822 -0.277074 0.601997 -0.324922 0.0716822 -6.26734e-07 
-0.0403686 -0.296063 0.59652 -0.300457 0.0403686 -2.59165e-06 
0.0785806 -0.313671 0.644534 -0.330864 -0.0785806 2.99881e-06 
0.138354 -0.0569569 0.116492 -0.059535 -0.138354 -1.44917e-06 
0.124529 -0.0524053 0.10734 -0.0549345 -0.124529 6.50826e-07 
0.0150659 -0.0373332 0.0762494 -0.0389161 -0.0150659 2.4946e-07 
0.059282 -0.217996 0.444986 -0.22699 -0.059282 1.03376e-06 
0.151202 -0.405558 0.825284 -0.419729 -0.151202 -2.64422e-06 
0.166993 -0.425727 0.862386 -0.436659 -0.166993 1.67719e-06 
0.0652422 -0.2549 0.513977 -0.259076 -0.0652422 -7.81954e-07 
-0.00936538 -0.138329 0.28044 -0.142112 0.00936538 6.06766e-07 
0.174532 0.028008 -0.0567317 0.0287238 -0.174532 2.31308e-07 
-0.143102 -0.218009 0.427834 -0.209825 0.143102 -8.20724e-07 
0.436538 -0.064468 0.183584 -0.119117 -0.436538 -6.5975e-08 
0.248993 -0.0477257 0.0783289 -0.0306039 -0.248993 1.43609e-07 
0.107814 -0.213046 0.200983 0.0120635 -0.107814 4.02558e-07 
-0.0899907 -0.27201 0.29751 -0.0254992 0.0899907 -4.41616e-07 
0.198862 -0.0966532 0.256006 -0.159353 -0.198862 -1.06206e-06 
0.373282 -0.32925 0.623882 -0.294631 -0.373282 2.12547e-06 
0.76834 -0.44777 0.849176 -0.401405 -0.76834 2.5645e-05 
1.15821 -0.348011 0.64777 -0.299761 -1.15821 3.79327e-06 
1.35145 -0.111308 0.204746 -0.0934332 -1.35145 -1.59491e-06 
1.40306 0.122556 -0.22554 0.102983 -1.40306 -2.93454e-06 
0.96553 0.205543 -0.381782 0.176237 -0.96553 -1.87134e-07 
0.575984 0.155842 -0.291953 0.136112 -0.575984 -2.46883e-07 
0.203917 0.219514 -0.414479 0.194963 -0.203917 5.53669e-07 
0.310901 0.394885 -0.754127 0.359244 -0.310901 -7.1812e-07 
0.371763 0.609459 -1.18171 0.57225 -0.371763 -2.95012e-07 
0.379715 0.816467 -1.60992 0.793451 -0.379715 2.9592e-06 
0.237225 0.690955 -1.38185 0.690895 -0.237225 -3.21228e-06 
0.132145 0.481397 -0.970754 0.489354 -0.132145 1.35573e-06 
0.078987 0.352416 -0.715281 0.362866 -0.078987 -2.4628e-06 
0.0510074 0.238709 -0.485055 0.246345 -0.0510074 1.84422e-06 
0.0637433 0.426383 -0.874381 0.447998 -0.0637433 1.75022e-07 
0.0511859 0.36597 -0.751528 0.385559 -0.0511859 -4.91042e-07 
0.0267773 0.193597 -0.397645 0.204048 -0.0267773 -3.14297e-07 
-1.40381e-16 -1.01565e-15 2.08616e-15 -1.07051e-15 1.40381e-16 1.66683e-21 
