-0.00906138 1.28766 -0.991729 -0.295937 0.00906138 4.14598e-05 
0.00823411 0.438056 0.117517 -0.555576 -0.00823411 2.47215e-05 
-0.0399135 -0.296105 -1.4601 1.75621 0.0399135 -4.89346e-05 
-0.0355395 0.988911 -1.91048 0.92157 0.0355395 5.02731e-06 
0.0407335 -0.968265 2.1092 -1.14094 -0.0407335 6.46638e-07 
0.00704156 -0.177191 0.369396 -0.192205 -0.00704156 -2.68769e-07 
0.00104757 -0.0230033 0.0533186 -0.0303154 -0.00104757 9.02791e-08 
0.00571879 -0.135638 0.295976 -0.160337 -0.00571879 1.0249e-07 
0.0177759 -0.42766 0.922937 -0.495277 -0.0177759 8.37666e-08 
0.0422164 -1.02228 2.19513 -1.17285 -0.0422164 -5.78484e-08 
0.0605021 -1.54499 3.28994 -1.74495 -0.0605021 -2.15421e-07 
0.0035266 -0.362844 0.695587 -0.332743 -0.0035266 -1.18011e-07 
-0.0360124 0.461039 -1.10686 0.645824 0.0360124 7.63085e-08 
-0.0656331 1.08665 -2.47272 1.38607 0.0656331 2.23874e-07 
-0.0964349 1.13635 -2.84796 1.71161 0.0964349 4.61371e-07 
-0.00136755 1.87388 -4.25324 2.37936 0.00136755 -4.39986e-07 
0.385937 0.032682 0.620866 -0.65355 -0.385937 -2.98548e-06 
0.256125 -1.174 2.99404 -1.82005 -0.256125 -1.58083e-06 
-0.724303 -1.92404 3.10551 -1.18148 0.724303 6.55251e-06 
-0.174227 -0.383084 -0.354491 0.737576 0.174227 3.36438e-06 
1.16733 2.30269 -4.49084 2.18815 -1.16733 -7.23629e-06 
-0.560003 -0.475306 1.9669 -1.49159 0.560003 3.14047e-06 
-0.457616 -0.357825 1.2382 -0.880371 0.457616 -1.36394e-06 
-0.367153 -0.793227 1.68453 -0.891306 0.367153 -1.94653e-05 
0.767622 -0.610106 1.10348 -0.493376 -0.767622 2.94119e-05 
0.376914 1.55207 -3.14247 1.5904 -0.376914 -8.60117e-06 
1.91056 1.53795 -3.1822 1.64426 -1.91056 -4.97937e-05 
-0.991477 -1.28612 2.6269 -1.34078 0.991477 1.06285e-05 
-0.521637 1.21952 -2.49092 1.2714 0.521637 -8.40472e-06 
0.398297 -2.337 4.76677 -2.42977 -0.398297 3.8459e-06 
0.774843 -0.508169 1.00794 -0.499761 -0.774843 -4.14753e-06 
0.294513 1.43243 -2.92164 1.48919 -0.294513 -2.70316e-05 
-3.00995 0.597125 -1.24281 0.645669 3.00995 1.44463e-05 
2.49079 2.23423 -4.43823 2.204 -2.49079 1.05485e-06 
-1.52574 -0.719092 1.29142 -0.572317 1.52574 -6.22993e-06 
2.51182 0.0539713 0.359764 -0.413749 -2.51182 9.26923e-07 
0.901977 0.554412 -1.39286 0.838442 -0.901977 3.87413e-06 
-1.96717 0.0424838 -0.4027 0.360223 1.96717 -1.8587e-07 
-3.10203 -2.04832 1.49072 0.557615 3.10203 1.52132e-06 
2.61942 1.73199 -0.327736 -1.40427 -2.61942 -1.31167e-05 
0.248939 0.145757 -0.0871607 -0.058607 -0.248939 8.07377e-06 
2.86262 -0.238775 1.58116 -1.34232 -2.86262 1.29851e-05 
2.90395 -0.256751 0.312543 -0.0558466 -2.90395 0.00172773 
1.43048 1.57204 -2.99999 1.42776 -1.43048 -7.91815e-05 
1.12923 1.62459 -2.99703 1.37239 -1.12923 2.84886e-05 
-2.8594 1.18452 -2.19017 1.00584 2.8594 -0.000166781 
-2.87093 -0.0232326 0.0188508 0.00431277 2.87093 -2.63528e-05 
-0.0752984 -0.619536 1.15363 -0.534067 0.0752984 7.72277e-06 
-1.41822 1.50344 -2.85634 1.35288 1.41822 3.31116e-06 
0.0151224 1.54833 -3.01947 1.47095 -0.0151224 -2.58682e-05 
0.293623 1.4715 -2.98534 1.51388 -0.293623 -7.28847e-06 
-0.177084 1.34162 -2.82694 1.48507 0.177084 4.73917e-05 
-0.939903 -1.50442 2.90878 -1.40423 0.939903 6.36459e-05 
-0.544864 -1.41708 2.81931 -1.40228 0.544864 -1.68354e-05 
-0.222257 -0.925831 1.87671 -0.950882 0.222257 1.50536e-05 
0.0233858 0.868515 -1.81153 0.94301 -0.0233858 4.43022e-06 
4.6005e-06 0.428322 -0.897164 0.468848 -4.6005e-06 -1.14694e-05 
-0.138923 -0.931406 1.91012 -0.978718 0.138923 -3.24147e-07 
-0.178978 -1.2903 2.6501 -1.3598 0.178978 2.00177e-06 
-0.181649 -1.31422 2.69943 -1.38521 0.181649 2.15684e-06 
