-0.0272853 -0.558508 1.15894 -0.600436 0.0272853 -1.0067e-07 
0.341782 1.45551 -2.85013 1.39462 -0.341782 1.28198e-06 
1.38198 0.888383 -0.939342 0.0509593 -1.38198 3.67599e-06 
3.11522 0.887502 0.0312364 -0.918738 -3.11522 -7.809e-06 
-0.701113 -1.87808 3.10248 -1.22439 0.701113 1.88811e-05 
-0.0145717 0.121974 -0.174664 0.0526895 0.0145717 7.85529e-07 
0.173868 1.9688 -4.02957 2.06077 -0.173868 -2.08943e-06 
-0.0599853 -1.24518 2.53252 -1.28733 0.0599853 6.3737e-07 
1.91918 0.786833 2.38772 -3.17455 -1.91918 6.26381e-06 
3.45934 5.67595 0.615698 -6.2916 -3.45934 -2.11145e-05 
-0.34903 -2.30887 7.40959 -5.10071 0.34903 -1.94851e-05 
0.0234279 2.05802 -3.42818 1.37015 -0.0234279 1.06976e-05 
0.386754 3.32016 -12.1827 8.86249 -0.386754 4.03582e-06 
-0.0571821 -0.972754 1.88713 -0.914375 0.0571821 -1.53123e-06 
-0.0301484 -2.71877 5.12597 -2.4072 0.0301484 -1.74334e-06 
2.19952 -0.740723 1.23114 -0.490611 -2.19952 0.000118288 
2.06375 4.06439 -7.6461 3.58174 -2.06375 1.8513e-05 
-1.19077 -1.5434 2.93307 -1.38974 1.19077 2.49947e-05 
0.0427118 0.240994 -0.492187 0.251192 -0.0427118 -2.02396e-06 
-0.0913344 -0.660802 1.35729 -0.696492 0.0913344 -9.41537e-07 
