0.0383945 1.27215 -1.13038 -0.141773 -0.0383945 -1.9703e-05 
0.431191 3.07512 -7.23117 4.15606 -0.431191 2.89623e-05 
-0.0840145 -0.843885 1.6674 -0.823515 0.0840145 -2.38663e-06 
0.0279722 0.16563 -0.328265 0.162635 -0.0279722 6.6461e-07 
0.0337496 -0.0192547 0.0232039 -0.0039491 -0.0337496 7.40682e-07 
0.0223192 -0.970219 1.83097 -0.860755 -0.0223192 4.86371e-07 
-0.0235786 -1.77198 3.3544 -1.58243 0.0235786 -9.45488e-07 
-0.0739629 1.30202 -2.47472 1.1727 0.0739629 -3.25446e-06 
0.432678 1.49514 -3.43 1.93486 -0.432678 4.64851e-06 
1.24594 -1.83026 2.49464 -0.664357 -1.24594 0.000170836 
1.26506 1.34597 -2.90169 1.55569 -1.26506 -0.000206307 
1.52895 1.53725 -3 1.46268 -1.52895 0.000120227 
-2.82929 1.3394 -2.44345 1.10411 2.82929 -0.000114486 
-2.9856 -1.47991 2.75888 -1.27899 2.9856 -7.40079e-06 
-2.50992 -0.179844 0.286292 -0.106468 2.50992 -9.73325e-06 
0.298196 1.42321 -2.89503 1.47186 -0.298196 3.02848e-05 
-0.787288 -1.20843 2.32583 -1.11742 0.787288 4.86928e-05 
-0.219758 0.464899 -1.03724 0.572347 0.219758 1.426e-05 
-0.104469 -0.722918 1.48354 -0.760626 0.104469 -4.44179e-07 
-0.123546 -0.893852 1.83598 -0.942129 0.123546 -1.2736e-06 
