-0 -0 -0 0 0 -0 
-0.833705 -1.02764 -0.212081 1.23972 0.833705 -1.90505e-08 
-1.20414 -1.50503 -0.293875 1.79891 1.20414 1.3952e-08 
0.283905 0.324273 0.0875809 -0.411854 -0.283905 5.76986e-08 
0.461498 0.215454 -0.399646 0.184192 -0.461498 -5.73778e-07 
0.28655 0.134138 -0.00673929 -0.127399 -0.28655 5.86849e-07 
0.554097 0.299678 -0.00627837 -0.2934 -0.554097 6.34422e-08 
-0.211718 0.495726 -0.0999376 -0.395788 0.211718 -1.82715e-07 
0.336321 0.488107 -0.191612 -0.296492 -0.336321 -5.72669e-07 
0.50388 0.846355 0.492229 -1.33859 -0.50388 -1.49719e-06 
0.100801 -0.520426 1.33138 -0.810953 -0.100801 1.48811e-06 
-0.114295 0.346299 -0.161801 -0.184497 0.114295 3.65664e-07 
0.0352011 0.0208093 -0.0774381 0.0566293 -0.0352011 1.83229e-06 
0.0117662 0.537932 -1.32204 0.784113 -0.0117662 7.03778e-07 
0.170676 0.405787 -0.932784 0.526996 -0.170676 -1.00727e-08 
0.734511 0.533082 -1.40311 0.87003 -0.734511 9.78976e-07 
1.27813 -0.106558 0.355002 -0.248445 -1.27813 -2.52661e-07 
0.441154 -0.390342 1.07161 -0.681267 -0.441154 1.94398e-06 
0.150367 -0.736946 1.61491 -0.877961 -0.150367 -2.85829e-07 
5.14891e-17 -6.60594e-16 1.40929e-15 -7.487e-16 -5.14891e-17 -3.31725e-22 
