1.13194 1.5976 -0.119028 -1.47857 -1.13194 3.55271e-15 
0.892033 1.30202 -0.180136 -1.12188 -0.892033 -5.74392e-09 
0.260101 0.519538 -0.338768 -0.18077 -0.260101 -1.31116e-08 
-0.063545 0.0894655 -0.402468 0.313003 0.063545 4.16064e-08 
-0.0156026 0.261443 -0.554496 0.293054 0.0156026 -3.53581e-07 
0.510051 0.459325 -0.629144 0.16982 -0.510051 -1.80462e-07 
0.378592 0.458026 -0.617644 0.159618 -0.378592 -1.02753e-07 
0.562677 0.808864 -0.966185 0.15732 -0.562677 -6.82003e-08 
0.816236 1.15504 -1.16865 0.0136182 -0.816236 -1.84723e-07 
1.01261 1.47389 -1.17156 -0.302326 -1.01261 -1.14994e-09 
1.17472 1.53771 -0.419425 -1.11828 -1.17472 -8.6213e-08 
1.15048 1.5453 -0.136862 -1.40844 -1.15048 -1.37165e-09 
1.13078 1.62216 -0.12881 -1.49335 -1.13078 -6.26282e-07 
1.16158 1.82588 -0.68685 -1.13903 -1.16158 -3.77341e-08 
1.21867 2.04927 -1.19169 -0.857582 -1.21867 3.26506e-09 
1.38261 2.26825 -1.72302 -0.545235 -1.38261 8.2682e-09 
2.14833 2.38028 -2.0476 -0.33268 -2.14833 1.37597e-09 
2.43291 2.30013 -1.80862 -0.491514 -2.43291 9.33933e-09 
2.65911 1.85808 -0.763794 -1.09428 -2.65911 1.44703e-08 
2.68946 1.61734 -0.245048 -1.37229 -2.68946 3.55271e-15 
