0 0 -0 0 -0 -0 
0.00020478 0.24501 -0.521701 0.276691 -0.00020478 -3.82287e-07 
-0.000886662 0.249175 -0.715573 0.466398 0.000886662 1.77874e-06 
1.77224e-06 0.0535953 -0.606025 0.552431 -1.77224e-06 2.19107e-06 
-8.0039e-07 0.0581565 -0.207186 0.14903 8.0039e-07 1.93191e-06 
-5.64525e-07 0.0404611 -0.102659 0.0621982 5.64525e-07 1.37543e-06 
-2.94902e-06 0.186379 -0.435416 0.249038 2.94902e-06 7.20855e-06 
-3.07003e-06 -0.220155 0.402474 -0.182319 3.07003e-06 7.5181e-06 
4.49154e-06 -1.49401 3.09637 -1.60237 -4.49154e-06 -1.09731e-05 
2.15799e-06 -0.692226 1.4353 -0.743075 -2.15799e-06 -5.28175e-06 
-1.07927e-06 0.254489 -0.546862 0.292373 1.07927e-06 2.63891e-06 
-5.72868e-06 -0.123723 0.185746 -0.0620232 5.72868e-06 1.38878e-05 
5.70218e-05 -0.64619 0.927233 -0.281041 -5.67757e-05 -0.000139463 
0.00280183 -0.169806 0.17545 -0.0067477 -0.00390299 -0.00109043 
0.173639 0.271275 -0.37759 0.0381233 -0.241717 -0.0684335 
-0.262798 -0.562961 0.731186 -0.0650171 0.365833 0.103571 
-0.198921 -0.414764 0.545359 -0.0524727 0.276911 0.078396 
-0.00162648 -0.00365406 0.00468658 -0.000393752 0.00226417 0.00064101 
-0.00785829 -0.0205268 0.0251227 -0.0015097 0.0109392 0.00309707 
0.0515137 0.0924208 -0.12833 0.0156788 -0.0717105 -0.0203016 
0.28948 0.558836 -0.755293 0.0827692 -0.402976 -0.114085 
0.845767 1.65871 -2.23022 0.255492 -1.16126 -0.317129 
1.15702 2.31214 -3.09879 0.539345 -1.40391 -0.248174 
0.68498 1.45554 -1.93525 0.783206 -0.381998 0.304557 
-0.216498 -0.230345 0.343307 1.00794 1.33554 1.12475 
-0.807537 -1.35351 1.85436 1.05012 2.35675 1.55462 
-0.929445 -1.61101 2.18972 0.89893 2.40709 1.47763 
-0.720666 -1.25709 1.69536 0.619414 1.78116 1.05182 
-0.392433 -0.653011 0.820105 0.35504 0.929793 0.490483 
0.677772 0.945331 -1.2045 -0.499245 -1.50433 -0.616747 
-0.885645 -0.677896 0.426454 0.484851 1.42923 -0.411448 
1.63519 0.821494 -0.133248 -0.735314 -2.367 1.3765 
1.59342 0.755984 -0.00967134 -0.740632 -3.22553 0.4688 
0.309984 0.141244 0.00624813 -0.144036 -1.28883 -0.567938 
0.0782065 0.0345835 0.00284394 -0.0362465 -0.458799 -0.276628 
-0.0212606 -0.0222068 0.0140596 0.0112363 -1.5461 -1.59234 
-0.932349 -0.471674 0.0329606 0.439912 -2.13866 -4.29581 
-1.86564 -0.925679 0.0380544 0.885043 -0.549423 -4.87152 
-0.581858 -0.289936 -0.0114193 0.300232 4.57921 3.22831 
0.416205 0.191198 -0.0298619 -0.160556 5.67249 6.63786 
0.114034 0.0251685 0.00356567 -0.0282958 1.44428 1.71747 
-0.131531 -0.118408 0.0342569 0.0837704 -1.50663 -1.81691 
0.13205 0.00517096 0.0242329 -0.0301221 0.112178 0.38112 
-0.372275 -0.283088 0.0223605 0.263525 0.666785 -0.0615416 
1.19475 0.691913 -0.000373454 -0.700486 -2.38899 -0.0595805 
0.50961 0.29998 -0.000229884 -0.302225 -0.994449 -0.00277223 
0.565053 0.333161 0.000264545 -0.335582 -1.09845 7.28376e-05 
1.43456 0.84852 0.0113248 -0.855723 -2.74594 0.0250705 
0.551101 0.323551 0.0693032 -0.339801 -0.887039 0.0621491 
-0.601324 -0.254887 -0.300281 0.277607 0.955593 -0.285963 
0.569323 0.123378 0.869941 -0.341633 -0.449917 0.6541 
-0.0716925 -0.0174695 -0.0531707 0.00240897 0.072834 -0.0687323 
-1.49849 -0.184978 -2.65147 0.689476 0.67933 -2.14717 
-1.74343 -0.214834 -3.12992 0.823287 0.762829 -2.52137 
-0.815199 -0.114797 -1.47627 0.409761 0.353984 -1.18122 
0.565248 0.00881954 1.00175 -0.191469 -0.245448 0.819045 
-0.222756 -0.10873 -0.227066 0.0130003 0.0967276 -0.322774 
-0.00754653 -0.391016 0.710596 -0.330516 0.003277 -0.0109344 
2.7182e-08 -0.817475 1.64996 -0.832482 -2.71834e-08 -1.19529e-07 
-7.44339e-22 2.62512e-15 -5.40701e-15 2.78189e-15 7.44339e-22 4.03455e-21 
