0 0 0 0 0 0 
0.000193656 0.193331 -0.407069 0.213738 -0.000193656 -3.71573e-07 
8.80194e-05 0.218426 -0.479918 0.261493 -8.80194e-05 -1.44703e-07 
1.63716e-07 0.351059 -1.0202 0.669141 -1.63716e-07 -7.57886e-07 
4.24771e-07 0.32231 -1.13031 0.807998 -4.24771e-07 -1.09042e-06 
1.8866e-07 0.339309 -1.17768 0.838371 -1.8866e-07 -5.166e-07 
-8.18794e-07 0.408638 -1.34277 0.934131 8.18794e-07 1.9436e-06 
-3.20285e-06 0.46944 -1.50534 1.0359 3.20285e-06 7.77595e-06 
-2.59742e-06 -0.1196 -0.300773 0.420373 2.59742e-06 6.3031e-06 
1.45785e-08 -0.907078 1.33455 -0.427473 -1.45785e-08 -8.20155e-08 
1.27095e-07 -1.01489 1.55225 -0.537358 -1.27096e-07 -3.61484e-07 
1.93716e-06 -0.991947 1.48015 -0.488207 -1.93716e-06 -4.74125e-06 
7.04874e-07 -1.24633 1.87522 -0.628891 -7.51043e-07 -1.51521e-06 
0.000247566 -1.50366 2.14303 -0.639467 -0.000344508 -9.82307e-05 
0.000295699 -1.62195 2.2174 -0.595565 -0.000411465 -0.000117454 
0.0309708 -1.59679 2.16861 -0.583979 -0.0431133 -0.0122066 
-0.184019 -2.04272 2.75555 -0.640563 0.256167 0.0725223 
-0.22558 -2.13105 2.87095 -0.651306 0.314023 0.0889018 
-0.230176 -2.14186 2.88461 -0.652352 0.32042 0.090713 
-0.222046 -2.13037 2.86703 -0.649454 0.309103 0.087509 
-0.127747 -1.95123 2.6235 -0.622102 0.177832 0.0503453 
0.21974 -1.27353 1.71079 -0.521949 -0.304291 -0.0849902 
0.902729 0.0775105 -0.102841 -0.268849 -1.19641 -0.29521 
1.5159 1.32824 -1.77447 0.151102 -1.81053 -0.296162 
1.67704 1.7415 -2.31244 0.722023 -1.52621 0.151617 
1.32338 1.18592 -1.54309 1.38699 -0.295049 1.03296 
0.751437 0.206856 -0.207734 2.01367 1.25923 2.01722 
0.213815 -0.72921 1.06029 2.50056 2.61654 2.83428 
-0.213865 -1.46786 2.04235 2.86707 3.65922 3.43367 
0.00175608 -1.11513 1.53621 2.71854 3.13769 3.13999 
-0.00645653 -1.15688 1.59446 2.70578 3.15205 3.13869 
-0.0344358 -1.18452 1.57108 2.75596 3.19139 3.11249 
1.22402 -0.575985 1.53605 2.17571 1.13491 3.96357 
1.77926 -0.315912 1.53782 1.91747 -0.337949 3.77953 
1.84156 -0.287865 1.53948 1.88855 -0.640092 3.62238 
1.89491 -0.266814 1.54439 1.86409 -1.28297 3.10443 
1.63039 -0.405192 1.55915 1.98927 -2.50654 1.27003 
0.689717 -0.874819 1.58365 2.43391 -3.5507 -1.95234 
-0.185141 -1.30838 1.59395 2.85568 -2.35847 -2.78795 
-0.156718 -1.29911 1.57701 2.86336 1.32465 0.959977 
0.0445612 -1.21441 1.56782 2.78832 3.65346 3.75862 
0.0263664 -1.25024 1.57994 2.81209 3.59787 3.66476 
0.0397267 -1.27592 1.60016 2.81689 2.85549 2.92668 
-0.199807 -1.46809 1.6165 2.99475 3.59057 3.20244 
0.122468 -1.30061 1.62278 2.81849 2.89511 3.13386 
0.74213 -0.937949 1.62215 2.45255 1.67421 3.12023 
0.913839 -0.836786 1.62214 2.35065 1.33978 3.11979 
1.57264 -0.447603 1.62445 1.95851 0.0683579 3.12568 
2.34952 0.0112077 1.6485 1.4924 -1.37311 3.15586 
2.14777 -0.0891328 1.6303 1.58849 -0.912348 3.1292 
2.17453 -0.075669 1.67852 1.53445 -0.960406 3.13728 
2.42359 -0.0387771 2.13202 1.38617 -1.09053 3.47964 
1.92592 -0.104126 1.28014 1.60557 -0.847129 2.78153 
0.828245 -0.238558 -0.679987 2.1178 -0.360762 1.19919 
-0.0360815 -0.348988 -2.23684 2.53354 0.0156677 -0.0522823 
-0.181145 -0.387834 -2.50745 2.63278 0.0786587 -0.26248 
-0.00892358 -0.410561 -2.14712 2.54475 0.00387488 -0.0129303 
-3.94933e-06 -0.508418 -1.95228 2.46069 1.7085e-06 -5.80378e-06 
-4.23371e-09 -1.0006 -0.991036 1.99164 4.23368e-09 -2.30403e-09 
1.28424e-08 -1.26353 -0.454262 1.71779 -1.28424e-08 -9.30577e-08 
