0.00128519 1.24898 -2.62491 1.37593 -0.00128519 -2.47484e-06 
-0.0028808 -2.55185 5.3266 -2.77475 0.0028808 5.61238e-06 
0.000710168 0.0907194 -0.503876 0.413157 -0.000710168 -4.64719e-06 
2.29832e-05 -1.23678 3.16228 -1.92551 -2.29832e-05 -6.71891e-05 
-7.91468e-06 0.564411 -0.72566 0.161247 7.91468e-06 1.94478e-05 
-1.93563e-06 0.138192 -0.329878 0.191686 1.93563e-06 4.72449e-06 
-4.74651e-06 0.16863 -0.395471 0.226841 4.74651e-06 1.16231e-05 
9.15472e-06 -1.83654 3.87536 -2.03881 -9.15472e-06 -2.23724e-05 
6.0712e-06 -0.736401 1.57898 -0.842583 -6.0712e-06 -1.48603e-05 
-9.39765e-06 2.30201 -4.80651 2.5045 9.39765e-06 2.2955e-05 
-3.19862e-07 1.01171 -2.12656 1.11485 3.19863e-07 8.57331e-07 
-0.000111218 1.99758 -4.19136 2.19378 0.000111218 0.000269688 
0.000441296 1.6011 -2.95276 1.35185 -0.000230979 -0.00215806 
-0.0234071 0.728338 0.606309 -1.32546 0.0325888 0.00920079 
0.923707 1.89213 -2.61756 0.362662 -1.28586 -0.364026 
-1.06306 -2.07156 2.79419 -0.305132 1.47985 0.418955 
0.647628 1.318 -1.74724 0.174897 -0.90154 -0.255233 
-0.0264931 -0.0595798 0.0763898 -0.00640548 0.0368802 0.0104412 
0.02156 0.0355021 -0.0509604 0.00699107 -0.030013 -0.00849676 
0.194035 0.376828 -0.508174 0.0551436 -0.27011 -0.0764698 
0.610799 1.20172 -1.61326 0.171658 -0.850272 -0.240718 
0.948395 1.89395 -2.53583 0.383781 -1.20606 -0.259002 
-0.288586 -0.473646 0.654674 0.389313 0.857966 0.572339 
-1.14952 -2.13115 2.8846 0.377031 2.2781 1.13444 
-1.38261 -2.60182 3.51141 0.257203 2.54789 1.16993 
-0.522688 -1.01615 1.35724 -0.10436 0.761054 0.233329 
0.10205 0.137672 -0.209247 -0.355176 -0.52505 -0.434549 
0.525196 0.921254 -1.27193 -0.511527 -1.38241 -0.872579 
2.18235 3.84741 -5.32793 -1.75635 -5.40662 -3.26309 
-1.58615 -3.9274 6.12078 1.34252 4.76748 4.27303 
-3.0622 -0.186929 -2.67573 1.48595 3.3954 -4.93152 
4.7243 2.11842 0.392557 -2.3035 -6.59541 4.52879 
-2.46264 -1.20284 0.0772505 1.13895 2.08756 -3.60179 
-1.18456 -0.551772 -0.00906937 0.551341 3.41798 0.66672 
0.252151 0.109129 0.0119918 -0.116639 -1.7837 -1.1957 
-0.803362 -0.402968 0.0252435 0.37785 -1.5617 -3.42118 
-1.89223 -0.92704 0.0292498 0.89209 0.112374 -4.27376 
0.233968 0.127735 -0.0401435 -0.0907874 5.94362 6.47965 
2.63118 1.29161 -0.0804518 -1.20644 7.36717 13.462 
0.308099 0.126073 0.0261509 -0.151344 -4.21127 -3.48493 
-0.585885 -0.305226 0.0469465 0.257259 -5.85224 -7.20821 
-0.0393386 -0.0347154 0.0320822 0.000389911 -3.16074 -3.33589 
-0.675207 -0.4761 -0.0128875 0.497425 5.49105 4.30018 
2.62265 1.64533 -0.0389565 -1.62699 -5.84896 -0.75295 
0.653191 0.433093 -0.0147031 -0.419479 -1.06614 0.207415 
-1.87051 -1.09939 0.00200682 1.10791 3.66188 0.0194162 
1.55947 0.921022 0.00272408 -0.927603 -3.01827 0.0097186 
0.7375 0.438537 0.0453368 -0.448362 -1.29193 0.0693459 
-2.86612 -1.683 0.0638366 1.66937 5.81328 -0.00712914 
2.33149 1.55081 -0.800707 -1.48749 -5.82607 -0.67897 
1.18651 -0.0973814 3.06224 -0.463266 0.399603 2.49033 
-1.87766 -0.244673 -3.32072 0.911392 0.893598 -2.65477 
-1.58621 -0.179584 -2.93886 0.772096 0.632914 -2.34551 
0.616604 0.0635095 1.0694 -0.256904 -0.288237 0.876191 
2.04077 0.222518 3.65885 -0.924092 -0.886164 2.95708 
2.75137 0.25982 5.01898 -1.29179 -1.19473 3.98673 
3.50361 0.277419 6.12712 -1.32747 -1.52137 5.07674 
0.380754 -1.30442 3.2358 -1.3795 -0.165344 0.551632 
-3.42331e-06 1.53231 -2.96656 1.43434 3.42352e-06 1.61798e-05 
-4.12985e-07 1.45651 -3 1.54349 4.12985e-07 2.23851e-06 
