0 0 -0 0 -0 -0 
0.000133081 0.129337 -0.271823 0.142485 -0.000133081 -2.56269e-07 
0.00026408 0.25682 -0.539772 0.282952 -0.00026408 -5.08485e-07 
0.000382588 0.373174 -0.784481 0.411308 -0.000382588 -7.3638e-07 
0.000461536 0.454285 -0.955596 0.501311 -0.000461536 -8.87259e-07 
0.000448876 0.453785 -0.956282 0.502497 -0.000448876 -8.59785e-07 
0.000249034 0.281363 -0.597122 0.315759 -0.000249034 -4.69239e-07 
6.03885e-06 0.0514827 -0.114918 0.0634354 -6.03885e-06 3.34175e-10 
-9.10542e-05 -0.0975798 0.206418 -0.108838 9.10542e-05 1.72956e-07 
3.55504e-05 -0.115187 0.264141 -0.148954 -3.55504e-05 -1.07729e-07 
0.000135597 -0.0337311 0.0952725 -0.0615413 -0.000135597 -3.04523e-07 
-9.81796e-05 0.0640077 -0.158007 0.0939989 9.81796e-05 2.30873e-07 
-0.000559064 0.161621 -0.444803 0.283182 0.000559064 1.25144e-06 
-0.000750275 0.207434 -0.592257 0.384822 0.000750275 1.54769e-06 
-0.000660633 0.21688 -0.639176 0.422296 0.000660633 1.0549e-06 
-0.000166794 0.230534 -0.734502 0.503969 0.000166794 -1.07423e-06 
0.000318979 0.226715 -0.828481 0.601766 -0.000318979 -3.51693e-06 
-0.000123961 0.263775 -1.08886 0.825087 0.000123961 -1.54562e-06 
1.28975e-05 0.232309 -1.31314 1.08083 -1.28975e-05 -6.16811e-06 
2.95999e-06 0.102186 -1.09036 0.988171 -2.95999e-06 2.92789e-06 
-4.13439e-06 0.0267742 -0.822824 0.796049 4.13439e-06 1.14475e-05 
8.28422e-08 -0.0175995 -0.551801 0.569402 -8.28422e-08 -3.47458e-07 
-5.29006e-06 0.147468 -0.364464 0.216996 5.29006e-06 1.32031e-05 
-3.28951e-06 0.0860291 -0.193421 0.107392 3.28951e-06 8.21823e-06 
-6.8201e-06 0.178853 -0.471523 0.29267 6.8201e-06 1.70133e-05 
1.99039e-05 0.276857 -0.764432 0.487575 -1.99039e-05 -4.96446e-05 
-5.92128e-06 0.36413 -1.0561 0.691965 5.92128e-06 1.47671e-05 
-8.08267e-07 0.431067 -1.35404 0.922973 8.08267e-07 2.01587e-06 
1.49616e-06 0.389116 -1.41639 1.02728 -1.49616e-06 -3.73164e-06 
-5.55783e-06 0.249341 -1.11628 0.866944 5.55783e-06 1.38621e-05 
-3.2972e-07 0.144332 -0.818297 0.673964 3.2972e-07 8.2369e-07 
2.76579e-06 0.0312822 -0.564958 0.533675 -2.76579e-06 -6.91302e-06 
-9.75495e-07 0.120561 -0.319354 0.198793 9.75495e-07 2.46673e-06 
-4.17568e-06 -0.357055 -0.525056 0.882109 4.17568e-06 1.02726e-05 
-3.94494e-07 -0.167916 -0.31058 0.478496 3.94494e-07 9.82808e-07 
2.3352e-06 0.0655662 -0.149708 0.0841433 -2.3352e-06 -5.69585e-06 
1.33975e-06 -0.0411755 -0.180605 0.221782 -1.33975e-06 -3.28636e-06 
-3.45624e-06 -0.480726 -0.346826 0.827552 3.45624e-06 8.39469e-06 
-4.32723e-06 -0.692917 -0.357494 1.05041 4.32723e-06 1.05453e-05 
1.50224e-06 -0.473082 -0.0999896 0.57307 -1.50224e-06 -3.58428e-06 
2.0682e-06 -0.231055 -0.0040919 0.235147 -2.0682e-06 -4.94694e-06 
-4.68104e-06 -0.125608 -0.272816 0.398426 4.68104e-06 1.14028e-05 
5.71018e-06 -0.104562 -0.336317 0.440877 -5.71018e-06 -1.39374e-05 
4.77666e-06 -0.24773 0.0309886 0.21674 -4.77666e-06 -1.16348e-05 
-1.07902e-06 -0.288432 0.22019 0.0682433 1.07902e-06 2.64916e-06 
-4.08257e-07 -0.121765 -0.0668899 0.188655 4.08257e-07 9.96215e-07 
6.56025e-08 -0.0570964 -0.115285 0.172381 -6.56025e-08 -1.62249e-07 
7.79887e-08 -0.0310398 -0.0580405 0.0890802 -7.79887e-08 -1.90634e-07 
8.06931e-09 -0.00331637 -0.00518295 0.00849932 -8.06931e-09 -1.96624e-08 
1.13353e-07 -0.0571985 -0.0619644 0.119163 -1.13353e-07 -2.74656e-07 
-1.21201e-08 -0.191637 0.0638984 0.12774 1.21201e-08 4.70001e-08 
5.47502e-08 -0.343806 0.34432 -0.000512732 -5.47502e-08 -1.27338e-07 
1.03917e-06 -0.350548 0.245531 0.105015 -1.03917e-06 -2.63433e-06 
2.82943e-07 -0.560574 0.0450946 0.515481 -2.82943e-07 -7.7771e-07 
-9.37666e-07 -0.713225 0.106084 0.607142 9.37666e-07 2.4419e-06 
7.22734e-07 -0.981189 0.217443 0.763742 -7.22734e-07 -1.98834e-06 
-8.14071e-07 -0.856863 0.253251 0.603613 8.14071e-07 2.26437e-06 
4.10276e-07 -0.65792 0.292036 0.365883 -4.10276e-07 -1.1784e-06 
4.43489e-08 -0.292169 0.0784319 0.213738 -4.43489e-08 -1.33063e-07 
-3.1392e-07 -0.259984 -0.130205 0.39019 3.1392e-07 9.25663e-07 
-6.66714e-08 -0.293468 -0.170925 0.464392 6.66714e-08 1.99782e-07 
2.81339e-07 -0.208901 0.258507 -0.0496038 -2.81339e-07 -8.42197e-07 
1.37469e-07 -0.143554 0.236492 -0.0929369 -1.37469e-07 -4.09648e-07 
-1.8852e-07 -0.210333 -0.0582855 0.268618 1.8852e-07 5.72766e-07 
-1.53504e-07 -0.260453 0.00469076 0.255761 1.53504e-07 4.59243e-07 
1.83379e-07 -0.175296 0.450822 -0.275524 -1.83379e-07 -5.51644e-07 
-2.24604e-07 -0.24956 0.412058 -0.162498 2.24604e-07 7.07852e-07 
5.78479e-07 -0.349818 0.653266 -0.303447 -5.78479e-07 -1.8779e-06 
-5.59767e-07 -0.505179 0.933529 -0.428354 5.59767e-07 1.8759e-06 
-4.1698e-07 -0.655154 1.23271 -0.577556 4.1698e-07 1.47235e-06 
-7.88942e-07 -0.799353 1.53224 -0.732886 7.88942e-07 3.03122e-06 
2.41865e-07 -0.938062 1.82917 -0.891105 -2.41865e-07 -9.80788e-07 
1.05347e-07 -1.07263 2.12339 -1.05077 -1.05347e-07 -5.98268e-07 
-3.39587e-07 -0.944007 1.89147 -0.947464 3.39587e-07 1.63103e-06 
-1.44338e-08 -0.794764 1.60635 -0.811578 1.44338e-08 7.75619e-08 
1.28508e-08 -0.655349 1.33344 -0.678092 -1.28508e-08 -6.20074e-08 
-2.28312e-08 -0.511251 1.04502 -0.533769 2.28312e-08 1.2879e-07 
6.43857e-08 -0.414321 0.851238 -0.436917 -6.43857e-08 -3.4738e-07 
7.61623e-08 -0.2923 0.601783 -0.309484 -7.61623e-08 -4.1262e-07 
4.20529e-08 -0.149052 0.306996 -0.157944 -4.20529e-08 -2.27933e-07 
2.26491e-23 -7.98784e-17 1.64527e-16 -8.46486e-17 -2.26491e-23 -1.22765e-22 
