0 0 0 0 0 0 
-0.00490254 0.0392003 -0.0856933 0.046493 0.00490254 -7.83831e-08 
-0.0115541 0.143189 -0.308939 0.165751 0.0115541 -2.82715e-07 
0.0311193 0.202699 -0.406877 0.204178 -0.0311193 -3.73328e-07 
-0.0904522 0.191018 -0.460531 0.269514 0.0904522 -4.17487e-07 
-0.334059 0.209689 -0.666284 0.456595 0.334059 -5.04808e-07 
-0.261681 0.198618 -0.651673 0.453055 0.261681 7.39487e-08 
-0.228632 0.198713 -0.675493 0.47678 0.228632 7.74829e-07 
-0.227805 0.239912 -0.765452 0.525539 0.227805 7.01127e-07 
-0.191002 0.224596 -0.760087 0.535491 0.191002 -2.23434e-08 
-0.201808 0.27753 -0.881726 0.604196 0.201808 -3.06598e-07 
-0.117483 0.323408 -0.954798 0.63139 0.117483 -4.58418e-08 
0.0207289 0.349749 -0.983968 0.63422 -0.0207289 1.08256e-06 
0.00148809 0.36469 -1.13938 0.774692 -0.00148809 6.75442e-07 
-0.000339987 0.321039 -1.11767 0.796633 0.000339987 -1.25213e-06 
-8.13054e-05 0.33584 -1.16884 0.833003 8.13054e-05 -6.63791e-07 
1.2631e-05 0.358914 -1.22577 0.866861 -1.2631e-05 1.56901e-07 
8.53484e-05 0.405568 -1.33555 0.92998 -8.53484e-05 1.85651e-06 
0.000103858 0.463447 -1.47212 1.00867 -0.000103858 4.48671e-06 
6.10789e-05 0.478454 -1.52111 1.04266 -6.10789e-05 7.38269e-06 
-2.29124e-06 0.354641 -1.27798 0.923336 2.29124e-06 8.77595e-06 
-3.03395e-05 0.028543 -0.607512 0.578969 3.03395e-05 7.32663e-06 
-2.49922e-05 -0.399095 0.27919 0.119905 2.49922e-05 4.11331e-06 
-7.9366e-06 -0.760748 1.03071 -0.269967 7.9366e-06 1.10079e-06 
4.21825e-06 -0.968923 1.46261 -0.493684 -4.21825e-06 -5.24956e-07 
7.98731e-06 -1.04097 1.60981 -0.568844 -7.98733e-06 -8.04035e-07 
2.84776e-06 -0.973635 1.46389 -0.490258 -2.84777e-06 -3.83703e-08 
-1.1432e-06 -0.915103 1.33309 -0.417989 1.14326e-06 -2.00001e-06 
2.2464e-06 -0.993891 1.4829 -0.48901 -2.24665e-06 -4.44826e-06 
2.31472e-06 -1.04857 1.57092 -0.52235 -2.3177e-06 -5.54728e-06 
-4.97139e-06 -1.21561 1.83054 -0.614927 7.37024e-06 -3.02939e-07 
-0.0010696 -1.35094 2.01702 -0.665661 0.00149339 0.00041824 
-0.00249269 -1.40028 2.07814 -0.676884 0.00348143 0.000969119 
-0.0164397 -1.47931 2.14705 -0.661324 0.0229563 0.00641426 
-0.0164521 -1.49044 2.15381 -0.656955 0.0229735 0.0064194 
0.00260134 -1.47996 2.12149 -0.642549 -0.00363203 -0.00101733 
0.0621938 -1.3724 1.98001 -0.63189 -0.0868445 -0.024279 
-0.0548907 -1.64573 2.32417 -0.657011 0.0766468 0.0214276 
-0.223938 -2.05761 2.82218 -0.677155 0.312696 0.0874181 
-0.181539 -2.03002 2.7469 -0.64601 0.253492 0.0708669 
-0.0286824 -1.75671 2.36252 -0.594618 0.0400507 0.0111967 
0.198112 -1.32682 1.77641 -0.525725 -0.275419 -0.0761398 
0.454184 -0.830671 1.10677 -0.443277 -0.623928 -0.167181 
0.697959 -0.351827 0.463639 -0.354087 -0.943948 -0.242275 
0.907112 0.0637099 -0.0927549 -0.265103 -1.20577 -0.294148 
1.07262 0.396048 -0.536758 -0.182943 -1.40123 -0.323653 
1.19372 0.641698 -0.864375 -0.113495 -1.53505 -0.336173 
1.27384 0.805691 -1.08279 -0.0615994 -1.61773 -0.338703 
1.31743 0.895526 -1.20233 -0.0308003 -1.66021 -0.337605 
1.32881 0.919076 -1.23365 -0.0224053 -1.67096 -0.336982 
1.35071 0.964466 -1.29401 -0.00581156 -1.6912 -0.335351 
1.40275 1.07298 -1.43818 0.0363269 -1.73667 -0.328878 
1.47892 1.23385 -1.65161 0.106871 -1.79459 -0.310897 
1.56773 1.42618 -1.9061 0.210536 -1.84124 -0.269387 
1.64946 1.6138 -2.15298 0.354103 -1.83738 -0.185074 
1.69261 1.73822 -2.31374 0.546705 -1.72187 -0.0288146 
1.65359 1.71787 -2.2791 0.798918 -1.4123 0.237689 
1.50407 1.49843 -1.97623 1.11373 -0.859033 0.635931 
1.23726 1.06395 -1.38373 1.48338 -0.0586627 1.1636 
0.881618 0.460236 -0.563347 1.87499 0.909227 1.77188 
0.506678 -0.192284 0.322701 2.23526 1.87725 2.36567 
0.170952 -0.7895 1.13474 2.5339 2.71858 2.87914 
-0.0652299 -1.22393 1.72856 2.74021 3.30294 3.24485 
-0.175615 -1.44539 2.03567 2.84406 3.57724 3.43435 
-0.182749 -1.48857 2.09957 2.86469 3.59743 3.47569 
-0.095638 -1.34904 1.90335 2.80466 3.38375 3.35897 
-0.00209166 -1.13137 1.5646 2.72332 3.14775 3.15655 
-0.0548402 -1.07147 1.39037 2.73705 3.26262 3.05594 
-0.148497 -1.12854 1.39899 2.79605 3.4826 3.06651 
-0.108873 -1.16063 1.4796 2.79982 3.39435 3.11879 
0.195503 -1.05788 1.54338 2.67175 2.68571 3.15725 
0.719072 -0.826991 1.56352 2.42938 1.46463 3.16591 
1.29721 -0.555369 1.55903 2.15424 0.121992 3.1579 
1.80052 -0.312495 1.54651 1.91044 -1.03319 3.14446 
2.08086 -0.175781 1.54122 1.77067 -1.6484 3.13611 
2.13118 -0.151002 1.54736 1.73881 -1.70431 3.13517 
1.9781 -0.226816 1.56559 1.80194 -1.26122 3.14071 
1.85665 -0.290539 1.58359 1.85173 -0.907183 3.14479 
1.95534 -0.23837 1.58995 1.79111 -1.04893 3.14269 
2.21537 -0.0929767 1.5849 1.6451 -1.51828 3.13703 
2.33289 -0.0241651 1.57527 1.58363 -1.70573 3.13474 
2.15366 -0.119353 1.56351 1.69507 -1.30053 3.13922 
1.51992 -0.466668 1.55011 2.06988 0.0144235 3.15332 
0.680513 -0.928074 1.53818 2.55533 1.7358 3.16544 
0.124713 -1.2321 1.53142 2.8606 2.87737 3.15993 
0.0129956 -1.28963 1.52999 2.89373 3.1188 3.13408 
0.238925 -1.16012 1.53145 2.72737 2.67778 3.0987 
0.602169 -0.955201 1.5323 2.49219 1.96196 3.06928 
0.982497 -0.74186 1.53102 2.26423 1.21442 3.05339 
1.31528 -0.55593 1.52755 2.08002 0.564357 3.05164 
1.57388 -0.411959 1.52268 1.94959 0.0634358 3.06031 
1.75465 -0.311672 1.51761 1.86778 -0.28327 3.07372 
1.86485 -0.250717 1.51355 1.82327 -0.492609 3.0861 
1.91388 -0.223662 1.51142 1.80519 -0.585062 3.09295 
1.94939 -0.204094 1.50974 1.7929 -0.651708 3.09854 
2.11498 -0.113255 1.49959 1.74801 -0.957601 3.13434 
2.32857 0.00180278 1.47429 1.75532 -1.32573 3.23142 
2.44056 0.0582283 1.43341 1.90012 -1.45718 3.39176 
2.35459 0.0107364 1.40591 2.05856 -1.21698 3.47521 
2.17002 -0.0643058 1.47179 1.69139 -0.961871 3.09888 
2.11604 -0.0234785 1.69352 0.293941 -1.27376 1.96399 
2.16897 0.0864326 1.95181 -1.38709 -1.87739 0.651154 
2.22404 0.165761 2.09957 -2.38645 -2.27882 -0.121121 
2.24688 0.195047 2.13273 -2.66504 -2.39941 -0.33726 
2.24981 0.192757 2.07866 -2.43107 -2.32202 -0.159647 
2.25759 0.193999 1.99742 -2.10412 -2.21811 0.0872996 
2.30488 0.248303 1.9572 -2.21232 -2.30796 -0.00681134 
2.37464 0.333934 1.83594 -2.16945 -2.37445 0.000433209 
2.51025 0.552602 1.49693 -2.04953 -2.51025 -7.03285e-08 
2.61974 0.846449 0.979617 -1.82607 -2.61974 1.24943e-08 
2.65867 1.03602 0.618012 -1.65404 -2.65867 -1.10042e-07 
2.67321 1.15736 0.376251 -1.53361 -2.67321 1.31843e-08 
2.67774 1.22186 0.242835 -1.46469 -2.67774 1.74637e-08 
2.67951 1.24801 0.1905 -1.43851 -2.67951 9.40548e-09 
2.68132 1.26577 0.172954 -1.43872 -2.68132 -2.97544e-08 
2.68038 1.2323 0.297716 -1.53002 -2.68038 -1.11247e-07 
2.67987 1.22384 0.38661 -1.61045 -2.67987 -6.56859e-08 
2.68121 1.24681 0.371293 -1.6181 -2.68121 -8.34967e-08 
2.68701 1.3385 0.236224 -1.57472 -2.68701 -6.00826e-08 
2.68946 1.37686 0.177565 -1.55443 -2.68946 -4.71216e-08 
